.Random.seed <-
c(403L, 624L, 1638542565L, 108172386L, -1884566405L, -1838154368L, 
-250773631L, 919185230L, -1001918601L, -1002779316L, -321961507L, 
1781331706L, 1166440499L, -117712936L, 58314745L, -938201242L, 
1844978351L, -869947100L, 216221141L, 576699538L, 533687019L, 
1819381040L, 675905393L, 2110048894L, 2136771815L, 1026265084L, 
-1037166387L, -285653718L, 1263109283L, -1975616120L, 1576168937L, 
-123742058L, 244715039L, 1526718932L, -1087137083L, 1442050242L, 
676570459L, 800852192L, -823755935L, -566904402L, 1696695895L, 
906100396L, 1479781309L, -321511590L, -1503089389L, 1068470072L, 
2031323097L, 2053295558L, -749218417L, -2000861564L, 1655319477L, 
-768462606L, 262110155L, 399143056L, -983338159L, -1865452322L, 
-202515513L, 1164515676L, 80673453L, 1462142346L, 1143665027L, 
-1238758168L, 255598025L, 1584402166L, 1601468671L, -748103884L, 
1964374181L, -656573150L, 1708781115L, -1898462144L, 469722945L, 
-888865778L, -807891657L, -53747700L, -1448147555L, -905087046L, 
-208186893L, 289994392L, -2104807495L, -895837146L, -1276970897L, 
-1949461532L, -133824107L, -327625390L, 1424620715L, -572587024L, 
45700913L, -284602562L, 850959015L, -1739238724L, -1539126131L, 
-1167198742L, -713765277L, -1419293624L, -857752151L, 695563606L, 
-1621470241L, -2055832428L, 1623803525L, 4667778L, 276211483L, 
-593809504L, -1185922271L, -1144033682L, 1545929751L, -1359974036L, 
-1111928963L, -1511325670L, -867539245L, -979366408L, 1876477849L, 
1515428486L, 777096015L, -961638076L, -2006005899L, -1471436366L, 
1172761995L, -1584969904L, 2135108369L, 2097830302L, 24430983L, 
-498582500L, 453086829L, 1122473546L, -329311421L, 936262568L, 
1691700617L, -515372106L, 452959935L, 947966452L, -1681554331L, 
1229530594L, -1939746821L, 836651776L, -2083451135L, 992809166L, 
-1111561481L, -1899515188L, 751470941L, -1333348230L, -340137037L, 
546100568L, 217337721L, 388352230L, 1029410351L, 1454915236L, 
190610773L, 1220718098L, -724677013L, 832256688L, -705106191L, 
-345336834L, -2116392857L, 2073679228L, -1618788275L, -1498716502L, 
-1843275741L, -1791567096L, 555011433L, 1501549078L, -82028129L, 
-538978476L, 2072162885L, 1023099458L, -640456485L, -1820780960L, 
1417267937L, -1615469778L, 73286103L, -1968593876L, 1264235325L, 
-1510432550L, 689823891L, 1374112952L, -1579825319L, 984164166L, 
-1212612337L, -2059232252L, -1270406347L, 485876338L, -1881661621L, 
1223876112L, -1647140143L, -1228800418L, 832665415L, 1755455196L, 
608166445L, 668034826L, -336263933L, 1769548392L, -946455223L, 
-1313552266L, 1147700351L, -1695839052L, -1854353371L, 1886752418L, 
-1794936389L, -230452800L, 4355777L, 201450894L, -1682241353L, 
1022248332L, 702663965L, -833046214L, 2007909747L, -175672296L, 
-227201223L, 1249228198L, 1344398319L, -945444508L, -223954667L, 
2147305170L, -1589878741L, -1905905296L, 1774732977L, 665360574L, 
-360581593L, 1505302588L, 1471116301L, -1804494998L, 990945763L, 
-965924408L, -1705927383L, 1434382038L, -677634209L, -1258556908L, 
-1423974907L, -2066740478L, -165025125L, 722844960L, 1478693537L, 
1856575470L, 1267548055L, -336750868L, -1797794051L, -37813862L, 
-425518509L, 323308408L, 1053460249L, 404976646L, -1790036273L, 
-1086757180L, 1911766773L, -655303886L, -818736885L, -1798490928L, 
-925771119L, 1387684638L, -499915513L, -1422474852L, -1538656787L, 
1185150922L, -592662845L, 703256872L, 1463741705L, -59357898L, 
1903110719L, -1519843468L, -772809755L, 656586594L, -780217477L, 
113744000L, 689151617L, -2109506994L, 931980919L, -1979738036L, 
347394269L, -1807517190L, -1590403277L, 519623384L, 1120784121L, 
-1052089754L, -235538001L, 961926180L, 430224597L, -1696030830L, 
2079601131L, -620763088L, 1172790897L, 411262334L, -1435548697L, 
1702042364L, 814180301L, 612403242L, 1241590691L, 2110404744L, 
945171689L, -1439511658L, -1432771297L, 260754644L, 1264634309L, 
277189570L, -1757795237L, 976298976L, 1007426145L, -848753490L, 
-546177705L, -1250145876L, -302990659L, 2113806938L, -291892205L, 
-126219720L, 913770201L, -1350401850L, -1395577713L, 793964932L, 
221452981L, 1157403634L, -1514683701L, -875148400L, 1744884305L, 
631736286L, 820777671L, 1019618396L, -555759187L, -1608562550L, 
407246979L, 400771048L, -208708407L, -1370717706L, -137129985L, 
-1028046284L, -1729452123L, 101752866L, 1402205499L, 1714052928L, 
1443137089L, -1565405426L, 519341111L, -1195660532L, 553882781L, 
856095418L, 839661811L, -341773928L, -843174215L, -1738289370L, 
-392704145L, -964116764L, -1407815531L, 1648670802L, -424295509L, 
-1104650512L, -1307167183L, -222633410L, -1084075609L, -1853366852L, 
1305156493L, -1214760726L, -122456733L, -1173485752L, -1159562071L, 
-1537513386L, -1445664033L, -1169397868L, 2013623685L, -656679806L, 
-1362874853L, 395004576L, 938795553L, 548782446L, 768375575L, 
-1978286996L, 1785028221L, -1217002726L, -356332077L, -1337620232L, 
949700249L, 2105953670L, -1543380401L, 1347370052L, -1849248139L, 
-1982264142L, 1965438091L, -187817392L, -1558214127L, -1001034594L, 
-74841977L, 1880114972L, -675193491L, -184329910L, -1199488445L, 
-1843235160L, 1011321993L, 1945599670L, -313150017L, 496778484L, 
-500616347L, 1711229154L, -318580997L, -953424384L, -1630196223L, 
839705550L, -1615732233L, -874349108L, 1116608605L, -1687995526L, 
-1275735373L, 1782567000L, 587615865L, -1400767514L, -1178114769L, 
1241409956L, -1782846379L, 1590792466L, 591467883L, -1633708624L, 
-1240150543L, -1425070338L, -417652889L, -1867030404L, -1824878771L, 
1853401514L, 1088913187L, 972592648L, -1581872023L, 1354286358L, 
-888278881L, 1073791572L, 214819141L, -1768757950L, -293081125L, 
-639356576L, 1134389729L, -1924188626L, 1683798231L, -864424148L, 
-571096515L, -85548070L, 1155352467L, -1452816456L, -1258863015L, 
-1091642810L, -526362609L, 1559119620L, -881978827L, -1874442894L, 
1597924939L, -696993520L, 1642987985L, -2088758946L, -540168633L, 
1473587676L, 1387180333L, -972019190L, -1759630333L, -1217895064L, 
-1859683255L, -1170785418L, 666213247L, -1596852300L, 1768652581L, 
1605284258L, 797669563L, -1601426240L, -616196671L, -1256933234L, 
-947585097L, -2043408244L, 756309021L, 2115517498L, 1890659443L, 
1771400984L, -1838797255L, -1704662874L, -1421559057L, 1584845924L, 
-2108348395L, -649123374L, 861284139L, -1557820304L, 430122417L, 
-163566658L, -1621512921L, -708730052L, -1533689075L, 702667370L, 
-597866269L, 2085217480L, 747789353L, 2081087958L, -1006324129L, 
-345514732L, -1518727931L, -1033196030L, -934973029L, 1476122656L, 
382054817L, -134911250L, 1893906071L, -1620516372L, -597563907L, 
1494221978L, 648642899L, 312526456L, -615840231L, 1887184646L, 
-2006151729L, 1341133252L, 1172909557L, 17055282L, 1170233355L, 
-141946928L, 1277966737L, 2011657758L, 997661703L, -959132516L, 
-748174099L, 1409661642L, 1306318275L, 1718948904L, 300887049L, 
-1379157962L, 1018380607L, -149261708L, -1435399451L, -874587550L, 
1827527291L, 688599936L, -1558856319L, 1888046414L, 1680727415L, 
1785750348L, 1414946781L, 1273363706L, 1912489523L, 2019675608L, 
731762169L, -1093888666L, -1026568017L, 1588723492L, -576576555L, 
-629308782L, -659228437L, -1300610256L, 1686191473L, 1225650302L, 
635304679L, -1821989380L, -442714419L, -1970025686L, 1154798243L, 
-1077808248L, 1530260457L, -1290682730L, 175717407L, -951994412L, 
-1647707963L, -1792854334L, 1841083227L, 680672992L, 690862433L, 
90726318L, 18773079L, -442329940L, -1184249411L, -1565383334L, 
2045213459L, -625965768L, -1688828455L, 1324233670L, -2128182385L, 
-468411260L, 1291323829L, 1154676466L, -898889269L, -1630656880L, 
-912641711L, 1984666334L, 742803911L, 1338978140L, -1649633107L, 
-1616639094L, 914177923L, 1040745192L, -1637966903L, 997520630L, 
-2112968961L, -1959416524L, -520399195L, 1129300770L, -1226179525L, 
1466497600L, 1308992833L, 1764401678L, 57441079L, -1151896052L, 
-334224483L, 898399674L, -2120409101L, -446370664L, -1100141127L, 
913900070L, -970414481L, 1701833188L, -748494955L, 723295058L, 
-1793226069L, 1935522288L, -563145423L, -667388610L, 2020083879L, 
