"CCA.qbr" <-
structure(c(0, 0, 0, 0, 0, 0, 0, 0, 0, 1, 0, 0, 2, 0, 2, 1, 11, 
1, 3, 5, 10, 9, 11, 7, 11, 7, 5, 8, 8, 5, 4, 1, 4, 1, 5, 2, 9, 
4, 4, 6, 6, 4, 9, 4, 2, 6, 3, 2, 7, 0, 2, 5, 4, 6, 3, 2, 7, 2, 
1, 1, 1, 0, 1, 0, 0, 0, 0, 0, 0, 0, 0, 0, 0, 0, 0, 0, 0, 2, 1, 
0, 1, 1, 1, 0, 0, 1, 3, 4, 1, 3, 0, 2, 2, 2, 5, 0, 7, 4, 3, 3, 
0, 0, 2, 2, 1, 5, 3, 1, 2, 0, 1, 2, 2, 1, 0, 0, 2, 1, 0, 0, 1, 
3, 0, 0, 1, 0, 0, 1, 0, 1, 0, 0, 0, 0, 0, 0, 0, 0, 1, 0, 0, 0, 
1, 1, 6, 15, 10, 8, 13, 17, 9, 6, 5, 5, 6, 4, 7, 10, 23, 12, 
11, 14, 7, 12, 9, 15, 8, 10, 3, 3, 4, 6, 2, 3, 0, 0, 0, 2, 3, 
10, 1, 3, 4, 4, 3, 1, 1, 2, 3, 2, 1, 0, 1, 0, 0, 1, 0, 0, 1, 
2, 1, 0, 1, 0, 0, 0, 1, 0, 0, 0, 0, 0, 0, 2, 2, 31, 7, 6, 5, 
24, 12, 8, 6, 9, 7, 10, 4, 7, 16, 13, 11, 3, 13, 9, 7, 6, 9, 
9, 6, 10, 1, 2, 2, 5, 2, 0, 0, 0, 0, 1, 2, 0, 4, 5, 4, 1, 2, 
2, 0, 1, 0, 0, 2, 1, 0, 1, 0, 0, 1, 2, 0, 0, 0, 0, 0, 0, 0, 0, 
0, 0, 0, 0, 2, 1, 2, 17, 27, 29, 21, 18, 27, 13, 7, 15, 15, 7, 
5, 16, 23, 26, 42, 11, 8, 17, 13, 9, 20, 9, 7, 12, 8, 2, 6, 5, 
6, 3, 2, 3, 3, 1, 5, 1, 4, 1, 12, 7, 5, 5, 2, 1, 2, 4, 1, 3, 
0, 1, 1, 0, 1, 1, 1, 1, 1, 0, 1, 0, 0, 0, 0, 0, 0, 0, 0, 0, 0, 
0, 1, 3, 10, 9, 8, 12, 8, 8, 4, 11, 6, 6, 3, 7, 4, 30, 7, 6, 
7, 9, 7, 9, 2, 2, 4, 3, 1, 5, 0, 3, 0, 0, 1, 1, 1, 1, 4, 6, 2, 
2, 1, 1, 1, 0, 1, 1, 0, 1, 2, 0, 0, 0, 0, 0, 0, 0, 0, 0, 0, 0, 
0, 0, 0, 0, 0, 0, 0, 1, 2, 3, 4, 14, 31, 19, 12, 13, 25, 7, 7, 
4, 4, 7, 7, 5, 7, 14, 16, 11, 5, 6, 8, 4, 9, 2, 5, 7, 2, 1, 2, 
1, 1, 0, 0, 1, 2, 2, 2, 1, 2, 3, 3, 1, 0, 2, 1, 1, 2, 1, 3, 0, 
1, 0, 0, 1, 0, 0, 1, 0, 1, 0, 0, 0, 0, 0, 0, 0, 0, 0, 0, 1, 0, 
0, 1, 2, 4, 0, 4, 4, 0, 2, 2, 2, 2, 2, 5, 1, 3, 0, 1, 1, 1, 2, 
2, 2, 0, 1, 0, 0, 1, 1, 0, 0, 0, 0, 1, 2, 0, 0, 0, 0, 0, 0, 0, 
0, 0, 0, 0, 0, 0, 0, 0, 0, 0, 0, 0, 0, 0, 0, 0, 0, 0, 0, 0, 0, 
0, 0, 0, 2, 13, 27, 145, 54, 32, 45, 58, 36, 13, 13, 14, 7, 3, 
5, 5, 4, 4, 2, 10, 8, 13, 5, 3, 5, 1, 5, 4, 3, 2, 7, 1, 1, 0, 
2, 1, 1, 0, 1, 0, 3, 1, 1, 2, 0, 2, 1, 0, 4, 1, 0, 0, 0, 0, 1, 
0, 0, 0, 1, 0, 0, 0, 0, 0, 0, 0, 0, 0, 0, 0, 0, 0, 0, 0, 1, 2, 
2, 3, 4, 5, 3, 1, 0, 1, 0, 3, 3, 1, 2, 1, 2, 2, 4, 1, 1, 1, 2, 
1, 2, 1, 1, 2, 0, 0, 0, 0, 0, 0, 0, 0, 0, 1, 0, 1, 0, 0, 0, 0, 
0, 0, 0, 0, 0, 0, 0, 0, 0, 0, 0, 0, 0, 0, 0, 0, 0, 0, 0, 0, 0, 
0, 0, 0, 2, 2, 3, 4, 7, 21, 7, 6, 12, 5, 6, 3, 1, 2, 0, 0, 1, 
0, 1, 0, 0, 0, 0, 1, 0, 0, 2, 0, 0, 0, 0, 1, 0, 0, 1, 0, 0, 0, 
0, 0, 0, 0, 0, 0, 0, 0, 0, 0, 0, 0, 1, 0, 0, 0, 0, 0, 0, 0, 0, 
0, 0, 0, 0, 0, 0, 0, 0, 0, 0, 0, 1, 5, 5, 3, 3, 5, 3, 2, 7, 8, 
6, 2, 3, 2, 5, 1, 0, 1, 1, 0, 2, 2, 1, 0, 0, 0, 2, 1, 0, 1, 2, 
0, 2, 2, 0, 1, 3, 0, 1, 1, 0, 0, 1, 0, 1, 0, 0, 0, 0, 2, 0, 4, 
0, 0, 0, 0, 0, 0, 0, 0, 0, 0, 0, 0, 0, 0, 0, 0, 0, 3, 6, 20, 
72, 62, 39, 24, 31, 21, 26, 50, 80, 28, 10, 9, 13, 9, 4, 5, 3, 
4, 4, 0, 1, 2, 1, 1, 3, 1, 1, 3, 1, 1, 4, 1, 3, 1, 0, 0, 0, 0, 
0, 0, 0, 0, 1, 0, 0, 0, 0, 2, 0, 0, 0, 1, 0, 0, 0, 0, 0, 0, 0, 
0, 0, 0, 0, 0, 0, 0, 0, 4, 4, 2, 11, 15, 16, 26, 13, 6, 4, 6, 
7, 4, 5, 19, 11, 1, 3, 4, 1, 2, 2, 2, 2, 0, 0, 0, 0, 0, 0, 0, 
1, 0, 0, 0, 0, 0, 0, 0, 2, 0, 0, 0, 0, 0, 0, 0, 0, 0, 0, 0, 0, 
0, 0, 0, 0, 0, 0, 1, 0, 0, 0, 0, 0, 0, 0), .Dim = as.integer(c(70, 
14)), syrs = c("1986", "1987", "1988", "1992", "2001", "2004"
), cyrs = c("1984", "1985", "1989", "1990", "1991", "1993", "1996", 
"2000"), .Dimnames = list(c("1", "2", "3", "4", "5", "6", "7", 
"8", "9", "10", "11", "12", "13", "14", "15", "16", "17", "18", 
"19", "20", "21", "22", "23", "24", "25", "26", "27", "28", "29", 
"30", "31", "32", "33", "34", "35", "36", "37", "38", "39", "40", 
"41", "42", "43", "44", "45", "46", "47", "48", "49", "50", "51", 
"52", "53", "54", "55", "56", "57", "58", "59", "60", "61", "62", 
"63", "64", "65", "66", "67", "68", "69", "70"), c("1984", "1985", 
"1986", "1987", "1988", "1989", "1990", "1991", "1992", "1993", 
"1996", "2000", "2001", "2004")))
