.Random.seed <-
c(403L, 468L, 945697833L, 225814889L, 204604801L, 1628833335L, 
344060704L, 748482931L, 224050627L, -1706050947L, -1812873894L, 
1659523155L, 1265850903L, 1817317275L, -229434957L, 1339716311L, 
-1319295396L, -908191071L, -1983504091L, 2130572550L, -1892599222L, 
151057061L, -2100394784L, 59588591L, 2064784985L, -1823065519L, 
1744072509L, 1569230227L, -805671761L, -1859956194L, -155163167L, 
2069760824L, -1491645290L, -2083091320L, -144283441L, -1315218362L, 
-707374899L, -555778094L, 1026669400L, 14119931L, -301563533L, 
1027263999L, 45729014L, -1003165262L, 735621559L, -1392363200L, 
1668633257L, -737605434L, 1823338265L, -529804231L, 474756475L, 
1515779535L, 1305268364L, -1651782932L, 489298001L, 1875288285L, 
-488178097L, -2071004519L, -1834449712L, -1044145513L, -1399090197L, 
-861871366L, -1626774564L, 1194902130L, -405860600L, -1821812213L, 
952704774L, -721925261L, -1337010976L, 1266464730L, 1015407921L, 
741642011L, -1363471548L, -1192400388L, -683724474L, -175772941L, 
-641890737L, 1833995122L, -799634218L, 1066675373L, 1039370517L, 
740903855L, 98170034L, 297222734L, 1124119372L, -1577878812L, 
1073632902L, -577581129L, 80271090L, -1514825118L, -1547899023L, 
648614425L, 973566920L, -42973046L, -76571525L, -92874426L, 1195621576L, 
1796352710L, 1105845438L, 355353418L, -1659048989L, -42574604L, 
-1661729367L, -908823841L, 694299445L, 1320822309L, -314124716L, 
2020062269L, -651222824L, -548939397L, 1490991346L, -151436193L, 
1408170733L, -891036299L, -278962013L, 1398970581L, 851238302L, 
1932054410L, -436934344L, 2019471915L, -1259861626L, -1776278888L, 
1420857541L, -1847872069L, -678729012L, -334403041L, -349481688L, 
-351631329L, -1369432460L, 1710710130L, -1270484381L, -801206268L, 
424736247L, 1931652541L, 1541142290L, 388015498L, -1754246046L, 
-311190405L, 2026869033L, -1335415122L, 348406425L, 625854798L, 
58101583L, 1484398283L, 722371897L, 205090019L, 1163196832L, 
-1273227722L, 18373737L, -1276761956L, 136525901L, -1778343970L, 
-2081400513L, -1363035272L, -428344355L, -134014706L, -1998924686L, 
-1175889234L, 1590848545L, -778732787L, 1048554415L, 420832428L, 
-189061518L, 749492126L, 270570466L, 254086068L, -760264990L, 
-194102883L, 1209919255L, 1017499394L, 1300627516L, -905874856L, 
614918034L, -1680671376L, -1950828072L, -1318594666L, 687582773L, 
-1303849693L, 1312317136L, 754212302L, -310818173L, -443977655L, 
-2099185846L, 1239389759L, -612361514L, 148231300L, 1826222426L, 
1966291941L, -1490325580L, 150126437L, 2109968535L, 876844194L, 
-1902226251L, 367818627L, 784946016L, -1672675529L, -728688086L, 
-437023921L, -2093630276L, -761238437L, -354469744L, 1596430456L, 
47001177L, 1124441013L, 220594602L, -1019461134L, -1291349766L, 
680610381L, 578375908L, -208610846L, 1696358444L, 518595145L, 
-728414387L, 444004773L, 1828213937L, -1377696096L, -120813947L, 
-20127098L, -153897863L, -1211228403L, -76654625L, -1991557214L, 
-1137395706L, -1924758791L, 73016431L, 2067910015L, 1720531252L, 
581823463L, -773894647L, 1526360496L, -1074975411L, 220431093L, 
-259992417L, -1232781504L, 1672270750L, -730076075L, 962791410L, 
1301037543L, 1032887819L, -2141358068L, 2015079234L, -300715970L, 
-435571277L, 903599443L, 1873589313L, 1315016196L, -982565450L, 
-950596555L, -854180591L, 2076804619L, 541288954L, 365592776L, 
-1705884138L, 1070883341L, 1322740961L, -956427828L, 181826807L, 
-1940299541L, -751704878L, -459345287L, 2011206763L, 225128935L, 
1554856904L, -80135171L, -1291985529L, 155939951L, 539141674L, 
1143486544L, 2078122775L, -481843750L, 32395699L, -680118043L, 
1890691145L, -353788945L, -1098878431L, -46517752L, 413009506L, 
341131000L, 71881837L, -1844083125L, -267647857L, -1155015440L, 
-1666274092L, -222375170L, -1130052887L, -1885680122L, -1400026842L, 
-147613131L, 524826298L, 256032878L, -146303149L, -1834757262L, 
1067225707L, -1093563822L, 2097249841L, 1064181439L, -1009998643L, 
-2022914353L, 1745710716L, -1544051180L, -681843026L, -2122315956L, 
-592706792L, 1879388921L, 205466321L, -197247978L, 2147285276L, 
75138936L, -1014397353L, 1618079351L, -767851014L, 662330607L, 
146869553L, 913485007L, -1532657085L, 1307987899L, 1126313401L, 
1045952230L, -2145374412L, 951339735L, 1778388876L, -1576107805L, 
1320333052L, -1723938280L, 1059852184L, -824546435L, 1919732682L, 
-716398671L, -283908102L, 206940019L, -1305046174L, -86786728L, 
1689923641L, 232802730L, 508277889L, 895719144L, -930163008L, 
-163855557L, 44599551L, -551319296L, 1168107180L, -1561810928L, 
938450715L, -509338575L, -330551098L, 85712300L, 1860531921L, 
-1413663172L, -343729037L, 845791442L, -1919613678L, -2129499561L, 
-833497183L, -123837398L, 1273031625L, 1805885312L, -1021953587L, 
473290605L, -1441845761L, -201573125L, -768180368L, 1013989880L, 
215637863L, 1600990179L, 2442251L, -1557700638L, 1090529796L, 
1943626888L, -391938367L, -925861492L, 1740063944L, -1386724016L, 
-1149420751L, 1689461111L, 405698542L, 30072733L, -382071398L, 
-1617385354L, -235947959L, 1154714959L, 1087492049L, 1037640580L, 
682577513L, -174543279L, 423511854L, -1362233544L, -1817439172L, 
-2078472222L, 707058102L, -1540538553L, 1647800319L, 91934206L, 
1751027109L, -1915051881L, -159958201L, -753866294L, -1917589300L, 
-1680626881L, 428631664L, 795994896L, 1116893452L, 1040035439L, 
241435579L, 264372393L, 335629188L, 1501570804L, 578605692L, 
-725008959L, -1603801682L, 9279021L, -465193364L, -676639540L, 
-1579890794L, 513693550L, 1639169662L, -1338134869L, -770879370L, 
1134913861L, -998987108L, 1130907688L, 719517316L, -2102753825L, 
436963740L, -1572801555L, 65973830L, 176116138L, 1644395119L, 
-1956804340L, 1435116660L, -1190349817L, 2121048747L, -799857474L, 
31646346L, 592271254L, 1777207390L, 1014308234L, -677771245L, 
760553518L, 52737647L, -1795689508L, 1443759605L, -1139513257L, 
-863374193L, -55807682L, 475124161L, -1095038744L, -959231860L, 
-1327386099L, 954010556L, 1150318905L, 726639703L, -78233383L, 
304463196L, -965328699L, 718742699L, 875503537L, 100121424L, 
-118139481L, 82740371L, -1332714432L, 625189125L, -1466236767L, 
-1096713690L, -167886518L, 556809521L, -1370208298L, 695882901L, 
405795250L, 109660698L, -50347293L, -1922857286L, -1948504795L, 
-2044833340L, 1621470777L, -1986856868L, -1070154999L, 803325510L, 
1275946333L, 1253571653L, -1669605092L, -619796713L, 1552205467L, 
-66092258L, -1851986146L, -1068421712L, 1519956840L, -1744832167L, 
661500434L, -1325678953L, -1121500490L, 1121086281L, 1794946136L, 
199848163L, -232590393L, -836929101L, 1785416867L, 1564563848L, 
-919420642L, 626221790L, 535488038L, -36837979L, -1357859685L, 
405343880L, -338417129L, -1763654951L, 1035586775L, -1596603536L, 
350826578L, -599117427L, -2013991409L, -53020467L, 225267285L, 
963751641L, 1040691062L, 442357663L, -929934769L, -476201653L, 
-1534143701L, -1448725509L, -1032015499L, -969625173L, -362866442L, 
-2057742489L, -622606137L, 2034558377L, 780342346L, -461650793L, 
2143290380L, 1225754631L, -1405408896L, 5968826L, 1731719329L, 
-1090352260L, -2118183938L, -347299528L, 1617946023L, -1272511615L, 
1550962678L, 1137870791L, -1078647115L, 1714652764L, -1773300224L, 
-1422235576L, 1554617419L, 345807613L, -1606086907L, 358875001L, 
-1625180149L, -1521776190L, 3445335L, -732243614L, 859658347L, 
171553849L, -750623974L, 1914409439L, -52391430L, 559234054L, 
-883573553L, -1162262084L, 2086144853L, 929758751L, -1784528244L, 
284405390L, -2031832540L, 717696641L, 1645048934L, 979942643L, 
-270323978L, -1024076929L, -2019785822L, -429667620L, -1407049338L, 
1259578010L, -1960770945L, 1690717538L, 698353942L, 363943703L, 
-587870160L, -536634704L, 472753698L, -1047528017L, 1164741277L, 
-1573293048L, -1606025416L, -1656043603L, 1893194321L, 883383509L, 
30325123L, -798234686L, 163701834L, -967989149L, -111388109L, 
1976425251L, -1207427020L, 1753806097L, -2012107728L, 2018282330L, 
