.Random.seed <-
c(403L, 10L, 32536992L, 571719267L, -1111120127L, 423556720L, 
1458344462L, 1578801785L, -435763701L, 1419458362L, -1532531140L, 
1790662015L, 590100181L, -354126100L, -1739282366L, -1024077923L, 
-902758889L, -1838046338L, 571806008L, -81838565L, -499015815L, 
-1329493560L, 808269302L, 1456158769L, -28478877L, -441528782L, 
-484770940L, 1434786247L, 1316892829L, 1211861012L, -640287046L, 
-1074868475L, -1039975201L, -458011290L, 1971808496L, -227136493L, 
-576413263L, 469941344L, 2011879934L, -424149623L, -1560921413L, 
1616610954L, 1047875948L, 302139119L, -1464745691L, 1474740188L, 
-1014821454L, -1601717075L, 709696615L, 564364174L, -1173781400L, 
-1203675029L, -457258487L, -1923509096L, 1870227398L, 1525611297L, 
-1221519437L, -428097758L, 1415237908L, -1796955753L, -2126495347L, 
2056464548L, -956595574L, 799357173L, 1692823375L, -1916250026L, 
-1427766528L, 696768067L, -226570783L, -1012008624L, 619646894L, 
1244865881L, 2100036459L, 1729790682L, -140987492L, -2059612257L, 
1580504565L, 636123276L, 1510439266L, -535382723L, 1517557175L, 
-1749630370L, 2056217496L, -1313649925L, 1365557913L, 1822591784L, 
-1257678378L, -1121860015L, -977246973L, 1569749138L, 987475492L, 
1524568295L, 1987102013L, -961207884L, -455188966L, 1370283365L, 
769926143L, -2040642938L, 379978256L, 938719411L, 641209169L, 
-761610496L, -1779864098L, -1971153367L, -1926177317L, -83746070L, 
-1390997364L, 152371151L, 697816965L, -1105382340L, 674690322L, 
1802600973L, 1360664903L, -2126206162L, 1129375368L, -489844853L, 
1910783849L, 2131194168L, 760032230L, 1153932161L, 1373827859L, 
822000834L, 242145140L, 248552311L, -1319895955L, -1557245180L, 
-601912790L, -1128913003L, 15649839L, 1095337270L, 2078444896L, 
-1301984349L, -523989823L, 1767148720L, 431352782L, -135876807L, 
1311838027L, -916349702L, 1896113660L, -441739713L, 910150421L, 
-1427814356L, 1908734210L, -2141556259L, 31494359L, 193444798L, 
-530625032L, 1965570523L, 98867257L, -1084833400L, 1913826614L, 
1690662769L, -374356573L, -1919289102L, -477232060L, -939303161L, 
-308424995L, 745828308L, 1278680826L, 1876894277L, -1210502497L, 
-536747994L, 166077616L, 1876239699L, -1963925391L, -1995792992L, 
1381863742L, 881238089L, -481491717L, -1789727542L, 168178220L, 
-436312529L, 1490659045L, 824470428L, -418980366L, 1654327405L, 
-1777565273L, -1918528562L, -1715381976L, -1170281685L, 866289993L, 
-1981751720L, 405360390L, 1727863521L, 1715850867L, 1082037986L, 
-1180464556L, 13161303L, -208906419L, -811865372L, -140905782L, 
1171983157L, 1922793871L, 253949590L, -1130850752L, 271789827L, 
-861149407L, 379957264L, 551397358L, 525289369L, -262528981L, 
-904055526L, 438204380L, -491529761L, 1581383093L, 1918880588L, 
-423712350L, 612165885L, 1614460407L, 778916638L, -453718568L, 
-516610245L, 370249945L, 936164456L, 2042462614L, 437109009L, 
-1088228669L, -1544942894L, 599358308L, 1287909031L, -1957865475L, 
-666725900L, -1520328998L, 870670373L, -133796545L, -1714494778L, 
750931792L, 905891699L, -2035953263L, 1114696380L, -745457712L, 
-2000463518L, -1882064152L, 730100940L, -1603761668L, -589553166L, 
-1432362880L, -382525964L, -298173816L, 1707702074L, 405875024L, 
-1928271764L, 619365780L, -1083900846L, 835797472L, 1965924556L, 
1232366240L, -675618430L, 387667176L, 1547352812L, -537370308L, 
-891216782L, 555384432L, -13957596L, -1761308616L, 865588506L, 
-1958178608L, -41976516L, 777609108L, -671324286L, 231153600L, 
2021420604L, 1398165904L, -2049833950L, -2014052088L, 774902924L, 
1638400796L, -1222917998L, -432189056L, 284240916L, -1125816536L, 
-285462982L, -1102970416L, -958459540L, 1821863860L, 1863476754L, 
-645319712L, -117664308L, 8496352L, -1954596830L, 1570193192L, 
285296140L, -1034806468L, -512746510L, 1417941744L, 1244897860L, 
1701869144L, -590700742L, -140428304L, -701165892L, -938046188L, 
1688449218L, 1998308448L, -296595076L, -811778096L, -1141364446L, 
1170431656L, 1341784972L, -828250948L, 1082861362L, -1105489344L, 
-1836651340L, 2138784840L, 424583610L, -651153904L, 2144348396L, 
922779988L, 93331218L, 645240224L, 1470704332L, 1242433120L, 
1420443586L, -749487320L, -1757522516L, 1511545148L, -1186879630L, 
-912148176L, 1234923300L, -697291464L, 1344645850L, 649971600L, 
-462048516L, -113373292L, 472864834L, 1872846080L, 1866363964L, 
-1111894704L, 1228646562L, 434755400L, -97857780L, 38415068L, 
-828196014L, 334529152L, -438761388L, -1925671960L, 992069370L, 
725348688L, 2060921644L, -2027999372L, 1593289618L, 504241760L, 
1642643340L, 955073376L, 537567202L, -1127784536L, 1817011404L, 
-39735812L, 1243112370L, -1737952784L, 55390660L, -385973928L, 
-1027185286L, 2056135088L, -2022625348L, 505913428L, 947053506L, 
-349217760L, 259128508L, 1675338320L, -1250056222L, -2016973208L, 
623344204L, 1789526268L, 1896534002L, 1009947904L, 1476120436L, 
474959880L, 544361914L, 1635206608L, 1331903468L, 1836707732L, 
661185490L, -1364240544L, -959967924L, -96764640L, 1443382146L, 
1909523176L, 1751991532L, -588934596L, -963071118L, 1137871472L, 
-1208950748L, 1855860536L, -351628134L, -462210352L, 1383442620L, 
-1574693228L, -1625633150L, 1842482368L, 980902204L, -944416624L, 
-92024286L, 1210232328L, 1852852492L, -244532580L, -312330734L, 
2014365056L, 152643092L, 349494824L, 1045771578L, -1109432368L, 
-699260308L, -365293772L, -322123118L, 263178592L, -1469163188L, 
263864288L, 37169058L, 759328680L, 1548260236L, -1460717892L, 
1350679410L, -1825203984L, -1642188732L, -156193448L, -1255480262L, 
679648112L, -338826180L, -1892224236L, 785736130L, -1695498016L, 
-1763350660L, -731011376L, -615106910L, -1530237912L, 1335677196L, 
-1492100164L, -475882190L, 267859904L, 210117172L, 301661128L, 
603899066L, -1975382128L, -273990164L, -1905663916L, 161189522L, 
-153070816L, -702589492L, 1833458656L, 1621396162L, -1246737880L, 
1408214700L, -1274795332L, -2045806094L, 1582844208L, 2029329572L, 
-252147016L, -1975323814L, 146830736L, -1683013252L, -968403692L, 
-1957777086L, 566344448L, 797391804L, -158538928L, -847193822L, 
-1917561804L, -1549758L, 613731927L, -1242192479L, -1244871066L, 
-255859100L, 420709781L, -1766943041L, 1558203992L, -735069578L, 
-1492978045L, 1309043397L, 140310498L, 1809039952L, 1001940857L, 
616979627L, -2123410404L, 76063562L, 1563083583L, 1441131913L, 
-1946724962L, -1502704564L, 649297437L, 1208243111L, 91625168L, 
-740661138L, -1679794405L, -1728749443L, 8932970L, 864718600L, 
2049257393L, 1668532259L, -857818844L, 869789138L, 1181724199L, 
-1211492239L, -1790562634L, 920674900L, 1564344037L, -1911416081L, 
-1445292504L, -228220282L, 455261363L, -1748213227L, 973882482L, 
1293164736L, -1497803479L, -49378405L, 2087967852L, 1200382074L, 
1340852655L, 995410105L, -1233718578L, -2124722148L, 169436045L, 
211443191L, -1166757632L, 650125150L, 1465731115L, -1642387667L, 
1969286042L, -1744598696L, -873247551L, 979565427L, 1174706324L, 
-1046782686L, 1407523895L, 1846719745L, -1119291386L, -1946759612L, 
-948463755L, -803263777L, 1145615928L, 1509434902L, -1512793565L, 
-1954368027L, -2143302654L, 1303834224L, -364413927L, 1151827467L, 
-1977025284L, 155128106L, -1368725665L, -1369774359L, 1983186430L, 
873978348L, 210608445L, -990007033L, -137920272L, -1340138354L, 
-1754655045L, 1106552477L, 1841324618L, -590675864L, -500273071L, 
2006934339L, -1485666748L, -1341475598L, -435195705L, 1904345745L, 
1294810134L, 774235764L, 406413573L, 1275936591L, 1114782024L, 
-1250835226L, -1055057389L, 1838423413L, -706911918L, -1499379296L, 
-1871052663L, 1841998011L, -1874164980L, 2130674330L, -1411700721L, 
-1734505383L, -131456786L, -625728644L, -1578151955L, -1236555625L, 
-847621280L, -2034642114L, 461175819L, 1056545933L, 1002585530L, 
2138592248L, -1382314079L, -824145581L, -1127315340L, 1844386306L, 
1771099287L, -1605323167L, -1095319898L, 961824420L, -628444331L, 
173330431L, -748179816L, 330429366L, -1718798269L, 568660357L, 
