# egcm_data.R
# Copyright (C) 2014 by Matthew Clegg

# Data sets used for calibrating the Engle Granger cointegration tests

#  This program is free software; you can redistribute it and/or modify
#  it under the terms of the GNU General Public License as published by
#  the Free Software Foundation; either version 2 of the License, or
#  (at your option) any later version.
#
#  This program is distributed in the hope that it will be useful,
#  but WITHOUT ANY WARRANTY; without even the implied warranty of
#  MERCHANTABILITY or FITNESS FOR A PARTICULAR PURPOSE.  See the
#  GNU General Public License for more details.
#
#  A copy of the GNU General Public License is available at
#  http://www.r-project.org/Licenses/

# The following table was generated using the call
#   egc_adf_qtab <- egc_quantile_table("adf")
egc_adf_qtab <- structure(list(quantile = c(NA, 1e-04, 0.01, 0.025, 0.05, 0.1, 
0.2, 0.5, 0.8, 0.9, 0.95, 0.975, 0.99, 0.999, 0.9999), `25` = c(25, 
-6.82250219242378, -4.46661052588325, -4.00475599937948, -3.66220748383464, 
-3.28216656346919, -2.86590314679678, -2.16913368045838, -1.50075662675211, 
-1.09869456855476, -0.707376464101655, -0.332468251332744, 0.107652360327496, 
1.00709564081704, 1.91846330041794), `50` = c(50, -5.90031369372017, 
-4.24974811950817, -3.89196306810039, -3.59026093887678, -3.25586397493684, 
-2.89293708645451, -2.25351483865642, -1.63274187325847, -1.24282567813493, 
-0.886990250678287, -0.557740434091227, -0.142320559436172, 0.758470475525642, 
1.32529566972668), `100` = c(100, -5.35423335387404, -4.16243361491686, 
-3.83602412929703, -3.55493732070356, -3.25821675368631, -2.90647707985012, 
-2.28872436582548, -1.68389591712136, -1.3247114283679, -0.98259702440316, 
-0.661702171343778, -0.272200443099633, 0.571558557411948, 1.26134849462017
), `250` = c(250, -5.32169658333163, -4.11068853767939, -3.81940000984988, 
-3.56119634309084, -3.26424779449212, -2.92597765126574, -2.31492857507422, 
-1.72444096801193, -1.38783722528013, -1.07095161034388, -0.779374411552248, 
-0.423320784086461, 0.40567187496224, 1.024742338797), `500` = c(500, 
-5.24438771322382, -4.1046678117876, -3.80394774580977, -3.55339441563194, 
-3.27695767692977, -2.94440908560947, -2.33938602148616, -1.74581654896007, 
-1.4132857939648, -1.1169379497244, -0.830141162033237, -0.465778748069809, 
0.385094864798775, 0.964119035978792), `750` = c(750, -5.25983185847632, 
-4.12933224960047, -3.83970653883534, -3.57291092601257, -3.28898463982481, 
-2.94582095357127, -2.34103700922763, -1.74956185549751, -1.41911350392386, 
-1.11329138497356, -0.837265137997805, -0.501527433716493, 0.207037398489134, 
0.853874254435031), `1000` = c(1000, -5.31863097152306, -4.14687976118349, 
-3.82721765117813, -3.57658709189777, -3.29530031385029, -2.95266445456483, 
-2.34541912903951, -1.74677020913492, -1.4303717434034, -1.13415927195089, 
-0.855675386839316, -0.517178696611797, 0.194504972589135, 0.953935200801842
), `1250` = c(1250, -5.34381676607384, -4.10022572980013, -3.82008827402893, 
-3.57080284633046, -3.29051306783958, -2.95763482283479, -2.34815790334682, 
-1.75337613742464, -1.43607541465393, -1.13530579667183, -0.867651555662172, 
-0.52451703983386, 0.163175391030527, 0.79066390181105), `2500` = c(2500, 
-5.48263498988541, -4.10626409894068, -3.81637022589474, -3.57405918222471, 
-3.28863948464811, -2.96305857836569, -2.35770540383653, -1.76998261937848, 
-1.45053398476124, -1.1535106961009, -0.87911223343783, -0.526093269639521, 
0.271375890964498, 0.822501041543799)), .Names = c("quantile", 
"25", "50", "100", "250", "500", "750", "1000", "1250", "2500"
), row.names = c("", "0.01%", "1%", "2.5%", "5%", "10%", "20%", 
"50%", "80%", "90%", "95%", "97.5%", "99%", "99.9%", "99.99%"
), class = "data.frame")

# The following table was generated using the call
#  egc_pp_qtab <- egc_quantile_table("pp")
egc_pp_qtab <- structure(list(quantile = c(NA, 1e-04, 0.01, 0.025, 0.05, 0.1, 
0.2, 0.5, 0.8, 0.9, 0.95, 0.975, 0.99, 0.999, 0.9999), `25` = c(25, 
-31.7483317260169, -22.4259942143006, -20.0891471142396, -18.2228875467491, 
-16.2900282564813, -14.0290911430216, -9.98925085234759, -6.41035091322298, 
-4.70746367352161, -3.3545521937257, -2.20449603515498, -1.00333103816288, 
1.76278039927971, 4.36583517280819), `50` = c(50, -39.8204238377295, 
-27.3302057249438, -24.0799945780677, -21.6516578455852, -19.0697266343428, 
-16.0045124615486, -10.8304998604655, -6.71114279673032, -4.95283812295386, 
-3.58773892769175, -2.53250950500307, -1.33650377090982, 0.849883907175838, 
2.87260613428669), `100` = c(100, -44.7864231243006, -30.638876291843, 
-27.024277485246, -23.9091867343539, -20.5387166669581, -16.8078987859275, 
-11.0424387103879, -6.67592689143081, -4.87340746087305, -3.59267645284015, 
-2.54631521611987, -1.48163658965051, 0.654286425103889, 2.45308734981177
), `250` = c(250, -52.3813922346657, -32.7257688261613, -28.2514965979308, 
-24.7843612597892, -21.193356294857, -17.2952885039841, -11.1154112538718, 
-6.73989823169638, -4.92626694694195, -3.64195105982085, -2.63349537765853, 
-1.5885165993875, 0.382882246362119, 1.72727581682196), `500` = c(500, 
-52.4313893755687, -32.6520179408335, -28.2585583397316, -24.6814868556535, 
-21.0347391176349, -17.0942430028448, -10.9731074618946, -6.60661454001619, 
-4.87079674365988, -3.66571472079707, -2.63806781366398, -1.60795720185688, 
0.474461376434679, 1.7231901818137), `750` = c(750, -51.7027126407095, 
-33.1620272058072, -28.3591110876713, -24.7988360099677, -21.0460064345614, 
-16.9322970862411, -10.8738480586768, -6.58818302982247, -4.83041867050955, 
-3.59149192513659, -2.61647545777101, -1.51292326090877, 0.644757851844955, 
2.48866850121809), `1000` = c(1000, -54.4030728852552, -32.712384272494, 
-28.3999735902766, -24.968962543997, -21.1185117281465, -17.0447483918261, 
-10.8895595879606, -6.55758523630802, -4.80567543136177, -3.56763756304767, 
-2.57884471059726, -1.42233865489255, 0.474594978280921, 2.06862897693011
), `1250` = c(1250, -58.0986707297663, -33.0461480510437, -28.5125014119486, 
-24.8559511482087, -21.1071169863818, -17.0973790437607, -10.9683521659909, 
-6.57573587613659, -4.8495786821022, -3.63118603392207, -2.66296753810603, 
-1.59045686730992, 0.408910258628224, 2.46146883303944), `2500` = c(2500, 
-53.6421196025365, -32.5390612193389, -27.8551479695678, -24.3774680094461, 
-20.7899114890461, -16.9111234650402, -10.9055637754689, -6.60540322577147, 
-4.8653314977783, -3.60531304485548, -2.63282041695351, -1.50078156941867, 
0.592412700964834, 2.89693019375655)), .Names = c("quantile", 
"25", "50", "100", "250", "500", "750", "1000", "1250", "2500"
), row.names = c("", "0.01%", "1%", "2.5%", "5%", "10%", "20%", 
"50%", "80%", "90%", "95%", "97.5%", "99%", "99.9%", "99.99%"
), class = "data.frame")

# The following table was generated using the call
#  egc_pgff_qtab <- egc_quantile_table("pgff")
