.Random.seed <-
c(403L, 75L, -1856186523L, -388906029L, -511079334L, -1172719871L, 
-1329760442L, -881609921L, -2011696081L, 333315263L, 867916096L, 
8117647L, 1306682323L, -743008309L, 1103500793L, 286949834L, 
1873812353L, -842225712L, 1437167801L, -1818488107L, -270712323L, 
1782900985L, -1180021987L, -1448887833L, 1355610994L, -47574490L, 
757751606L, -1073988370L, -528794447L, 705724945L, -1580076697L, 
565427888L, -71344585L, 370146484L, 480737502L, -663921837L, 
-622377942L, -109281442L, 1200791753L, -614184968L, 741937381L, 
-396006975L, 83744116L, 647139525L, 866288324L, -1517051008L, 
1991272192L, 1579340261L, 1789986180L, 1981866523L, -1428901000L, 
669416801L, -597639684L, 2094419760L, -1768910354L, -371961746L, 
-1551178787L, 686524052L, 2098775932L, -1947046814L, -425030080L, 
-1864855616L, -789087278L, 1514694129L, 247523157L, -1274977093L, 
883547724L, 1489932475L, 1941495443L, -1134716697L, -1347894361L, 
-1495236862L, 1109170789L, 1085729611L, 1554508200L, 1882432204L, 
1098166817L, 2011014658L, -690796520L, 539357809L, 1532820386L, 
-669064374L, 1819424335L, -1059165696L, 707251692L, 949564153L, 
990353945L, 504261342L, -191517361L, 462996061L, 1667155839L, 
-1335240101L, 1091351286L, -952241034L, -1427139799L, -2118317571L, 
-1036059606L, -393308387L, -681942908L, -1646568298L, 1793983805L, 
167535188L, -1401297990L, 2122128660L, 2035507550L, -1151809959L, 
-596548962L, -329003098L, -1298037898L, 507446487L, 1468745192L, 
1644591546L, -1009722475L, -634494025L, 1080869397L, 474251751L, 
-860959983L, -20495495L, 1425607051L, -1096590944L, -127283501L, 
1885253864L, 970689159L, -1268416210L, 1572433598L, 1218757891L, 
1694223920L, 355686574L, 35960433L, 870274455L, -74372620L, 1313221296L, 
-696526533L, -1821757579L, -820606886L, -1423756093L, 214225430L, 
764621536L, 1397502891L, -1611266150L, 2037944498L, 70606979L, 
2054066004L, -1913419138L, 578216490L, 1302474223L, -1940102062L, 
-227231169L, 1189019134L, -890512234L, -1241247385L, 847214761L, 
1346068387L, -2016637319L, -1635164403L, -1584263152L, -2140713383L, 
1035918536L, -1760388136L, 1217347902L, -1895931700L, -1617697304L, 
-1882385453L, -848084110L, 2024679116L, 1821426140L, 850719983L, 
-11518155L, 267985700L, 643776468L, 1160285442L, -36827733L, 
206416543L, 1398094593L, 21991881L, 920163470L, -1555100025L, 
1892096982L, -2145220125L, -580054202L, 51997917L, -646934316L, 
-521019111L, 1460097310L, -535314134L, 419415094L, -712951600L, 
-1532959166L, 1857543725L, 206728551L, 418055752L, -1235099977L, 
235581232L, 2122852330L, 1625161495L, 600242655L, 346638223L, 
679615868L, -116364673L, -1588033919L, -327668212L, 1648025158L, 
1323038027L, 1378221552L, -7661463L, -204801395L, 1128177501L, 
-335916865L, 809506130L, -1235647249L, 2031917377L, -873635406L, 
1402526816L, -1348407728L, -2011398784L, -261921482L, -1880811879L, 
1871935877L, 1881430605L, -746712969L, 1901465847L, 586980667L, 
772226450L, 66125244L, -682923307L, 1737450889L, -648074401L, 
-706679953L, -179354086L, -1181935883L, 150804752L, 961503431L, 
-956891844L, -787955576L, 554501673L, 1677305404L, -681539441L, 
237707254L, -1985040200L, -424515453L, -328238726L, 2065858756L, 
-1023513962L, -1682609968L, -504180169L, -1474075421L, 1421442320L, 
-779715842L, 895291193L, 2074996924L, 452249488L, 523366599L, 
1634711693L, 1192525939L, 2037436717L, 1940030587L, 1237151621L, 
-256282124L, 400689402L, -110849426L, 1361708729L, 792122463L, 
1748661007L, 478179284L, -1563920256L, -1684503930L, -529227657L, 
-1315452007L, -900512294L, 703364864L, 1107702270L, -1224406198L, 
1679873299L, 1549551109L, -1015991861L, 621879189L, 262569070L, 
-2099201917L, 2030879887L, 453023570L, -613043429L, -1294468771L, 
417265620L, 311823713L, -131554418L, 1220034403L, 1594202400L, 
1923679875L, -1164156953L, -230770353L, -465567351L, 78755527L, 
1385186677L, -1590366968L, 2124965815L, -1624884709L, -443975390L, 
1496232579L, -2090013050L, -113760333L, -828714544L, 638727181L, 
-1743463852L, -1627175234L, -887697152L, -797086315L, 42617419L, 
1323865532L, -107085480L, 1850548670L, 1769440763L, 376147434L, 
-1337467436L, -30913150L, -605066162L, 55908207L, -1594720271L, 
2113751309L, -1304008738L, -2085831815L, 858899459L, 535486985L, 
-689920937L, -730926631L, -107918161L, 1116874478L, -2034362570L, 
1020693460L, 170866725L, 953920051L, -1606984490L, -917859291L, 
-1586644732L, 1569891324L, 763100481L, 1240501469L, -319691698L, 
-1820826697L, 959110385L, -2027742534L, 1245402448L, -722780716L, 
459900028L, -1739975389L, 1425451665L, -523027421L, 1916623504L, 
-1893248899L, 78036251L, 1975188852L, 1739687588L, -591597507L, 
-72556563L, -1110773023L, 2137496369L, -94762390L, -40436041L, 
-474736523L, -153312944L, 2094982341L, -452685430L, 252500002L, 
-1111495573L, 512084430L, -790378794L, -82427897L, -1367822010L, 
309595392L, -803592063L, 1666644687L, 1177340062L, -1022326060L, 
1768835723L, -719393132L, 676599812L, 527016039L, -1745814350L, 
1075676037L, -1909096077L, -552138022L, 468793336L, -1515757090L, 
1251755089L, -357676639L, -1913053674L, -900882007L, 1164004584L, 
1829564002L, -31639855L, 866170738L, 1955275991L, -1983118118L, 
52478106L, -960637695L, -1842352294L, -1961655787L, 1044601711L, 
116951028L, 1734433853L, -543609454L, -1184536614L, -385986953L, 
50979033L, -1121051631L, -81974628L, 589376243L, -235800066L, 
223314117L, -26379594L, -1436248903L, 1676237642L, -1416035441L, 
614600246L, -682206367L, 852165964L, 497337784L, 1158169545L, 
-39567386L, -1833974267L, -2053632705L, -1065088530L, -955168576L, 
-1572826590L, -288830699L, -25330070L, -1440564790L, -758232355L, 
-977300770L, -886054074L, -948416133L, 2090901175L, -690810616L, 
1703776368L, -1363220678L, 769541791L, 928759078L, -721685799L, 
-671048901L, -469947067L, -1664598313L, -427498235L, 387906789L, 
1572241547L, -1045975785L, 1107790809L, 358764174L, 694317650L, 
901898357L, -464514323L, 138478120L, 612005697L, 477844786L, 
1001545032L, -599284472L, 351604542L, 45836688L, 810640390L, 
-796767304L, -1423546666L, 59690537L, -2026282861L, -1340428484L, 
-406128651L, -1441487130L, 462545669L, -582240969L, 1978658487L, 
1055091827L, 261067521L, -408631397L, 1260428043L, -1199356467L, 
1555452629L, 31772396L, 1993742195L, 687725092L, -263848435L, 
-930176502L, 521877510L, 383774457L, 205372423L, 490693639L, 
552800201L, 2095356838L, -724021015L, 1643327702L, 916168406L, 
737773936L, -1945595489L, 955979286L, 948230542L, -852656353L, 
-1276664398L, -1919676433L, 1514496806L, 701894000L, -186285824L, 
915276208L, 2072693613L, -1498318195L, 844088309L, -1446978585L, 
-527735653L, -2007941096L, -1389938871L, -523322162L, -141330668L, 
-1591454800L, 1407875558L, 1373951631L, -680505081L, 1815239461L, 
463158018L, 397090116L, 752375199L, -1315962260L, 1111130597L, 
-1104453563L, 725734735L, -1137441788L, 452489341L, -1913882816L, 
-1770844090L, 270314070L, -1007875358L, 1921484724L, 543687280L, 
924450068L, -74920862L, -1812229690L, -793775294L, -1384196156L, 
-72242852L, 1869701697L, -1790111546L, -27161203L, 1712312386L, 
178394639L, -1946077363L, -403778576L, 355514380L, -358462742L, 
1427161271L, -1478595489L, 1294249249L, 1564254687L, -2097728925L, 
451526542L, 1810374185L, -865022837L, -2068860013L, -1874044318L, 
-1973423203L, -610858561L, 996396469L, -2107548823L, 1240567829L, 
95708579L, -1547514515L, -1415273124L, -971307716L, 417539350L, 
1350453450L, -178981871L, -557667498L, 1726079452L, 1307950854L, 
-1418159403L, 338979666L, 1167704879L, 680017612L, -107409872L, 
1585741518L, -808679003L, 658129888L, 659245987L, 711706085L, 
1637284374L, 852950592L, 2128017507L, -185121021L, 1175644005L, 
1235494779L, 1356273672L, 1749904624L, -1129001884L, -339807510L, 
-786175707L, 711043486L, -220674021L, -2017300561L, -2115377220L, 
448245770L, 1266124608L, 1991414586L, -90613647L, 511466968L, 
