#Nickel workers data 
nickel <-
structure(list(id = c(3, 4, 6, 8, 9, 10, 15, 16, 17, 18, 19, 
21, 22, 23, 26, 27, 28, 29, 30, 32, 33, 34, 35, 37, 40, 41, 42, 
44, 47, 48, 49, 50, 51, 52, 53, 54, 55, 56, 57, 58, 59, 60, 61, 
62, 63, 64, 65, 68, 70, 71, 73, 75, 76, 77, 78, 79, 80, 82, 83, 
84, 85, 86, 87, 88, 89, 90, 91, 92, 93, 94, 95, 96, 97, 98, 99, 
100, 101, 103, 104, 106, 107, 108, 109, 110, 111, 112, 113, 115, 
116, 117, 118, 119, 120, 121, 122, 124, 126, 127, 128, 129, 131, 
132, 135, 137, 138, 140, 141, 142, 143, 144, 145, 147, 148, 149, 
150, 151, 152, 154, 155, 156, 157, 158, 159, 161, 162, 164, 165, 
166, 170, 172, 173, 175, 176, 177, 180, 181, 186, 187, 190, 191, 
194, 195, 196, 197, 199, 200, 202, 203, 204, 206, 207, 208, 210, 
211, 212, 213, 214, 215, 216, 218, 219, 221, 222, 223, 224, 225, 
226, 227, 228, 229, 230, 231, 234, 236, 237, 239, 240, 243, 245, 
246, 248, 250, 251, 252, 255, 256, 257, 259, 261, 265, 266, 267, 
268, 270, 271, 272, 273, 274, 275, 276, 277, 279, 281, 282, 283, 
284, 285, 286, 287, 289, 291, 292, 293, 294, 295, 297, 298, 299, 
300, 301, 302, 303, 305, 306, 307, 309, 310, 313, 315, 316, 318, 
319, 321, 322, 324, 325, 326, 327, 328, 329, 330, 332, 334, 335, 
336, 337, 338, 339, 340, 341, 344, 345, 346, 348, 349, 351, 353, 
354, 357, 360, 361, 362, 363, 364, 365, 368, 369, 370, 371, 375, 
376, 377, 378, 380, 381, 383, 384, 385, 386, 388, 389, 390, 391, 
392, 394, 395, 397, 400, 403, 404, 406, 407, 408, 409, 410, 412, 
416, 417, 419, 420, 421, 423, 424, 425, 427, 428, 429, 432, 433, 
436, 437, 439, 440, 442, 443, 444, 446, 447, 449, 452, 453, 455, 
456, 457, 458, 459, 460, 461, 462, 463, 465, 466, 469, 470, 473, 
474, 475, 476, 477, 478, 484, 485, 486, 488, 490, 491, 492, 495, 
496, 497, 499, 500, 501, 502, 504, 506, 507, 508, 509, 510, 511, 
512, 513, 514, 516, 518, 522, 523, 524, 525, 526, 527, 528, 529, 
531, 533, 535, 537, 538, 540, 542, 544, 545, 546, 547, 549, 551, 
553, 554, 556, 559, 560, 561, 562, 563, 565, 566, 570, 572, 574, 
575, 577, 578, 579, 582, 584, 585, 586, 587, 588, 590, 591, 592, 
593, 595, 596, 597, 599, 601, 603, 605, 606, 608, 609, 610, 611, 
612, 615, 616, 618, 620, 621, 622, 623, 625, 627, 629, 631, 632, 
633, 635, 637, 638, 639, 640, 641, 642, 643, 645, 646, 647, 648, 
650, 654, 655, 656, 658, 660, 662, 663, 664, 665, 667, 668, 669, 
674, 675, 676, 677, 679, 681, 682, 684, 685, 687, 688, 689, 690, 
694, 696, 697, 698, 700, 701, 702, 704, 705, 706, 707, 710, 711, 
712, 713, 715, 716, 717, 719, 721, 722, 723, 724, 727, 729, 730, 
731, 735, 738, 742, 743, 744, 747, 750, 751, 752, 753, 754, 755, 
756, 759, 760, 763, 764, 765, 766, 768, 769, 772, 773, 774, 775, 
776, 777, 778, 780, 781, 782, 783, 786, 787, 788, 789, 790, 792, 
794, 795, 796, 797, 798, 800, 801, 802, 803, 805, 806, 808, 810, 
811, 812, 815, 816, 817, 818, 819, 820, 821, 822, 825, 827, 828, 
829, 831, 832, 833, 834, 835, 836, 837, 839, 840, 841, 842, 843, 
845, 846, 847, 849, 851, 852, 853, 856, 857, 858, 859, 860, 861, 
862, 863, 864, 866, 868, 871, 874, 875, 876, 879, 880, 881, 883, 
884, 885, 886, 887, 888, 890, 891, 892, 893, 896, 898, 899, 900, 
901, 903, 904, 906, 907, 908, 909, 913, 914, 917, 919, 920, 921, 
923, 924, 925, 928, 929, 931, 932, 933, 934, 936, 939, 940, 941, 
942, 943, 944, 945, 946, 947, 949, 950, 952, 953, 954, 956, 957, 
958, 959, 960, 961, 962, 963, 964, 965, 966, 967, 968, 969, 971, 
972, 973, 0, 0, 0, 0), icd = c(0, 162, 163, 527, 150, 163, 334, 
160, 420, 12, 160, 14, 177, 162, 999, 420, 420, 434, 420, 153, 
151, 154, 420, 162, 162, 331, 420, 998, 160, 592, 162, 420, 151, 
420, 160, 160, 0, 502, 27, 241, 420, 422, 420, 592, 160, 334, 
502, 162, 162, 163, 163, 0, 332, 420, 153, 334, 2, 527, 332, 
0, 151, 163, 163, 502, 502, 491, 154, 163, 443, 420, 410, 420, 
0, 162, 420, 331, 420, 491, 420, 160, 420, 153, 592, 0, 0, 491, 
998, 331, 162, 502, 493, 501, 502, 163, 162, 331, 162, 792, 163, 
450, 163, 332, 491, 465, 181, 443, 163, 160, 420, 160, 177, 420, 
420, 163, 160, 160, 420, 463, 434, 196, 332, 163, 502, 162, 157, 
163, 502, 451, 420, 163, 0, 332, 198, 420, 163, 526, 163, 999, 
163, 181, 446, 334, 491, 356, 163, 0, 541, 163, 502, 162, 162, 
163, 163, 163, 163, 162, 420, 434, 420, 491, 151, 163, 160, 162, 
434, 177, 260, 0, 502, 420, 0, 162, 420, 161, 163, 420, 0, 998, 
422, 163, 420, 163, 153, 420, 0, 223, 490, 154, 0, 999, 331, 
2, 420, 163, 160, 420, 154, 491, 331, 153, 163, 163, 420, 162, 
500, 431, 420, 421, 331, 162, 502, 422, 610, 160, 196, 420, 160, 
160, 163, 525, 593, 422, 334, 999, 422, 331, 422, 0, 420, 491, 
541, 160, 0, 592, 332, 434, 502, 465, 331, 163, 160, 420, 162, 
440, 420, 420, 0, 331, 502, 154, 420, 162, 163, 0, 332, 331, 
204, 420, 420, 450, 443, 331, 160, 345, 420, 420, 420, 420, 600, 
592, 332, 153, 160, 411, 160, 204, 431, 0, 451, 434, 420, 420, 
162, 160, 237, 160, 332, 162, 502, 155, 163, 422, 443, 163, 162, 
420, 162, 162, 155, 420, 160, 502, 332, 163, 422, 162, 434, 0, 
146, 420, 331, 0, 162, 590, 420, 0, 160, 432, 153, 500, 160, 
332, 331, 181, 163, 610, 204, 332, 421, 790, 578, 163, 162, 443, 
162, 332, 550, 162, 502, 204, 151, 162, 0, 936, 162, 162, 500, 
420, 181, 434, 331, 332, 162, 733, 501, 160, 163, 0, 0, 899, 
146, 163, 420, 162, 161, 160, 540, 0, 422, 420, 525, 420, 502, 
160, 331, 434, 422, 0, 420, 157, 420, 420, 491, 0, 420, 420, 
420, 420, 163, 0, 422, 162, 162, 502, 163, 163, 160, 332, 420, 
491, 434, 163, 160, 420, 502, 163, 25, 493, 153, 163, 610, 420, 
163, 160, 160, 163, 491, 160, 153, 162, 420, 181, 332, 160, 331, 
153, 422, 420, 420, 434, 177, 434, 422, 163, 420, 181, 481, 490, 
501, 422, 420, 999, 153, 160, 163, 350, 420, 332, 999, 0, 420, 
420, 491, 331, 420, 154, 160, 422, 491, 521, 454, 420, 422, 162, 
420, 160, 163, 163, 150, 490, 2, 154, 434, 151, 160, 541, 443, 
420, 0, 191, 162, 422, 420, 502, 522, 163, 420, 160, 163, 0, 
163, 422, 810, 162, 491, 160, 160, 334, 420, 502, 163, 331, 160, 
163, 163, 443, 163, 527, 151, 163, 163, 162, 420, 443, 331, 163, 
162, 998, 153, 0, 450, 163, 443, 420, 160, 163, 420, 0, 163, 
162, 160, 451, 163, 160, 160, 792, 151, 163, 163, 0, 332, 160, 
0, 205, 331, 334, 420, 420, 420, 502, 332, 540, 162, 163, 431, 
591, 160, 0, 331, 2, 422, 160, 434, 0, 422, 332, 521, 160, 0, 
156, 465, 163, 160, 163, 163, 998, 332, 160, 334, 422, 420, 592, 
163, 481, 610, 260, 163, 350, 181, 162, 444, 502, 2, 420, 502, 
162, 332, 420, 332, 177, 420, 610, 160, 541, 163, 162, 163, 304, 
0, 0, 163, 420, 331, 451, 434, 163, 502, 177, 420, 420, 480, 
421, 451, 420, 502, 177, 420, 177, 151, 331, 420, 491, 420, 393, 
334, 420, 502, 0, 332, 332, 420, 420, 420, 0, 420, 590, 0, 160, 
162, 502, 331, 999, 0, 162, 0, 153, 177, 434, 163, 163, 422, 
162, 420, 420, 450, 331, 502, 332, 163, 162, 420, 160, 154, 162, 
162, 0, 177, 430, 490),