.Random.seed <-
c(403L, 3L, -320456561L, 1423706518L, 1712584000L, -187217917L, 
-1582302687L, -1998775024L, 639734510L, -1743925607L, 1848930091L, 
655125018L, -1741260580L, -1868712737L, -141716811L, -709761972L, 
-162490206L, 496957437L, -1614166793L, 1832538654L, 1210494168L, 
-140849093L, 1748949465L, -612458648L, -749350250L, -1339229167L, 
-1793667645L, -635686446L, -1315522460L, 95672231L, -137201411L, 
1155075316L, -928240678L, -2011349211L, -80214465L, 1555189190L, 
567880272L, -1816156557L, -362763631L, 1759965888L, -1647618914L, 
-1554098071L, 36205723L, 1282796970L, -953270836L, -881119089L, 
-1550487355L, -255696772L, -584794926L, 2054558797L, 392291591L, 
500287726L, -1284683320L, 1680674507L, 634552105L, -1829828744L, 
1009786022L, 1061244609L, -1062000813L, -2102737918L, -681852620L, 
2016823991L, -2139556179L, 523507652L, -1067311126L, 74530901L, 
-2043544081L, -1228478986L, -1892760800L, 1029577955L, 1972197761L, 
-479277072L, 1716039310L, -1336790535L, -929318005L, -2135713862L, 
1847588540L, 354840063L, 921275221L, -386753428L, -787621694L, 
-935769315L, -799686249L, -1577608962L, -311096648L, -370789221L, 
-568069383L, 890483784L, 338646902L, 1534071473L, 1294394083L, 
-352190030L, 465441284L, 664742215L, -642927587L, -1977890156L, 
1579704890L, 1514499205L, 1631498591L, -467115546L, -700329872L, 
881382291L, 1812444209L, -824239392L, 665459582L, -1964977655L, 
2061843003L, -2058312694L, 621206508L, -1615105937L, -302887003L, 
-763832484L, -1031800014L, 637395501L, -478482201L, -1641430514L, 
-324902936L, 2039251435L, 927249033L, 559827480L, 1406427462L, 
962531233L, -230768077L, 1391656866L, -1396180332L, -895250153L, 
851881741L, 2010621476L, 752045578L, 135305077L, 1431798479L, 
-404040234L, 1635105152L, -989220413L, -1540077727L, 1300585936L, 
506457390L, -324059943L, 1288992491L, -328420518L, 1750672668L, 
-846973921L, -220792715L, -1427716852L, 1446127842L, -1470324291L, 
2107385399L, -725451554L, -1236678632L, -1696655493L, 129775385L, 
41954216L, -1157268650L, 2124841937L, -874158205L, 329773586L, 
675005860L, 228172135L, -297161027L, -2072054220L, 32984474L, 
1896217061L, 131401087L, 2134420742L, 268686992L, -3711181L, 
-163160879L, 1174398592L, -1902817442L, 629697705L, -621969573L, 
-373050006L, 572299276L, -1205063601L, 1887029509L, 1547575740L, 
-1657543534L, 1744551821L, 1390741447L, -150922066L, -1641886456L, 
1581542155L, -1065974295L, -1317244232L, 694195558L, 574942721L, 
1900951699L, 378069826L, -1060422412L, -2930441L, 858210541L, 
1427121028L, 815152554L, -2091957483L, -169041489L, 531767734L, 
-618498080L, -1872316637L, 658901057L, 396870448L, -1856435890L, 
550427577L, 1269968331L, 1690156666L, 1134654332L, 2124487615L, 
1068762261L, -69899604L, -579024766L, 863168605L, -1263665321L, 
41992766L, 1580836472L, 1642595675L, -855538503L, 2065149192L, 
2022944694L, 1841255665L, -1062161629L, -1500936846L, 1197383620L, 
504384391L, 1324923229L, 1918359380L, -189657734L, -762357563L, 
-1738765793L, 1492319654L, -666112208L, -2087447102L, -1243834656L, 
1588638588L, 106148560L, -1467378526L, 1681098792L, 1493240076L, 
300692412L, 536331570L, -848322112L, -2057293260L, 593151944L, 
-292232006L, 1455954320L, -1929920020L, -733004204L, -1660023662L, 
-742425824L, 2133885388L, 78806496L, 1376399042L, 107417640L, 
-218145108L, 1137668284L, -638224910L, 435256624L, -979295068L, 
-595254600L, -688170662L, -610414192L, -1842491524L, 642976020L, 
-461721790L, -1849626880L, 1260151740L, 1142831952L, -1465086174L, 
-1325857464L, -2008005108L, 1172807772L, 1220393170L, -186640896L, 
-1273898668L, 1059997160L, -11582470L, 1264512208L, -1457686228L, 
-466495756L, 45462930L, -681025440L, -399289076L, -206355744L, 
1936131426L, 724830888L, 2064101964L, -1406464644L, -1974976206L, 
776379504L, -1483250876L, -1145882152L, -94446470L, -307716560L, 
-1515822404L, -344831148L, -570441662L, 1429764512L, -1396644164L, 
-412113456L, 831991138L, 744775656L, 980242380L, 828193532L, 
-1777484302L, 994800768L, 1820631284L, -1675402616L, 2072970042L, 
1234030416L, -1552264596L, 390273172L, -1296813742L, 538175200L, 
-1483215156L, 1364218016L, -710449278L, -1507395864L, 524582636L, 
-1107328964L, 325176946L, 2061089904L, 242717220L, -747986888L, 
-1325828070L, 542754512L, 1159728188L, -1039027052L, 1344166018L, 
1345892288L, -1941436100L, -1632125296L, 1541072930L, 1104484360L, 
1388780684L, 172016668L, 968188562L, 148406400L, 600982548L, 
585658664L, -1695008198L, 1535648976L, -135046036L, -779444556L, 
-1685694446L, 1493028832L, -1707942964L, -333998624L, 19593762L, 
-2130893528L, 673488140L, -1723566532L, -848443150L, -1137301776L, 
-1789014204L, 950240856L, 2093460026L, -1483411728L, 699070652L, 
-697521644L, 1678847170L, 77556832L, 410115452L, 446736592L, 
-1965777886L, -990308696L, 1144220556L, 402097596L, 1485091890L, 
1410207552L, 1494148276L, 1833901896L, -20512070L, 2099195664L, 
93795564L, 1223048276L, 279731986L, 1389768608L, -1290062900L, 
1975962464L, 478323906L, -1980686808L, -2022679124L, -1536500932L, 
-1488033934L, -1102856400L, 1083246116L, -1799545800L, -1019250470L, 
1510321552L, 129178364L, -1130536044L, 866029378L, -1500523008L, 
852106812L, 1170047568L, -1447645534L, -1639732408L, -1770712564L, 
-784779044L, -1446102446L, 1912846464L, 193733460L, 1021705704L, 
347135738L, -2046182576L, -1512109012L, -1196095116L, 141321874L, 
893447776L, -902527348L, -998705312L, -474483998L, 1148592296L, 
801324236L, -249945604L, 1536505778L, -1882154512L, -441707068L, 
2134414168L, 1076199290L, -1182399056L, 1677880764L, 1219284052L, 
-304619582L, -305768672L, -194743364L, 1690840656L, 10463714L, 
-1766734488L, -2026011316L, -1402708740L, 1289876210L, -2113033472L, 
1330314868L, -59180024L, 1087359418L, 241200080L, -85146132L, 
-1509093484L, -1765892398L, -42620320L, 738186572L, -300461792L, 
-758942078L, -1514347032L, 1387998188L, -1590465988L, -991984014L, 
395508592L, 795212068L, -1515046344L, 1628961178L, -487023152L, 
-1993888324L, 21374100L, -646053758L, -172640832L, -198248644L, 
1571059841L, -1128628685L, -306830252L, 184983650L, 541337335L, 
1516050753L, -312705082L, 1060635908L, -74425163L, -853951585L, 
606106616L, 1423986134L, 337540195L, 1007837221L, 1999230914L, 
-419410768L, 1449011417L, -1766818229L, -209652548L, 1209912042L, 
-2029417697L, 261383081L, 598074686L, 1549536300L, 33802877L, 
41460935L, 1002799536L, -118395954L, 1841051899L, -2104393891L, 
703601802L, 2017462952L, 760518161L, -56350973L, -305430012L, 
1245956658L, 1182431879L, -83468591L, 1071966294L, 491853876L, 
-1683752123L, -958142065L, 765821192L, 1756764966L, 652579795L, 
716457269L, 1299866770L, -1347642272L, -806405687L, -1206267653L, 
94809804L, -631897254L, -1731615153L, 986170137L, -383222482L, 
-2081396932L, 1914283181L, 1029216087L, 509164192L, -101747714L, 
2122785483L, -1112705843L, 805820410L, -716600264L, 1654414817L, 
2007451283L, 2066113716L, -1488679486L, -1825202729L, 1173774881L, 
-1771941402L, 2023893220L, 1212266517L, 2134509631L, -1149663272L, 
-1753814538L, -711742973L, 868367685L, 1226180962L, 1691935440L, 
1381785081L, 1084560683L, 1311954588L, 1109750986L, 549346751L, 
-556089079L, -285416930L, -830427188L, -397283939L, 1663985703L, 
-487893424L, -1257045266L, 913542043L, 1011087869L, -917611286L, 
-19212408L, -283893455L, 232448419L, 802583972L, -2116089774L, 
-1405719641L, 392572913L, -191112394L, 1918470100L, -1731609243L, 
1188172143L, -485225560L, 267804934L, 1004781619L, 1990096533L, 
1638502130L, -943907008L, 1552850089L, 408355099L, 1199511276L, 
-1659057414L, -1591004369L, -1587176647L, -1776009906L, -475087972L, 
1014149389L, -1521151113L, 535152512L, 224122334L, -2108577109L, 
-557759059L, -1643595238L, -1446937384L, -705642175L, 1030134259L, 
-716410860L, 1684157858L, 311751351L, -1676190591L, -2021282682L, 
428263620L, -559012363L, 1595224159L, -2044507464L, 5436310L, 
