.Random.seed <-
c(403L, 616L, 1795069764L, -522650295L, 1676946731L, -436907311L, 
653280917L, 1915949896L, -1532410987L, -898888305L, 921004647L, 
1018648598L, 239815918L, 287945653L, -1135520032L, 1227291609L, 
-491427606L, 532357142L, -1560032603L, 491678470L, 442975621L, 
-1712669741L, 338204504L, -1228846149L, 1954878075L, 1584914027L, 
-719302583L, -2056396881L, -147956461L, 986177183L, -368722577L, 
-293968150L, -368588181L, 1296669124L, -1404060672L, -1846715927L, 
-1945172795L, -902228611L, 1126925950L, -773406974L, 945837048L, 
-1761171044L, -619494463L, -430066039L, -1299194934L, -1123941638L, 
-857444853L, 503585617L, 173848113L, 1657711604L, -686760228L, 
629291282L, 1829452077L, -276229565L, 101656808L, -1522958795L, 
-1934873183L, 1447238724L, 2107628000L, -1670673086L, -2000155817L, 
260619244L, 571033913L, -1486961940L, 1471179743L, 1939479021L, 
-2039024736L, 731557926L, 1192475691L, 1746735903L, -70482336L, 
-1961231888L, -2068870275L, -435721688L, 106901529L, 137600316L, 
-1856590407L, -920322392L, 380773064L, -450396462L, -1499739827L, 
852947278L, -83403109L, -827615944L, -368369698L, -1178503900L, 
-408511619L, -1070280842L, -305477865L, -1157423534L, -2076082435L, 
-1636107598L, 785835848L, 237722018L, 50262388L, 2109212066L, 
837779719L, -93972464L, -1566399231L, -1378795866L, -847343213L, 
-808528539L, -751338625L, 120043481L, -1080792643L, -1975646371L, 
-496371631L, -286650641L, -1558399501L, 423250135L, -1637841161L, 
787230465L, 1194079181L, 279354986L, 12863642L, -30872856L, -1294978618L, 
319426119L, -316762225L, -1357344891L, -1376380079L, 1349263436L, 
1187758790L, -1380693815L, 1544148057L, -1908061364L, -1079138610L, 
797087784L, -129671398L, -782372966L, 841222883L, -1911795211L, 
-1258620016L, -212327468L, 1449400776L, 576746503L, -97055572L, 
-1270157975L, -326416762L, 2143853989L, -2108366647L, -936986577L, 
495633126L, -275903662L, -363900293L, 1248679791L, -64927983L, 
-2139689110L, 1731619934L, -642371700L, 760548386L, 1832986186L, 
294122054L, 264241581L, -1613459171L, 1219876456L, -683714681L, 
-1327611669L, 1441561311L, 1135761622L, 1971995737L, 1407123971L, 
-971628047L, 43320219L, 1134083509L, -1872206881L, 2111214601L, 
1437514323L, 399387663L, 394527185L, 1728256139L, 399124977L, 
-1044510454L, -290665222L, 72761422L, 293588259L, 180179425L, 
-1970789482L, -685677023L, 1727479430L, -2110680224L, -334688782L, 
-751635889L, -1617913074L, -1330907877L, 1699959588L, -1042668257L, 
-203489439L, -342058870L, 238355826L, 215162031L, 1799463011L, 
178663506L, -1295676137L, 236958125L, 1785513476L, 839020575L, 
1198390403L, -789587771L, -1000213462L, -478070872L, 1275476429L, 
691116599L, 61974703L, -1117709311L, -637249093L, -68469710L, 
-101947297L, -918420549L, 2043048858L, -1434441572L, 1409430367L, 
233078410L, -1736967910L, 884337503L, -541183804L, 1543736918L, 
628443188L, 1867746385L, -1899412859L, 2130977770L, 498619405L, 
-673945339L, -1811109152L, -560209409L, -1541896853L, 329299225L, 
1179929143L, -356659138L, 2083743874L, 679569312L, -1740490407L, 
-148161471L, 1510743210L, -215597308L, -621979283L, -1888694015L, 
-732560889L, -161103549L, 790010063L, 755657854L, 617183368L, 
1394957639L, 1526413865L, 745677526L, -873749403L, -843609110L, 
-215857142L, 26013856L, -1046931243L, -843858049L, -1482051047L, 
350096910L, 1498350234L, -1940984712L, 2097695810L, -574006610L, 
1257324428L, 1158845413L, 178439874L, 107815334L, 658088596L, 
400488690L, -620394049L, -851758579L, 1279389631L, 2097909707L, 
1943535042L, 1949485454L, 364571375L, -845656101L, -1458712134L, 
-515722770L, -929906233L, -651229469L, -1210345268L, 1693916114L, 
-1836260185L, -2110564194L, 317587336L, -489575817L, 985770158L, 
-1394527129L, -365760298L, 601108L, 940228615L, -860707122L, 
589524170L, 1082694873L, -556842058L, 1832047629L, -239691772L, 
-1400540386L, 1326696847L, 2020684004L, -1958215000L, 971894548L, 
1416983371L, 641963738L, 1516023421L, 1928368787L, 2057118184L, 
-196036811L, -1380380245L, -1166624758L, 1093755990L, 1743608801L, 
-1185309161L, -1427388703L, -1067571354L, 1699875338L, 2113074578L, 
-148830114L, 1245553350L, -1985009005L, -674897685L, 120693616L, 
-959181367L, -572225668L, -823206346L, -540033463L, -1654468583L, 
-1213166892L, -384689879L, 132993094L, -1672979807L, 1143013828L, 
321656629L, -199486696L, 1892056796L, 2050243892L, 314526995L, 
-1378430583L, 2059720950L, -1029005264L, -1067853079L, -2012539638L, 
1751391897L, 987334162L, 1105058651L, -231851775L, -787488893L, 
113471901L, 1575419160L, -1066333066L, -136742011L, -794548275L, 
237706339L, -1766954018L, 1388838185L, -1168865645L, 1958813150L, 
-372930046L, 1884283916L, -1208682755L, 1002759231L, 1382527271L, 
1501490058L, -155216690L, 1723190709L, -1349761673L, -907250228L, 
405849373L, -1983645585L, -597019975L, -330298819L, 566562638L, 
1794801111L, -1241575140L, 6243529L, -171270882L, -816739434L, 
-13389382L, -1991318827L, -1425025171L, 984559794L, 645449240L, 
-1489382617L, 1011549693L, -1407498415L, -775163133L, 1492034736L, 
-1996687270L, 1593968346L, -1040518919L, -1228639593L, 1888615651L, 
-1581075032L, 764466204L, -715499997L, 583943016L, 108925968L, 
500197794L, -224287522L, -1265406178L, -1855919670L, -266937866L, 
1575328241L, 980694950L, 1893264490L, 2114963439L, -823487213L, 
-1641418587L, 1283443124L, 1757844380L, -41499169L, 1346417176L, 
-576872098L, 1415891544L, 2138550021L, 26321761L, -1539109296L, 
167718106L, -2061475422L, 255455385L, 2111276007L, 2140605934L, 
-1476274598L, -602655430L, -331019986L, -506672512L, 1417790571L, 
-1834820636L, 1023120661L, -1327593861L, 470034814L, 1392567780L, 
-2016326943L, 1577989431L, -250019901L, -1310222132L, -1949660057L, 
-448032948L, -1538665757L, 1398146135L, 950679765L, 1102501262L, 
2083276052L, 730751769L, -1992565883L, 1253085083L, 1054969260L, 
-813406222L, -2069576323L, 714174447L, 1375904364L, 2120554075L, 
-1356528102L, 1732197048L, 1766941993L, 423440644L, 278960156L, 
2043786080L, 1449146164L, -1310973725L, -1818099184L, 320265877L, 
1795831479L, 537126883L, 1269186951L, -1231064310L, -1004028154L, 
1946807263L, 362949504L, 638152181L, -1777620862L, -1801315334L, 
90073808L, 334853135L, -1103326782L, -666409060L, -2138516425L, 
1718811712L, -571238906L, -1437768393L, 166738953L, 1382572000L, 
116146110L, 459529545L, 367214768L, -1803784884L, 1704087167L, 
1848965997L, 1350466583L, 294969496L, 183594276L, -394115781L, 
-1670077268L, 311971275L, 2061202430L, 842040426L, 1719203946L, 
1552414985L, 466522304L, 2054685702L, 2095310752L, 1664885642L, 
215549111L, 1386569123L, -265719948L, -627287247L, 1276157698L, 
1157168164L, 531234480L, 286399460L, -1617595247L, -467081486L, 
-257311850L, 941513348L, 1094545644L, -233145672L, -1867312883L, 
1359282218L, 28845731L, 2138812799L, 58820416L, -610477504L, 
-640524980L, -2050213188L, -465812118L, -1330492639L, -578049463L, 
715627695L, 2124967895L, 907120655L, -219261326L, -944972002L, 
-476059252L, 1340543450L, 307695495L, -1225978689L, 624818652L, 
652059826L, -1643673498L, -1575659231L, -2143820505L, 1746000007L, 
-843853429L, 531208805L, 2014845926L, 681923622L, 1302826166L, 
1011546262L, 1836792862L, -398774876L, 1743413952L, 1736869656L, 
-985319578L, -1162885843L, 21904852L, -92070108L, 2076940006L, 
-802070062L, -2073779050L, -158347701L, 2038747947L, 386817712L, 
-909221690L, -2068318268L, 476445213L, -971177266L, -671831954L, 
-1290476800L, 1215074242L, 1575555021L, -1517779094L, -568968385L, 
182665628L, 881756766L, -469221774L, -288867372L, -743396251L, 
67184302L, 1439293461L, -777456897L, 1887415808L, -1610036900L, 
-1694226787L, -259716819L, -2115316387L, -444957955L, 249416428L, 
855421366L, -1672069095L, 1000275155L, 29564913L, -1681583650L, 
64564440L, 1503429210L, -1705834561L, -372576845L, -920066122L, 
1581013135L, 74414471L, 645034401L, 760596490L, -2108228542L, 
