.Random.seed <-
c(403L, 376L, 2001068932L, -713643393L, 66107908L, 1847176099L, 
-540169631L, -395762806L, -622563103L, -1638515538L, -1885757710L, 
-1305689075L, -1859367798L, 1846233421L, -1195674125L, -918174220L, 
1221169131L, 1854888340L, 670427480L, 625812003L, -1551599704L, 
-685900225L, -319574219L, -1124861826L, -1527726987L, 256293954L, 
-1921302706L, 1387976233L, -631141994L, 2116181873L, 1150328095L, 
459694112L, 67294263L, 74923264L, 149415484L, -27718745L, 1706933356L, 
-486058245L, 1143825945L, 1861881682L, 1662589497L, 1021483110L, 
1947802682L, -475389067L, -1583862158L, -245209547L, -930435285L, 
1704985740L, -1780600013L, 1843471868L, 242051968L, -128357829L, 
1130159648L, -45943065L, -7447011L, 1445243158L, 1836874973L, 
297677994L, 200879558L, 1501469949L, -1047658976L, 1907258530L, 
248840340L, 1314140750L, -873859489L, -276684475L, -1069612719L, 
1689999367L, -1538808626L, -751670716L, -1364510682L, 1219497720L, 
1762291341L, 814728295L, 2011201099L, 682973481L, -1197474884L, 
-1967002018L, 533016664L, 1455161034L, 1491992755L, 620784961L, 
723350709L, 36602547L, -2123337526L, -1505330016L, 529779322L, 
1873630660L, 1396667793L, 868842483L, -2019149409L, -532656523L, 
-1187142248L, 1215266874L, -303190292L, 2092788742L, 2091175399L, 
1090619613L, -1081915975L, 72440367L, 427085750L, -1748776692L, 
372229390L, -893932944L, -1885172155L, -2104161249L, 338669811L, 
-255347167L, 205600212L, -496646282L, -2111298256L, 592121954L, 
527659547L, -1499475463L, 50921053L, 2043622555L, 1911842450L, 
1791898376L, -450633310L, -759277604L, 1818828553L, -118186741L, 
1450593191L, 1250946189L, -558370320L, 1667955826L, 1748968612L, 
311771454L, -1831924881L, -1138499339L, -255590879L, -1683373481L, 
1939729982L, -640897996L, 2121585430L, -646497688L, 254448413L, 
-293561897L, -1562911525L, -267587367L, -1677004116L, -356047826L, 
1859445480L, -1899153158L, 1334290435L, -698580303L, 875854117L, 
-569555421L, -900130662L, -1978330480L, 1248916074L, -1679988716L, 
-1012315615L, -1196778557L, -500903313L, -1445775931L, 1799576296L, 
689636490L, -1386435460L, 205822902L, -1854531721L, -1156513651L, 
-1902629559L, 798749439L, 2090304038L, 29577404L, -1669355330L, 
-1585122656L, 1803894997L, 1775061007L, -56275517L, -552759535L, 
-1970185340L, 1558735622L, -1616264192L, -1160526382L, 366675499L, 
-264715223L, -1536678003L, 1820411275L, 1003408930L, -1000501192L, 
-79322542L, -10180820L, -1813802727L, -2055915493L, -1879012425L, 
820219869L, 1106824064L, 1583073538L, -1539888716L, 1316950510L, 
-718137345L, -1724031707L, 35415345L, 450760679L, 906594862L, 
2077623076L, -1351882746L, -608593192L, -799266963L, -243928185L, 
1372608619L, 1488216521L, 54797532L, -173848706L, -658925832L, 
-399665878L, 1000955987L, 136490785L, -943952299L, -110663661L, 
1515540970L, -1133137088L, 905242330L, 849984804L, -197891471L, 
-1443266797L, 1808163711L, -1008727851L, -1638445192L, -1131746406L, 
1567291468L, -1093574618L, -1655191353L, 748647293L, 1782960281L, 
128699343L, 1100707414L, 2068889196L, -1327498002L, 2019420496L, 
283946597L, -955730881L, -1973241837L, -742680127L, -1128118028L, 
-1605305386L, -956980528L, -1260006014L, 1336403515L, -1373459623L, 
-651131011L, 243102523L, 640317170L, 2241128L, 1934943170L, -1748851140L, 
-1385180183L, -150814549L, -1096180025L, -950295571L, 1398079184L, 
-1464952110L, 479836484L, -405077922L, 294478351L, 1191691477L, 
132366337L, 2042508471L, 809330462L, 1661172884L, -1705659402L, 
765256392L, -610755715L, 1177235319L, 1372463099L, 533641849L, 
961312332L, 1515825614L, -214433528L, -1925258790L, -1804045917L, 
-1383716463L, 1043182405L, -1268654845L, 227718970L, 1967429168L, 
-779310902L, 1708769268L, -185774463L, -710450205L, 1606640079L, 
1197339173L, 1851200328L, 5156202L, 1839160896L, -1802688008L, 
1235652220L, 1604151998L, 1957970351L, -762457521L, -1905838821L, 
-909632903L, 471576566L, -17952518L, -1931097502L, -2092666280L, 
260216065L, 1830518797L, 779714269L, 634858063L, 165642484L, 
-1437566636L, -519530072L, 2102384274L, 2125959715L, 2137616387L, 
99897575L, 1471942693L, 1832878450L, -1668516930L, -465460010L, 
1337093732L, 1315013245L, 1785170601L, 1228207585L, -1008514557L, 
-1405303752L, -1321339664L, 101200996L, -1385269850L, 687543111L, 
1634724231L, 1518085955L, -215704079L, 423706942L, 1810649522L, 
-1627125878L, 789449536L, -2029378695L, -1157218427L, -1856121067L, 
109468647L, -307926852L, 1761259324L, -487481536L, -941148246L, 
311738667L, 1325214123L, -1933212065L, 2005080493L, 321225034L, 
118412102L, 2052267982L, -1832299524L, -34959515L, 1477085041L, 
-909808343L, 1777118475L, 2108894608L, -884048312L, 1248381548L, 
407716142L, 1370016735L, -1369915361L, -1566623413L, -358717623L, 
-1536063482L, 86321706L, -203233102L, 1882770120L, -1920771855L, 
861897725L, -1183678259L, -1896054977L, -956087676L, -257360284L, 
-799210280L, 648560066L, -268435789L, 1354028435L, -1541356969L, 
416778197L, -311029438L, -898740082L, -1317503546L, 1051560500L, 
-2123279635L, -1660980039L, -1984427631L, -1177730253L, -1329309336L, 
1389179424L, 1823449908L, -1339365130L, 1194445847L, -1875648265L, 
-927977133L, -190189343L, 1935816046L, 1925464194L, 1597207482L, 
-405342064L, -409801015L, 856509397L, 827679909L, -441143497L, 
-142545172L, -534401556L, 2136823696L, -1345949830L, -1720262885L, 
825292315L, -730894673L, -814610691L, 564250426L, 742837110L, 
-1072756450L, -1176279828L, -91535435L, -1957912799L, -2123953735L, 
-1461479589L, 562143712L, 322290840L, 59439196L, -981726178L, 
924250575L, -489755857L, -1204130181L, 1144846297L, 159422806L, 
511190490L, 113960130L, -909904520L, -349715423L, -1177264851L, 
-1784093699L, 1756031279L, 2012618836L, 1862042484L, -423268792L, 
-897869134L, -2008625789L, 2054247203L, 1100372039L, -212613627L, 
-866919470L, 152840862L, -1111454666L, 1318889156L, 1832524317L, 
-668076983L, -411634175L, 274625379L, -436980520L, -784339952L, 
-1822610044L, 1518592518L, -867513241L, -1889132761L, 1315239907L, 
1675628497L, 337346526L, 439112860L, 612401277L, 2145907114L, 
-625867121L, 1222466022L, -1218804323L, 1670968310L, 1025104625L, 
-2053053080L, -681005731L, 735406750L, 2092484655L, 1723183034L, 
-974497823L, 1712070446L, -1809695903L, 1079201292L, 1263187837L, 
-1142256078L, 1917821463L, -295226730L, -1815980579L, 383034118L, 
1972399665L, 150386728L, -253459435L, -672032698L, 424676943L, 
1275388842L, 911445857L, -1907442570L, -769775287L, 2603196L, 
2003486061L, 2046068682L, -1492169249L, -446273290L, 577087181L, 
-1047016922L, -1183221887L, 469355880L, 997487165L, 1092140382L, 
1194754623L, -101912694L, -1280773439L, -954664354L, 2095950337L, 
1258970940L, 1276909821L, 1189500562L, -1811214713L, -881299338L, 
-1532747811L, -465229978L, -1167620303L, 373438840L, 1250698869L, 
-453574374L, 271510497L, 1356753185L, 1958790338L, -110867424L, 
695017401L, -903698527L, -1335881736L, -810425630L, 1801229973L, 
-764244815L, -864156278L, -340985612L, -1850296915L, 251554065L, 
912337428L, -2029923702L, 1591073737L, -1676363975L, 1865495962L, 
-566075360L, -1517671447L, 65528905L, 2145763424L, -1232145006L, 
1277142917L, -1268588039L, 1785446114L, -262625076L, -1258341755L, 
82872553L, -475319916L, 1512986890L, 2141620849L, 1667832689L, 
-1490137918L, -625479584L, -1361261079L, 2123131889L, -955096136L, 
-2131244718L, -479743755L, -1926552655L, 2061329290L, 1215514996L, 
1314387981L, -2097910623L, 1684887108L, 2001360154L, -692185655L, 
-21310631L, -904643414L, -1446991232L, -333014055L, -1988110967L, 
1327750256L, -584025310L, -1998738203L, 1324887049L, -1896779054L, 
2076082140L, -1236389963L, -494757815L, 1032584132L, -209894790L, 
390620257L, 1207105601L, 66865314L, -1528404160L, 1809903577L, 
-2087269535L, -1514498184L, 198101922L, -1291028907L, -635193519L, 
270673994L, 1832724084L, -850866451L, -841082575L, -987760172L, 
