.Random.seed <-
c(403L, 1L, 1594116038L, -547611568L, -1881264013L, -727931759L, 
-1094757184L, 2098239134L, -1067242903L, -1678226789L, 1261086634L, 
-2024614964L, -740790641L, -334205243L, -301037956L, -332748078L, 
-1532297651L, -1964158201L, -362457362L, -803662904L, -1011989301L, 
-423551703L, -1531351688L, -1828302170L, 198325441L, -1681488557L, 
624984578L, -269354188L, 28858551L, 672719021L, 1961098692L, 
776662506L, -1844669867L, 1439226863L, 620493814L, 1155599648L, 
1973822179L, -1897811071L, -1608374800L, 350952590L, -1448877063L, 
-1297825397L, 1863966138L, 563455164L, -1204758529L, -1225427627L, 
-1471519124L, 98996930L, -1813932771L, 1592224663L, -255418626L, 
1109023928L, -1830908261L, -350200583L, 1874959944L, 1679186294L, 
1747353777L, 1312634083L, 1437221810L, -828277756L, -402555065L, 
349230621L, -1367528300L, -952296390L, -951544187L, 1475749727L, 
1019045862L, -945812880L, -1242833517L, -2071991759L, -857749280L, 
1200202110L, 30000137L, 2027111483L, -554079734L, 1194357228L, 
-1612536209L, 937494949L, 1888678236L, -961327822L, -2006723539L, 
-1620448537L, 2095529998L, 1470738920L, 282907627L, -11703159L, 
1846827032L, 559163206L, 2084468129L, -1965593549L, 1155309986L, 
513528980L, 1253581591L, -1170445043L, -729166812L, 865287178L, 
167166325L, -961005361L, -1950753834L, -1490496640L, 884836291L, 
2015244641L, -1154762800L, -367640786L, 569836249L, -315162389L, 
-806686374L, 363649820L, -973050337L, 387094133L, -2145787124L, 
220675810L, -1046326339L, -1154939849L, 1118881502L, -2116677096L, 
160030075L, -314403559L, -456320600L, 313544022L, 193072593L, 
722044291L, -163562478L, 1914648484L, -818409625L, 277392573L, 
-554873804L, -1928822886L, 864721893L, 1874777983L, 1942562566L, 
1014362256L, 176326963L, 390946513L, -1445720960L, 351444318L, 
1453404841L, -576635557L, 888504170L, 1051407884L, -1497170353L, 
-268987643L, -1201011780L, 965768850L, 1084888461L, -1188813369L, 
1452283566L, -382632184L, -1691820789L, -173171735L, 823663800L, 
351673190L, -112127999L, -823656813L, -609967806L, -388411660L, 
-1569768713L, -867235091L, 239437188L, -1036407894L, 1025110293L, 
-1951908945L, -1354521674L, -594683424L, 1871886627L, 801476161L, 
-2026921680L, 1604416334L, 918043065L, -2077326389L, -312477574L, 
-136173188L, 1332550079L, -667003243L, -2038281044L, 1270068866L, 
2104598109L, 1626292567L, 1240484926L, 1408041080L, 302754651L, 
-64457031L, -1904129272L, 364757430L, -1742717199L, -1981023965L, 
1009077106L, -1221303868L, -999474809L, -1820089507L, -980374188L, 
642776954L, 1527656133L, -1224466401L, 1416021926L, -1487693520L, 
1171117011L, 1326098929L, -101912800L, -1805375042L, 1674672585L, 
-1225302661L, 2104126282L, -180724820L, 932184751L, 1780195429L, 
1229443100L, -571277710L, -2110250771L, 674066727L, -364380850L, 
-360755800L, 1717254571L, -1124969783L, -24284456L, -161366138L, 
-614854047L, -1546310669L, 569073250L, -1697306412L, 182120919L, 
665154509L, -288630940L, -384031926L, 1187119797L, -769846769L, 
-930696426L, 1821384128L, 1526865283L, -581727488L, -1618921540L, 
244688720L, -363334878L, 1414247752L, 2140570124L, 831551580L, 
-1528998702L, -2086018560L, -648882860L, 102900200L, -1721775110L, 
489730256L, -1260671700L, 1137378036L, -713772654L, 842851424L, 
-1118343924L, 430539488L, -710921886L, 1038785192L, -507157940L, 
-764507780L, -1711686350L, -963239824L, -1836794044L, -1218341416L, 
1137507450L, -691909072L, 1449579196L, 855127892L, 68195394L, 
-1476141664L, 1530268348L, -1633775152L, -1435298462L, 468107240L, 
1922760652L, 72615676L, -821388814L, -1585278848L, 1121574132L, 
1067949704L, -1450864838L, 366869328L, 1397317228L, 1848678548L, 
1354230098L, 640653024L, 620632780L, 151154848L, -238478462L, 
-1708961048L, 948040428L, -169145284L, 477022834L, -1553742736L, 
-905814492L, 276053048L, 2114676762L, 1339103952L, -1173607364L, 
832169108L, 887479426L, -216907840L, -1813794500L, 1256766096L, 
-1389272030L, 182895624L, 974366860L, -401853412L, 966979218L, 
1604904064L, 1120317460L, 1451293992L, 1221389882L, -37827376L, 
-1888050068L, 1490600628L, -1778528238L, -548841504L, 1116428236L, 
-1861059104L, -96037342L, -673087192L, 308959500L, -695720388L, 
-1904234254L, -151289104L, 230622020L, -654904744L, -2116249030L, 
460046064L, 879772860L, -2046781932L, -2061829950L, 1066408032L, 
-316172932L, -1234725680L, 1708473378L, 447349416L, -356730996L, 
-1025633860L, -1999891406L, 1746270016L, 583415988L, 1858538312L, 
299694778L, 1119090448L, 91775212L, 1922688084L, -765980910L, 
-477906016L, -551530548L, -1151235232L, -656944958L, 1060480552L, 
148104620L, -1999126724L, 2092980082L, 1879943984L, 1199133220L, 
1301706808L, 1957127386L, 1748126096L, -1268291844L, -786059372L, 
607013698L, -600268288L, 525359676L, -368419248L, 1872329378L, 
485669704L, 1790820876L, -2095973156L, -780686766L, -1451841408L, 
1639967572L, 1870723560L, -513205510L, 714590032L, 1194875948L, 
-130988684L, -53029230L, -1029338528L, -931409268L, 1660996448L, 
-1543720222L, -1894858584L, 524628172L, 50477564L, -1633345614L, 
246539760L, -989166140L, 75280216L, -1017431174L, -1677044304L, 
-1959151172L, -333522860L, -1824412734L, 1770005280L, -335593540L, 
-1786041776L, 2029018594L, 2069614952L, 76938572L, -302163716L, 
-641813774L, 73860864L, -1383954828L, -516802552L, -858494534L, 
2087847888L, 1702885868L, -1922359404L, 566932178L, -1665253792L, 
2095502668L, -1870510816L, -886844798L, 1483569640L, 56936428L, 
1449010748L, -1320419726L, -621280400L, -2081593052L, 1031467576L, 
-1638297190L, 59627984L, 630037948L, -2039105388L, -1195524990L, 
-329443904L, -1280220356L, -431639408L, 1958130466L, 1563782664L, 
-966640372L, -398174820L, -213598702L, -1285510272L, -1988099308L, 
-1628778200L, 400960570L, -1060742192L, -318426516L, 1289316916L, 
1782282898L, 649846112L, -77948596L, -995325984L, -245176926L, 
169577896L, -673151348L, 523799996L, -1028100494L, -294986768L, 
-499698108L, -184711080L, 1885911098L, 954054768L, -436328388L, 
-926639852L, -2012097854L, 1396952800L, 334624892L, -574542128L, 
-765366013L, 2047794180L, 2113557554L, 540843143L, 1820727505L, 
-1165755818L, 2115871284L, 1052952901L, -1752329329L, 752375560L, 
896827686L, 1660961235L, 1761577781L, 892439186L, 89108064L, 
770291657L, 1200654075L, 2063075532L, 2130592090L, 1968876623L, 
484180249L, 43940654L, -868907716L, 976814765L, -1934828201L, 
649247904L, -1427465730L, -556210997L, -1322470707L, -715649542L, 
35888696L, -1376451615L, -932860781L, -725252428L, -1199522878L, 
1260863447L, 1804546081L, -619964442L, 370356964L, 583255573L, 
-1507295681L, -613511720L, 1169380342L, 1847118851L, 444628805L, 
-605209758L, 1780794576L, -1593962503L, 1459958571L, -760498020L, 
1930090186L, 655036351L, -827630839L, -1026026466L, -901456436L, 
-1174259811L, -1962016217L, 1784402000L, 345856238L, -1965472357L, 
549276669L, 671995626L, 1755685256L, -468930767L, -1758412893L, 
2053363620L, 743703122L, 1736055207L, 653610481L, -1329907402L, 
-1839312428L, -1471875227L, 829810543L, -539997784L, 165588742L, 
-1423541709L, -1166923627L, 479287538L, 1813520704L, 554208937L, 
-1197549797L, -2120621844L, -1876058886L, 1021424943L, -1978920647L, 
-1661152434L, -71022180L, 16220941L, -313940617L, -175820416L, 
-253761570L, 206577835L, 2012939181L, -342185958L, -1737543976L, 
1488396097L, 178470899L, 782434836L, -1315959902L, -284625737L, 
738041473L, 1636509318L, -238715196L, 1356726261L, 1846756959L, 
-1598562120L, 1033381270L, -811366493L, 479898469L, -2127222142L, 
1273997296L, 60277145L, -990031989L, 1091717756L, -2117535574L, 
159619807L, 1522960489L, -1165163906L, -448046484L, -967813443L, 
56200071L, -556818576L, 1340106254L, -1141163205L, 156895261L, 
1613918410L, -850940952L, -2078992175L, -933444413L, -767960124L, 
-663715726L, -1319349945L, 1462992145L, -199087978L, -1658868236L, 
1421942661L, -2046468401L, -518382648L, 868457062L, 166937747L, 
1038691317L, -243528238L, -787399136L, 1967415305L, -515279557L, 
1550350476L, 452039962L, 1014684559L, -1809177383L, -958911634L, 
