.Random.seed <-
c(403L, 20L, -1505785353L, -1131463187L, -2040557948L, 55300266L, 
1446682133L, -1898380625L, -767297354L, -2103437600L, -414504413L, 
-735488703L, -1438726096L, -1937051058L, 1876686521L, 216486603L, 
-1005509766L, 415625852L, 2088363711L, -1258557547L, 987826092L, 
-1411050110L, -399738019L, 1571870295L, -1050999490L, 2100614520L, 
2136909403L, 474526137L, -862809080L, 490720950L, -365117967L, 
-242781149L, -1653691278L, -1183306044L, 2017986695L, 1431817309L, 
-844049836L, 1761904762L, 1831635909L, -590291681L, -1730229082L, 
-606896592L, -1459632941L, 743090929L, 545659424L, -108290882L, 
-2091431735L, -1423672709L, -2100801462L, 661487788L, 280065967L, 
1681720165L, -393365220L, -450477710L, 1466778093L, 1434805799L, 
-1829566898L, -2044187992L, 1740433579L, 853692873L, 2049621464L, 
23129222L, -2120101535L, -530860813L, 520117090L, 203724244L, 
-593518377L, -1214016819L, 514388580L, 1399998538L, -456442443L, 
-167821041L, -304439786L, -2057570112L, 366317187L, -1066997087L, 
533626000L, -262187154L, 1484075289L, -94137941L, -800952422L, 
-1156767908L, 1415540319L, -394191307L, -1097392692L, 859340066L, 
1295607677L, 604781687L, 1820680606L, 1970526296L, -2009586245L, 
1720322905L, 1896847592L, -1923925738L, 1606240913L, -477092029L, 
-472518062L, 1984566500L, 2033966887L, -1076110467L, 1608457844L, 
-525246374L, 1457092773L, 1561651903L, -880897722L, 1186924496L, 
-1495158285L, -679486191L, -1620108992L, -1406539490L, -1948807703L, 
1388707611L, 302344490L, 62284364L, 1943887375L, -246337211L, 
-364938500L, 2070516050L, 1223030477L, 1603759751L, 1797790062L, 
360780616L, -1569618101L, -4125015L, 1220670456L, -1902122202L, 
-1781236671L, 770772435L, -1269932158L, -1733602380L, 387001143L, 
-975246803L, -248558780L, -1611046806L, -85296427L, -168385425L, 
-1917395594L, 1028900512L, -154680477L, 1524099073L, -416787600L, 
549591822L, 1320703353L, -1274580725L, 785789498L, -151459524L, 
-1105992065L, 748318165L, -937057300L, 1973990722L, -789747043L, 
432228119L, 1344480894L, 1304725048L, 2139554075L, -331422087L, 
-1004019000L, 1485222646L, -1727497423L, 1837452131L, 1485480242L, 
1490690692L, 1294405319L, 1388025245L, 1994539284L, 1607610298L, 
1713023493L, 452467679L, -965766554L, -1212510736L, 521820947L, 
591160497L, 1138587488L, 937776382L, -1615760247L, -1364020293L, 
1687723402L, 835550316L, -850258449L, -1996280283L, -90936612L, 
-432504654L, 1888637869L, -78231705L, -1233030002L, 437743976L, 
-1369443989L, -2075065591L, 554857880L, 1959756998L, 1576779297L, 
-1997971789L, -1346124766L, -138609132L, -1676660073L, 20245645L, 
-15588956L, 492325770L, -1605113867L, 1465394767L, 1911316822L, 
1295821824L, 1142842691L, 928336097L, 1087349328L, -900596050L, 
1009199705L, -311283093L, -162261030L, -494954340L, -226223457L, 
931199221L, 1594302860L, -431731614L, -563733443L, -1381470537L, 
1381551454L, -1666067304L, -1245282309L, 682796441L, 285046312L, 
197816022L, -41104559L, -1989325309L, -1172524654L, -65835228L, 
-750779929L, -1391661507L, 357382324L, 1970739544L, -1409348230L, 
951233968L, 739129788L, -539628972L, -571736638L, 1031232288L, 
-1929397316L, 1971643472L, -621615134L, 865413992L, -318392500L, 
-1645339908L, 378983154L, 1837498624L, 1143317620L, -1082516984L, 
-1901194822L, -1323673136L, -1796017172L, 308402068L, 23852242L, 
1184092256L, 932088140L, -867668192L, 1550971522L, 1290138088L, 
1666102252L, 850198076L, -815635854L, 1367598960L, -878034652L, 
-1286517192L, 1293057434L, 1059395024L, 176632252L, -292230508L, 
-1223010686L, 1681111488L, -770687172L, 1296287376L, 271307554L, 
-23073272L, -137898228L, 1157455772L, -647444462L, 86233984L, 
1609629460L, -1662363352L, 358991930L, 1615374288L, -2068274580L, 
-293104588L, 754441362L, 1156842848L, -913313460L, -1781665312L, 
360679330L, -258920536L, 8772748L, 11049916L, -1391304590L, -1100852240L, 
490442820L, 188273752L, -2085922758L, -269463440L, 2024581692L, 
682810132L, -161845566L, 173252320L, -1766960004L, -287186736L, 
-1594805342L, -1369038296L, -750846708L, -196875332L, -2101449422L, 
91935936L, -2053530060L, -441305400L, -38916422L, 1800374416L, 
1226918636L, -773524908L, 10442386L, -992810208L, 1827269580L, 
429737184L, 2127760066L, -302972888L, -1558969428L, -1593146692L, 
-436564494L, 1109126704L, 1288791972L, -425269832L, -673274022L, 
-921778032L, -2127428740L, -1431004396L, 2010775874L, 668857088L, 
6158268L, 1169490768L, -46854878L, 2093606472L, -1957525492L, 
269719644L, 359965138L, -2102410752L, 226965844L, -789855000L, 
-948691718L, 534814416L, 1474000172L, -726394636L, 786324882L, 
-1872080544L, 687632396L, 97502944L, -1946695070L, -848451928L, 
-69437876L, 2136056700L, 1260557618L, 39007856L, -250025148L, 
-265890856L, -1839648902L, 1781697072L, -1402709060L, 1865024084L, 
-1029348286L, 465453216L, 1327811260L, 784428496L, 881964898L, 
1052084968L, 1468495052L, -289817092L, -1974097422L, -1047796096L, 
-904337932L, 197341832L, 639414074L, 429010768L, 104815724L, 
2035209620L, 1633899602L, -2059044384L, 200928460L, -1373718368L, 
-1354892926L, 1865681128L, 1174465260L, 1546065212L, 479581298L, 
-1057608592L, 369751076L, -335069128L, 425734938L, -1559575344L, 
2022327100L, -1798983788L, 533182338L, 58564032L, -349736388L, 
-161621616L, 74113570L, -1318585080L, 848200332L, 1627997980L, 
-318973806L, -1024079488L, 667019796L, 912929576L, -1482891718L, 
117375440L, -120797844L, -1633887308L, -487437294L, 133093856L, 
1859206092L, 1752127712L, -153415646L, -1230025432L, 1937042956L, 
-457585860L, -1522211854L, 1429647088L, -1478806972L, 1909861976L, 
1970926394L, 1242505712L, 1253621436L, 2039827732L, 566662850L, 
-1804380064L, 1283417980L, -1660032048L, 17960226L, -1029187928L, 
-1865716852L, -648954692L, -1841158350L, 1890794048L, -111320908L, 
307128904L, 322719162L, -1280400880L, -1296582932L, 1657304404L, 
-1798736622L, -1214252640L, -1665804596L, 1432809056L, 2116369346L, 
-1589990616L, 1866775468L, 943087420L, -1571046030L, 1004187440L, 
-1228344028L, 954524472L, -1960517926L, -2049676400L, 51760318L, 
353389195L, 1271816461L, -351009478L, -847149704L, 1653411617L, 
1553188819L, 1225395956L, 1626951554L, 1087641111L, 1427569889L, 
352553510L, -1637799132L, -560692267L, 2024739711L, -948021736L, 
-1363600074L, 812536771L, -1275520507L, 331243938L, 109266320L, 
-725719751L, 1852051947L, -1975307556L, -219875574L, -1990149633L, 
853389385L, -901465634L, 1647821196L, 2018983261L, 221986151L, 
798113424L, -111460178L, -813989541L, 381883709L, -1347926102L, 
-651231160L, 2035734641L, 852047331L, 1627025636L, 1736629266L, 
-1403013145L, -783654991L, 1997656566L, 943725588L, 65307429L, 
1259525167L, -1532082712L, -1150864698L, -892994701L, 1199449045L, 
1926294450L, -1194693248L, -1104382615L, 226654683L, 1148526892L, 
-1609743558L, -884376081L, -1314092935L, -1640459506L, 1790584540L, 
367351117L, -953595721L, -922922432L, 993676062L, 701886955L, 
-501867155L, -2116607014L, 1742005656L, 734784513L, 570854835L, 
1053316308L, -873397790L, 1390173303L, -1227390527L, 625630022L, 
-564476284L, 1897648181L, 1096433695L, 1444194168L, -1681056170L, 
220664547L, 908678309L, -252969662L, -858338512L, -1106120871L, 
-116579125L, -1940769476L, 1726636394L, -1560237153L, -1188944343L, 
1981335742L, -190541396L, 2057252605L, 19995207L, -107013840L, 
-35757490L, 682904187L, -1870169635L, 2057981962L, -947130072L, 
-256135279L, 1763557763L, -1649844604L, 548273330L, 1574493191L, 
409618513L, 123246550L, 1964865204L, -779942203L, -1813219313L, 
-1456322424L, -2077230682L, 1273798995L, 2103497397L, -1076852718L, 
-321959456L, -1188619191L, -510268805L, -258935988L, 582235866L, 
1263741647L, -756475239L, 1440675502L, 2022237116L, -2144814035L, 
1710707671L, 358988320L, -441377922L, 53708107L, 653174605L, 
493890938L, 1947824056L, 152950113L, 851028243L, -1110752972L, 
1329863490L, -118596777L, 1669487265L, -2063484058L, -1816971932L, 
564789397L, -1267887681L, 1204479320L, 1967889270L, -1862002301L, 
