.Random.seed <-
c(403L, 11L, -3285806L, -1958131356L, -187716441L, -1258515971L, 
-1757561868L, 755954906L, 415258149L, -1185871041L, -909907770L, 
-433527472L, -1545286285L, -2114463855L, 1671162304L, -1613567074L, 
-1063037591L, 1500925339L, 519082154L, -1275056436L, -970125425L, 
1603410885L, -191283332L, 84557778L, -317862067L, -591712761L, 
1209069038L, 219601096L, -629499957L, 1188635177L, 1844387960L, 
-761152090L, -1794152511L, 1134845011L, -1025363198L, 649369140L, 
1730188215L, -1247046739L, -1840719676L, 534027498L, 910840661L, 
-1365179153L, 1010928374L, 1864054304L, 1868508131L, -1296408447L, 
1607245552L, -628634226L, 1649107705L, 365404299L, -1662474054L, 
335322044L, -72212225L, 877036629L, -1439592596L, -1429823550L, 
-76793827L, -1152087913L, 227579390L, 1909491128L, -1884304997L, 
2087833593L, 371857224L, -1648348554L, 2077985713L, -726518301L, 
1369082546L, -433871100L, 1230224455L, -598025443L, -1230306924L, 
-1374214854L, 138344837L, 779049567L, 1826159846L, 146042736L, 
-1955958637L, 356793649L, 521866208L, -1233061762L, -1323203831L, 
-654555845L, 457251082L, 1125968108L, -1449503377L, 1910012581L, 
622285916L, 1263858738L, -1534094547L, 570116583L, 1253250318L, 
-773248280L, 1280058603L, -2035384951L, -239018728L, -58572730L, 
502409377L, 928476979L, -675275102L, 1412173204L, -778349545L, 
-460131315L, -474603228L, 1232653578L, -404870027L, 1763805135L, 
1114425558L, -837203840L, -747006269L, -1341652895L, 639291600L, 
779471406L, 374307801L, -1552382997L, -1621564838L, -1341869028L, 
156397855L, 1745961333L, 799129612L, -1799542302L, 149852861L, 
1111125303L, 1136013790L, 625596184L, 924450427L, -30340071L, 
332504232L, -1860839850L, 1483207377L, -337493373L, -1708779246L, 
700783780L, -1663030169L, -751753795L, 1555437364L, 656229530L, 
-1194300699L, 356037759L, -1616540154L, -1939818096L, -695139277L, 
-1307695L, 1665974656L, 436546654L, -1271166039L, 452719195L, 
1712850538L, -1205368052L, -2068546225L, -1293236731L, 1311091900L, 
-405869166L, 1644758669L, 1190034631L, -447440466L, 1353401352L, 
1004435467L, 405974249L, 1575864L, -1728088986L, 1840026881L, 
201683859L, 1025365058L, -101184524L, 480937463L, -515802643L, 
-1812522364L, -1742996310L, -1191425515L, -21539153L, 856659126L, 
1657357024L, -1946837469L, 351494465L, 940399664L, -627366322L, 
-908684615L, 1019283147L, 1099341690L, 1809245820L, 426091199L, 
463012757L, 1587717036L, -1253078654L, 1482379101L, 1454973527L, 
1518692670L, -1362613896L, 834413147L, 1763042745L, -1465780216L, 
1023232694L, 2111881713L, -457803741L, 406067314L, -1122948412L, 
1593441415L, 1612402781L, 710784596L, 2009019514L, -1078394939L, 
1134100767L, -1228640090L, -389131728L, 1488472275L, -1002797327L, 
-1573427680L, 69693630L, -1700784951L, 1548377723L, 850185290L, 
320402604L, -1525779537L, 106297189L, 499780892L, 754742642L, 
-1945092627L, 741462567L, 739582542L, -2077333848L, -714580821L, 
814390729L, 202805720L, -282908538L, 1583584609L, 856926451L, 
-1316210846L, -767335980L, 201237719L, 1446517040L, -2073966428L, 
1577171640L, -2018025638L, 904723856L, 415460732L, -505442028L, 
-494817982L, 1439560448L, -301454404L, 23057232L, -600464094L, 
-1649891000L, -111571956L, 1088273500L, 423044306L, -1208278016L, 
-367384748L, 701225448L, 1632254970L, 23431888L, 740853036L, 
457825524L, -190143598L, -1765036960L, 1952200972L, 1396939488L, 
2058757474L, -76204376L, -1035141556L, 307991420L, 1711922L, 
2009227888L, 2002030916L, -971077672L, -1687894918L, 1343629872L, 
407776956L, -1962422444L, -1792295358L, -1854505056L, 1034362044L, 
-819752496L, -2082659998L, -1993381912L, -1586005044L, -737763588L, 
2038924274L, 1363317888L, 130769140L, 560230536L, 2144104762L, 
823464784L, -1035181972L, 664542356L, -1061608110L, -1468792096L, 
1597156556L, 1712155808L, 222653826L, -87819032L, -279245588L, 
-976500676L, -769999758L, -451822480L, -2145598940L, -1369598408L, 
-2019646950L, 1076032720L, -826407364L, -1341648748L, 1294253186L, 
-1332847680L, 1665020220L, 1350672016L, 797217826L, -1142693880L, 
-539843444L, 1253540892L, -1731940206L, -973675392L, 997141524L, 
1782560552L, 1296898106L, -1067521840L, 1365141612L, 1028316852L, 
971877394L, -901565472L, -1878301748L, -1672744480L, -1443190750L, 
599500072L, -1453731572L, -1132166596L, 163940594L, 2011286768L, 
379492164L, 1562471512L, -1645885894L, 2122944752L, 626796220L, 
468214292L, 738307266L, -1130669472L, -798088836L, 1435274448L, 
-627922910L, -541768536L, 1764331916L, -1099345476L, -724607950L, 
1378162496L, -1405234508L, -1165001400L, 206710458L, -1465396464L, 
-412043028L, -1393623980L, 866343698L, -1356087904L, 1551800268L, 
-833821856L, -458576702L, -595803608L, -1353716308L, -1104610500L, 
-1578426510L, 1645797168L, 979416100L, 1214181944L, -33380646L, 
-689056880L, 1277643004L, 2103165332L, 1277899586L, 1595103744L, 
-519048132L, 422009424L, -399690590L, -1355819192L, 1589616140L, 
466865884L, 1320357970L, -319766400L, -19698860L, 1013502952L, 
-938753286L, -815927472L, -432984020L, -1897627276L, 1164894866L, 
1208103520L, 23483532L, -1723456160L, 619161826L, -758943576L, 
-583251252L, -1298795012L, 26386354L, -506222608L, -2105768508L, 
-1221822120L, -1560013446L, 1313682864L, -1391494724L, 1890732628L, 
-1551454782L, -869205216L, 1922517948L, 2044593232L, 737349602L, 
-962841752L, -58570932L, 1033890556L, 1639381746L, -174919424L, 
1573180532L, -347510264L, 86194618L, -1914050096L, -1820193812L, 
-976423020L, 1482702034L, -1956452256L, -800616116L, -1257130208L, 
1826167426L, 2096114152L, 1732236268L, -1861210564L, -1753421198L, 
-708120720L, -1347788508L, -918065608L, 165920154L, -580549168L, 
23028156L, 225833620L, 1444841090L, 1221284288L, -1646145732L, 
-1634294128L, -2028031198L, 733087240L, 33756940L, 1874179996L, 
1016819730L, -1092484224L, 266710804L, 205785384L, 1380905018L, 
-2069821488L, 916327020L, 896195636L, 916415634L, -2030441120L, 
-331001524L, 200718816L, 2076512162L, -24342616L, -1457036148L, 
-1841544260L, 507443314L, 1650820080L, -168394684L, -1201675176L, 
765599687L, 1321232048L, 768132302L, 746827259L, 969725533L, 
-2113756790L, -569402968L, 1229821713L, 2033542659L, 1084481796L, 
349705522L, 739492743L, -1404513839L, 1864919894L, 637526324L, 
-1735098299L, -223065969L, 113157640L, 1126238758L, -421946669L, 
896068661L, -151374958L, 889344864L, 1438805705L, -538766853L, 
-1987101236L, 863489114L, -357273265L, -1959194599L, 719762990L, 
1824250940L, -1778968147L, 1136056919L, -928754784L, -1025148674L, 
1250577355L, 1091685837L, -1285619462L, -1054047432L, 1876599009L, 
-96472173L, -694585420L, -707990334L, 1659273431L, -484524767L, 
1420733670L, -1175737884L, -380213995L, 1407319359L, -868568872L, 
502722806L, -728659197L, 1595161669L, 1311708258L, 41984976L, 
894306553L, -1991212501L, -475370084L, 1039390154L, -2021456193L, 
-1016010743L, 1460377886L, -1754440500L, 1928820893L, -1832600281L, 
518917968L, -1208073746L, 795453083L, 2053654781L, 1646612458L, 
-1809483640L, -1158822351L, -496156509L, -1181387612L, 1669731666L, 
-1133911897L, -760040207L, 179348534L, 108948692L, 1720029285L, 
-946595217L, -851389272L, 1673146886L, -124169421L, -1580669035L, 
-1687985166L, 1786779712L, -2138396247L, -783423461L, 1091515884L, 
-1656453638L, 648892975L, 676707897L, 810412110L, -269471588L, 
-454553075L, 954674807L, -1961007488L, 734815454L, 153737131L, 
1568487597L, -1551885030L, 1210726872L, -1206795711L, -1576396557L, 
1411405588L, 1173847714L, 848885687L, -880827519L, -1421864570L, 
-1285741628L, 1605381877L, 855587679L, 2049213880L, -614425450L, 
-1472941405L, -2055220123L, 195813762L, -340829456L, -1593364839L, 
-879201653L, -774163588L, -1554094678L, 1926901215L, -201983127L, 
877362046L, -643935380L, 79919037L, 1263436935L, -1141983120L, 
811426574L, 1031475259L, -1493401827L, -984044086L, 1770907368L, 
-472290863L, 1882414019L, 1719407812L, 1658841970L, 1768101447L, 
