.Random.seed <-
c(403L, 296L, -1823269540L, -562155675L, -423489664L, 781022063L, 
79173155L, 189143568L, -878297426L, 1423727188L, 633416655L, 
-1576466386L, -1979178577L, -101008617L, -1425298879L, 197259079L, 
1251339452L, -1858629597L, 1835626423L, -1848096167L, -274189933L, 
693629273L, -353169124L, -1247712388L, 440094866L, -1312531192L, 
2133893534L, -399710226L, 758361829L, -1043474468L, -81873417L, 
1148374658L, -1447019594L, -481724207L, 464610947L, -100163767L, 
-1189039181L, -1660407617L, 2001672462L, 2092036999L, -1478820452L, 
-1820978767L, -1872067082L, -951344106L, 117667499L, -1673648252L, 
-1995145434L, -513477055L, 1657275724L, 314200547L, -1037694776L, 
-505180612L, -536736969L, -922340011L, -1883180853L, 2037868463L, 
55552469L, 1489699042L, -229310388L, -1857069943L, 1607080619L, 
1984564551L, -352756466L, 572452475L, -923617589L, 1171450682L, 
-849164410L, 365633974L, -151417406L, 387865537L, -1849193301L, 
-1165012543L, -765143434L, 619693671L, -1902509010L, -367196902L, 
-313861229L, 599120439L, 1630854454L, -563789617L, 2010597184L, 
1828025903L, -595660060L, 839025807L, -206408507L, 933258041L, 
-728360925L, 341675531L, -1278435877L, -630529824L, -1905933989L, 
-2027837086L, -553560457L, -285845477L, -379039089L, 782929228L, 
1940190651L, -292435013L, -2030275350L, -2051645687L, 855754911L, 
-170774304L, 1192005309L, -1244580401L, 983526120L, -1369033865L, 
136883051L, 962331218L, 418675815L, -91883297L, -1031699271L, 
882516225L, 1113489671L, 370172054L, -286790620L, -1411422200L, 
2135409792L, -1405304133L, -507723187L, 1227188550L, -302940865L, 
-1758005244L, -954009296L, 1747553445L, -1164607474L, -1331924724L, 
-1005305158L, 230025116L, 1092863459L, -1446506347L, -1975399458L, 
-964216203L, 1864557213L, 1182603137L, 957773820L, -1845875007L, 
128792823L, 918624431L, 217096300L, 1874018539L, -689564781L, 
-875914535L, -258641204L, 1200350261L, 150295858L, 630180470L, 
-1448898287L, 1817910062L, 1496117486L, 785846725L, -346606634L, 
1932376735L, 940550566L, -176535503L, 1311622597L, -42532558L, 
1362110928L, -1298905068L, 1691119705L, 1140524292L, 308386194L, 
-1524699241L, -839910918L, -1351818605L, -114804039L, 79934748L, 
-311418559L, 846967124L, -757580486L, -296619691L, -1678980022L, 
1814390704L, -1847608204L, -1896142445L, 1854311381L, 1524937860L, 
-1652988469L, 251110336L, -1942424520L, -677404400L, 1033887564L, 
-889248078L, 2019597547L, -1568339478L, -1833467487L, -654033351L, 
1104435598L, -486355990L, -365386714L, 386632734L, 891944308L, 
-1410144809L, 693500999L, 411292070L, -26271661L, -1634688796L, 
1649687589L, -506192964L, 1594955410L, 1264090434L, -1630318864L, 
-1460856622L, 1822932740L, 1380404607L, -689925184L, -965611300L, 
-64148796L, 1573457829L, 1803112756L, 2113454330L, -1112237777L, 
1281716387L, 180194986L, -1479958660L, -392408228L, 1600635309L, 
1016096510L, 901001064L, -223444293L, 1303791868L, -2092422428L, 
-1906739426L, -1188039039L, 624362153L, -1199571964L, 970023067L, 
-83986004L, -1583510051L, -1417140176L, -535732322L, -278210221L, 
292553412L, 832155920L, -1931602999L, -600176065L, 1187109113L, 
-615246758L, 1733840648L, -311300255L, 125687569L, -41872825L, 
1531366264L, 2043833985L, 1921783993L, 964599135L, -1343683840L, 
-1839031036L, -206258039L, 1492173423L, -461869983L, -2081048706L, 
-2055297998L, 346746767L, -340556306L, -508913852L, 450418104L, 
-1166715965L, 548636931L, 2135236990L, 2020428882L, 1676985925L, 
1809468697L, -672828835L, -717394240L, -891005159L, 47733367L, 
-992459318L, -383407451L, 170931845L, -783493090L, 145020328L, 
562841030L, 792165205L, 874108358L, -1809536855L, -2029155318L, 
1899626163L, 21824514L, -406684685L, -781382760L, 506916954L, 
692343207L, -765880682L, 313408715L, 1745800924L, -1478282043L, 
-714260199L, -1046436639L, 570247774L, -829979371L, 679230413L, 
-726146353L, -805810681L, 1262052127L, 1443304079L, 117380996L, 
-1696172626L, 1933837794L, 1234952107L, -338743395L, -1381119454L, 
543108046L, -1049602127L, 185319505L, -930093688L, -2138169757L, 
-1027417080L, 2119111735L, 574530021L, -570364956L, 264773404L, 
-2026646226L, -1920042160L, 2101034041L, 1169836234L, -1207254081L, 
-335767933L, -792237078L, 1417637713L, -1931788400L, 1184142657L, 
-123292044L, -848681848L, 2065657168L, 1184018017L, -1317295050L, 
-762581136L, -1514690940L, -1500741224L, -1832332697L, -1429989715L, 
121950949L, -1165316223L, 1323561990L, 1632306085L, 585922150L, 
-760762320L, -798027232L, 542684106L, -1494134484L, 779849548L, 
-1555201623L, 2115852475L, 780327648L, -1734053337L, 1419641100L, 
1957858995L, 1293693523L, 1664074882L, 474377303L, -1500382268L, 
586639980L, 906729543L, 1345913453L, 255082935L, -442669739L, 
-649604150L, -151556117L, 1346533352L, -792397627L, -41731508L, 
297362522L, 375681270L, 461977063L, 101947115L, 1974175023L, 
2072059001L, -87849036L, -1404525291L, -1144375869L, -47222904L, 
1447308921L, -1008983960L, 720231529L, -48177624L, -1437428908L, 
-998760266L, 1177479173L, -744357778L, -937808840L, 1033089392L, 
-1777907010L, -491697242L, -1981932976L, 1284319977L, 1358175124L, 
-1418228363L, -968061842L, -409332192L, -709731371L, 1268398278L, 
392908832L, 949246852L, 340162322L, 702648074L, -1569710488L, 
-1757535967L, -1895960005L, 1168317552L, -279773202L, 1328035129L, 
-999065977L, -1236415842L, 1811487593L, -1320200740L, -767062284L, 
-1712084766L, -1200310166L, 1275108354L, -1875572067L, -482633796L, 
1183676289L, 440461475L, -1199674365L, 436505465L, 1750827812L, 
304602202L, 361822498L, 460850429L, 2144247436L, 1026297415L, 
-985179442L, -1660890642L, -1809342752L, 182972253L, 1189196199L, 
-1214912114L, 371935830L, 791695247L, 1198002278L, 1609594693L, 
-1899386345L, -652946143L, 515039472L, -1232378436L, -1399149013L, 
-168752853L, -1314863223L, -1483142621L, -1041653242L, -1576555730L, 
-515691639L, 687937154L, -872051288L, 1919613436L, -1345658452L, 
-1108011505L, 1911392841L, -633404300L, 1662321369L, -31515629L, 
944899737L, 1994513462L, 1516050633L, 38600359L, -813066714L, 
-1367576965L, 1894075660L, 1410770131L, -63511581L, 1751942329L, 
634411054L, -704806328L, -2124503616L, -1427126391L, 744144349L, 
365041691L, 2060192421L, -770619603L, -225514958L, -778555631L, 
1161699704L, 1234390958L, 963529422L, 516586885L, -1075373067L, 
-1558029409L, 1215003835L, -1437956697L, 626825526L, 1413435003L, 
-1052528394L, -774320942L, -1426334968L, 1152611654L, 1248486808L, 
-880389438L, -724963963L, -1273279961L, 862472198L, -638330668L, 
1675919472L, 119528591L, -554836813L, 2119356833L, 1725570426L, 
-1348069407L, -1443501291L, 637030449L, -854196489L, -103170120L, 
2112011300L, 1803994243L, -1541774548L, 1819144627L, -664896265L, 
-1616158092L, -112867510L, -1727080825L, -872642879L, 1903988821L, 
1509966571L, 1502573717L, 797862459L, 1514114561L, 606771833L, 
2128374270L, 1225652102L, 1381050041L, 1942209681L, 2124100491L, 
1756162919L, -1078549345L, 522206261L, -1843471314L, 710452507L, 
961513294L, -930531685L, -1803253220L, -535222190L, -1443410784L, 
-1473261531L, -238772028L, -677511460L, 966709598L, 849603423L, 
-1533262737L, -740489482L, 895874850L, -1545259933L, -1151916980L, 
-1918271521L, 1135561840L, -1779333116L, -1152138195L, 1250878716L, 
-819668077L, -1184245647L, -1174192148L, -1947362225L, 901517992L, 
-1877316845L, -204382956L, -99657016L, -1428811848L, -1559680806L, 
-1332254335L, 358920585L, 364423359L, -1106900896L, -1387082146L, 
520005894L, -1983765717L, 2114204664L, 1846730443L, 1417948210L, 
749130577L, 1392260431L, 913715664L, 1414686322L, 1596681972L, 
-1194720776L, -51144361L, -153486239L, -1990042477L, 1997130651L, 
-133565215L, -1600953360L, 1405630328L, -932071853L, 731241321L, 
-1982295543L, -830694206L, -537106287L, -537578438L, -378379940L, 
-1999467209L, 1736528799L, -673459044L, 137636199L, 2077855860L, 
666457815L, -1871565917L, 1830918646L, -258465263L, -928466767L, 
-1633077576L, 853178671L, -1651480335L, -1315620869L, 514475664L, 
