.Random.seed <-
c(403L, 96L, 162914142L, 2145205026L, 248031165L, -386494118L, 
-393671299L, -1379502845L, -594345084L, -1505006245L, -403282076L, 
-2007134392L, 244351859L, -550867400L, 22688975L, -487178139L, 
-1071376594L, -771378747L, 1612568114L, 1154514494L, -1785465639L, 
-1346781658L, 617702401L, -2047622769L, 2074353040L, -1764431769L, 
-1611089456L, -1202473588L, -1689837257L, 558546044L, 1514320523L, 
500243497L, 1881419458L, -767107991L, 1206493878L, 141675850L, 
2114026693L, -1531666782L, 2024897797L, -406228773L, 1352552572L, 
-565596029L, -710828308L, 1320999888L, -1990494421L, 1398695568L, 
2038199639L, 1759514285L, -72391898L, -128503283L, -1301888966L, 
-1352376938L, 888706929L, -890913346L, -1489032583L, 13326295L, 
-1495768488L, -1444862753L, -605914616L, -1544562335L, 583594263L, 
-112247042L, 123672052L, 1035340758L, -660866008L, -777125667L, 
298255383L, 365848219L, 934651545L, -1410708L, -856824082L, -601060696L, 
1567528890L, 1109086915L, 1162238449L, 831268325L, -31644829L, 
-602392998L, -1851409072L, -1537429974L, -428541612L, 283621857L, 
901973891L, 507012143L, 1199682821L, -1122261080L, 1802775626L, 
-1620696644L, -418534410L, -320037577L, 1166223693L, 989617033L, 
-1643141313L, 1924631014L, 1226859132L, 216767358L, -1866622880L, 
-679787371L, 157386191L, 260105347L, -1221855535L, -1167879484L, 
-789310266L, -1043541184L, -1293049582L, -1059002645L, -1511287447L, 
-40209075L, 1774923595L, 1928013922L, 1706595576L, -1143815150L, 
-491168916L, -890048551L, -1282527909L, 374991479L, 2016325789L, 
784899264L, -243905598L, -1547947788L, 1777554222L, 879640767L, 
-1901273627L, -1081203471L, 646104359L, -1598469010L, -1211392796L, 
1078208070L, 951636376L, 1428890541L, 1605232455L, -1145716821L, 
-929942135L, -112596196L, -375543106L, -1374233544L, 478094442L, 
-1879288045L, -872191135L, 1978036373L, -908433581L, 470095274L, 
957634432L, -1325086182L, -1083827484L, 1928450353L, 1501930323L, 
1531715263L, -597607659L, -87935560L, -1241700262L, -1184146932L, 
-1603078554L, 579703559L, -792819267L, -231025703L, 2136851343L, 
-2094300010L, 1284350636L, 555375022L, 509861008L, 17481125L, 
-1847199745L, -209221933L, 2112072705L, 418717236L, -1670777578L, 
-1956502768L, 884679490L, 1952764795L, 386973977L, -588592067L, 
460820731L, -1195026382L, 1510968232L, 347532034L, 367656828L, 
676361001L, -2006506773L, 1133760519L, -740837843L, -1221740528L, 
741219602L, -2049705212L, -2075252962L, 1070262351L, 2128755221L, 
-1529167039L, -1636940169L, 1728364766L, 270838612L, 1977487030L, 
-271592312L, 1537491261L, -644846409L, 1859877307L, -900053959L, 
-78067444L, 1443302798L, 1535057352L, 107248026L, -1345703069L, 
-177996335L, -1826121723L, 950870339L, -1417276422L, 1688963568L, 
1015980426L, 1209969204L, -1725774527L, -1634162013L, 1004196495L, 
-578806427L, -1850121464L, -1333395670L, 629906460L, 1278559638L, 
1931816215L, 1882484205L, 1961958505L, -412588705L, -455538938L, 
682409052L, 2058967006L, -1017221056L, 729086901L, -1352724625L, 
-1359731037L, -539198095L, 469350500L, 1834340646L, 1305611104L, 
-2036242254L, -1791545461L, -425729335L, -1875788563L, -899663765L, 
-1082361406L, -1864577064L, 1822121010L, -901122868L, 833641785L, 
-246854277L, -140051433L, -1576745859L, 174251680L, 259133218L, 
-708323308L, -1951790898L, 521272031L, -147168315L, 1694669265L, 
-248977785L, -127744434L, -2095706684L, -22391642L, 1311682936L, 
1634240013L, 1498759399L, 20925387L, -1491020887L, 56420156L, 
1282483678L, 1610477784L, -549670070L, 597801523L, -1549919807L, 
406881077L, -1561307597L, -1639355830L, 986827296L, -183640070L, 
1256081988L, 1760558609L, 767289459L, -1280257505L, -437094411L, 
-2054465256L, -1262430790L, 119493996L, -1478260858L, -1858899865L, 
1230175581L, -43188423L, -1727701073L, -1539531722L, -1913474039L, 
526767558L, -782692118L, 942636658L, 34448648L, -968370255L, 
-245633091L, 31753229L, 554785279L, 1944838852L, -385105884L, 
-2112329320L, -753987710L, 1856123123L, 803484755L, 1886903063L, 
1679063701L, -1789636350L, -145778610L, -1940976506L, -1774659212L, 
-1969622355L, 503876857L, 1424066129L, 1736764147L, 1286298280L, 
-880838688L, 2129189876L, -658171082L, -1060264105L, -1381267529L, 
1043394963L, 2047054113L, -956196946L, 1222803650L, 1084262522L, 
1872704080L, -1278668151L, -626531435L, 1047279973L, 817273591L, 
-834624852L, -590563412L, -2103440560L, -229443270L, -1236772901L, 
-894433701L, -1617625745L, -762443459L, 2024205434L, 1589221430L, 
2080636126L, -1201055828L, -322589195L, -1685514015L, -1546457351L, 
873162651L, 534160160L, 1434701528L, -1214228452L, -1644014114L, 
2077935375L, 645086191L, -129751877L, -783512807L, 1748014486L, 
-767878886L, -1201956222L, 781179576L, 354392417L, 596531181L, 
1413564861L, -67024145L, -801786348L, -1352309836L, -1624296824L, 
-134146318L, 1053169219L, -1814810653L, -1470637305L, 696559045L, 
-1149381742L, 1151173598L, 2137231094L, -1964720508L, -620574499L, 
1348519433L, 1562812481L, 1676501667L, -1186506344L, -1871477296L, 
-944585020L, -1635695162L, -246120025L, 383184103L, -1372771677L, 
-1949077743L, 1001245086L, -1163241454L, 1064978666L, 683984928L, 
1023277273L, 1287364965L, -282883595L, -1428414137L, 795318044L, 
1265790684L, -132797024L, -164091702L, 779080779L, 1595529867L, 
955509759L, -1432291763L, 913486058L, -4887642L, 40630446L, 1673185948L, 
1635473029L, 161361L, -1434880055L, 908202795L, -1612323408L, 
-1156261400L, 1386387020L, -176299634L, -1118851201L, 1009849983L, 
1947973291L, -827314007L, -1827085594L, 1045069706L, 387104402L, 
411248872L, -771286255L, 1609324573L, -1605722387L, 634024863L, 
-2107963164L, -383128060L, 1908331000L, 1121798498L, 1033476627L, 
-949050957L, -1241532233L, -192185547L, 105346722L, -267046290L, 
492750630L, 1494591764L, 1393462669L, -1264380455L, -766986959L, 
1385027603L, -2129960952L, -1053112128L, -1819810220L, 940434390L, 
1251916215L, 127564695L, 1137683443L, 223843009L, -1366535922L, 
-617626462L, 2061408218L, 62384816L, -1415319063L, 1720437493L, 
-1383462075L, -737735849L, 317770385L, 821184488L, 12256829L, 
-1470313506L, 533362415L, -607535654L, -728813695L, 2059927342L, 
1315206081L, -443045332L, -472991011L, -1892478318L, 710695095L, 
967460950L, -1456561859L, 1960645862L, 416803729L, 1650190696L, 
1022385909L, 875597286L, 1354373903L, 883009162L, -212752543L, 
-400787530L, 1251486505L, -1237545284L, -244554931L, 839650314L, 
-288582913L, 2052778102L, 1517510509L, -130640122L, 403705313L, 
1169235528L, 1801577021L, -564422338L, 1977391615L, 1114780010L, 
-2128167295L, -322017058L, 724880257L, -659670692L, 373741885L, 
160497490L, -1601360089L, 1119988246L, 83717789L, 1606155750L, 
181750257L, -1954914120L, -965380939L, -1954297914L, 659616111L, 
-1773836790L, 1599276817L, 176961126L, 1079632681L, -572512804L, 
-526670984L, -1076489566L, 314628437L, 647839569L, 1438577610L, 
1458769652L, 231364589L, 447690801L, 1214491476L, -2025250838L, 
641296937L, -89987655L, -1617025894L, -4032768L, -1777674391L, 
1939752713L, 1671289248L, 1978290066L, 401735173L, -1223860135L, 
-913349342L, 1829301388L, -928088443L, 897300809L, 1427683668L, 
-1073297462L, 1085372753L, 1679875441L, -278690014L, 1444622784L, 
266398505L, 1403718993L, 1612255992L, 474268658L, -1831590475L, 
1113670929L, 1937179530L, 405778356L, 201772749L, 59088289L, 
1909849252L, 908217434L, 1161836969L, -521145639L, -2033505974L, 
612300192L, 18857273L, -1444174775L, -1322560304L, -160553918L, 
-1405707483L, 1399313161L, -1059002894L, 1132999612L, 140422997L, 
-1936308887L, 1153226660L, -299147046L, -226607071L, -322418399L, 
-547596158L, -787996704L, -306081223L, -1974908767L, -983146440L, 
-1354210206L, 1716392213L, -1746345039L, 643236746L, -1858561676L, 
-1765881235L, 1972357265L, -458640940L, 2041435018L, 697582601L, 
-687091847L, -848073254L, -1649793248L, 1577257833L, -759866615L, 
474677856L, 2112286930L, -353288251L, 239295033L, -395661662L, 
936447244L, -1079880443L, 1990536489L, 79189140L, 1097023690L, 
