.Random.seed <-
c(403L, 52L, -1126363859L, 1438563303L, 1818442510L, 2110782696L, 
-48687381L, 1013381001L, -859782376L, -72100282L, 696436385L, 
-435123917L, -1829443422L, 494708628L, 723355159L, 1563963917L, 
144688932L, -125533430L, -513749387L, -1837093425L, 1499125462L, 
-897394048L, 1606812867L, -819895711L, -1855522096L, -111551442L, 
1537896921L, -689017365L, 243427418L, -204953060L, 1978616607L, 
-1502167179L, -1907464692L, 455491554L, 287114429L, 1361281847L, 
-1396757538L, -1566447336L, 1667636347L, 459080217L, -175349080L, 
-372815786L, 174671057L, -120831869L, -313634030L, 393561764L, 
-1147145625L, 2118937533L, 1107739956L, -1601618278L, -197718811L, 
-2142687617L, -784975866L, -1932002416L, -1257339341L, 1863751121L, 
-263067776L, -1422394786L, 822124969L, -224587685L, -495892374L, 
1002629388L, -893639857L, 731906053L, -519020868L, -583141486L, 
-359488371L, -537525561L, -964234322L, 796339720L, 491586059L, 
-692071703L, -163324488L, -1795417498L, 1713727233L, 689721747L, 
750381634L, 1239383540L, 594069495L, -1386824723L, -1136847740L, 
-1068365142L, -1893933035L, -1443690321L, -393673034L, -1061956384L, 
-10160093L, -193435839L, -2068575696L, -1835984818L, 1036011705L, 
1531542731L, -461749894L, 748977276L, -784271169L, 1764969877L, 
-828174932L, -274053246L, 323997021L, 46285911L, 1050665790L, 
2056457080L, -129882021L, 985034681L, -1415008760L, -806683466L, 
913075185L, 430806563L, 1620199026L, 1694211268L, -875603321L, 
-2036346275L, 1497289812L, -1897611654L, -60310075L, -1427587297L, 
263613094L, -763704272L, 682389203L, 1855065329L, 1478707232L, 
-637391170L, -1272821047L, -1187790725L, 1395424842L, -409507156L, 
-1725145681L, 946679141L, 416594716L, 579903346L, 1131475949L, 
1766405159L, 992554062L, -232632152L, 924565163L, -1794401335L, 
-1529940008L, -1292984698L, 2103109473L, 949738227L, 1929168226L, 
667964372L, 1370642135L, -864740147L, 585628772L, 1927123530L, 
-1705691211L, -2078586097L, 1711945750L, 1301496512L, 1754633347L, 
1670447265L, 802924176L, -1452739218L, 1559290649L, 1378609067L, 
-1067104870L, 606331228L, 38500447L, 589617205L, 1351424972L, 
-1916481758L, -1792208515L, 1409047159L, -701791330L, -779677096L, 
-431318085L, 341994841L, -1280514328L, 1492915990L, 1784903825L, 
-1562815165L, 834342994L, -663252252L, -316472025L, 321437053L, 
-1240820620L, -403931558L, 1617848997L, -78049089L, -1765412026L, 
-533192240L, 411747315L, 1299897105L, -652326080L, 302691102L, 
1192934377L, 2072105243L, -162182358L, 1649396812L, -1027570673L, 
-1742262459L, -1683175172L, -590334126L, -1890158387L, -1876678521L, 
-1999226002L, 2016881992L, -197510837L, 376499369L, -523088392L, 
1230968102L, -2082388415L, -1053569069L, -984398462L, -1988138572L, 
744437047L, -1645150163L, 1512000836L, 749423210L, 386163925L, 
1483199087L, -982206602L, 2097551520L, 1188188515L, 1742930433L, 
507908464L, 429977870L, -1794628743L, 1919544075L, -2043603910L, 
-1158712516L, -1315788673L, 1159711701L, 291808748L, 1235035970L, 
165316765L, -386871017L, 471648382L, 696989364L, 363864082L, 
-788996128L, 465408972L, 1819964896L, 931666978L, 1312625960L, 
-81870580L, -593617348L, -604646158L, 533969136L, 607594308L, 
-976912296L, 482359866L, -438884112L, -2081443140L, 1081831956L, 
-1188737854L, -1170536864L, -1976314500L, -1654969136L, -2021958622L, 
199100584L, -747192948L, -752178756L, -156649422L, -1028547776L, 
-178035020L, -1317498552L, -1645280582L, 298407696L, 1466132716L, 
-132786092L, 858287890L, 1058628000L, -908357684L, -713050272L, 
1908257986L, 445799976L, -397833812L, -1840975044L, -1409641614L, 
1272780592L, 1193592868L, 647814712L, 250819290L, -1054496880L, 
-1580569348L, 1833014676L, -157641918L, 1834560000L, -691271620L, 
728492624L, 217923746L, 2054853448L, -2088287732L, -281423140L, 
-1128366L, 1153207424L, 2012786516L, 354443240L, 1268931322L, 
597180240L, -1127787476L, 1616499060L, -703048046L, 2113444448L, 
1412700300L, -1856050848L, -252000030L, 1861747880L, -165224756L, 
-151270916L, 2000434098L, -1833296912L, 1578895812L, -1829106344L, 
-83166854L, 1022122416L, -2093825604L, 1073540692L, -161596990L, 
723626784L, -800162884L, 1241862224L, -881957918L, 2050770792L, 
-31228084L, -439259396L, 1609862898L, 517090560L, 588178548L, 
1158966792L, 773184954L, 684287440L, -1335816212L, -626791532L, 
2047054034L, -133055392L, 841733452L, 483134240L, 1465809538L, 
1401414120L, -1680350228L, -1048086980L, 277061234L, -2130496656L, 
217492772L, 2101262904L, -494595686L, -921664048L, -1609882180L, 
2044839572L, -1059782014L, -1525672512L, -1053257924L, -1121480048L, 
1379321634L, -1157097976L, -1964883188L, 1003559836L, -360586222L, 
-1077038208L, -469783788L, 458593576L, 222261306L, -1093823536L, 
527686252L, -2065261516L, 1557878930L, -530931360L, -823849652L, 
-950153760L, -1029819486L, 420875176L, -1450226548L, -1822694468L, 
2087722098L, -610797584L, 675976260L, -1440810920L, -1120681926L, 
-805228432L, 1975932476L, 1576130324L, -1534448958L, -416468256L, 
155643004L, -1775936304L, 1190472610L, -2068083160L, -1399965428L, 
-1150486596L, 536316210L, 1624678592L, 935535156L, -2095904056L, 
938810042L, -1662212976L, -945137940L, 1577795156L, 512771730L, 
382531360L, -404903988L, 1747828960L, 1266400962L, 564921384L, 
1258867628L, -193987908L, -449000974L, -264776144L, -1968199772L, 
1933398456L, 1745105754L, 1527706768L, -2097333380L, -1390700780L, 
-370340542L, 846438144L, -543435844L, -41488560L, 626719010L, 
1706820168L, 1081815052L, -712125348L, 2001273298L, 795844096L, 
2133938516L, 1925066984L, -1378381574L, 702629584L, -179736276L, 
1217466612L, -2088841838L, 324929888L, 1919535116L, 1775534816L, 
808483426L, 2046227112L, 1727867468L, 2070339452L, -1886108366L, 
1430476400L, -447868092L, -728094760L, -1192831110L, -1035327952L, 
1532450748L, -835643820L, 1322655810L, 2072260768L, 1855919804L, 
-1699128880L, 1044886370L, -804670744L, 1250713804L, 601424380L, 
1114284530L, 2001930880L, -1941881356L, 1523000968L, 1273274170L, 
-538037424L, 470969452L, -982732396L, -929426350L, -1545797152L, 
708106816L, -535448663L, -1540542949L, -601708564L, 443518970L, 
-907660241L, 1434485817L, 170554958L, -796096868L, 934886413L, 
1736900727L, -1669199744L, -1060253986L, -941546069L, -314444115L, 
848349978L, 114979800L, 503066689L, -830021901L, 732135700L, 
-1483156318L, 1687048631L, 382326145L, 368976774L, -101617212L, 
992180469L, -24372897L, 848303032L, -1358678378L, 1657864355L, 
40823397L, -250773630L, -1686366992L, -303960935L, 1203537035L, 
1047891324L, -1853637718L, -1074562081L, 757199209L, 1531682174L, 
-895255188L, 855975357L, 804398727L, -1893440912L, 1107101966L, 
-813263301L, -884259555L, 639324106L, 971397352L, 1926822865L, 
930004419L, 658036420L, 982015346L, -1891790777L, 1172837393L, 
2046891414L, -733288204L, 1233642117L, 1153420239L, -629275960L, 
2142045030L, -807487085L, 830862069L, 2000415442L, 1074877728L, 
1108270345L, 2021976635L, -1417068660L, -1050763750L, 1679337103L, 
535683545L, 2140018286L, -1712876036L, -397070483L, -1354147561L, 
-32639776L, -2100380994L, 1030862987L, 950642445L, 579069754L, 
1348837240L, 1989956897L, 2080130515L, 2089510132L, 2100469122L, 
1217636375L, 851644129L, 328800294L, -97444572L, -427129387L, 
1548388735L, -2095876072L, 821626678L, -1850867261L, 772902917L, 
526652322L, -1108607088L, -1832182983L, -1389088789L, -2147266340L, 
2080583946L, -933658625L, 1341641289L, 1858525150L, -1600489588L, 
-158636195L, -2114986137L, -466410352L, 999443118L, 717743963L, 
-1388792003L, 145769898L, 1182804552L, 2123393649L, -1603482653L, 
39360228L, -498356718L, -1367377433L, -1948109391L, 551744502L, 
1046388244L, 817135909L, -1383847377L, 1100738536L, 1235048646L, 
-552059533L, -601315883L, -1925912142L, -541923456L, -1385112727L, 
-1489506341L, 430913324L, -800483014L, 65505263L, 223908473L, 
1779840270L, -1542546212L, -2093583539L, -1778394441L, -239208384L, 
