.Random.seed <-
c(403L, 108L, -1200940454L, -108031850L, 812027236L, 635887064L, 
642678455L, -1560248982L, 1293037813L, 1363435328L, -289794955L, 
314137494L, -1214752504L, 90270513L, -1786053829L, -1363068768L, 
136312986L, -101832385L, -1321573907L, -303428118L, 330942001L, 
-1805923383L, -2008139208L, -1090467108L, -578871816L, 2034972377L, 
1948287134L, 1840275979L, -126155214L, -1730980565L, 169508902L, 
1995567344L, -1889834603L, 1933131807L, 1586987881L, 1398209172L, 
-393954966L, 1588759948L, 2014853771L, -951019191L, 551150094L, 
-1543592141L, 1377974805L, -2092271648L, 683375305L, 98133968L, 
-549711746L, 1269858615L, -1188589339L, 1270163373L, -127766268L, 
1760671755L, -1271525828L, 1860801733L, 1774765714L, -620431932L, 
1063347192L, 1223550463L, -1268680667L, 2116559407L, 509799289L, 
35512194L, -163252391L, -2000559905L, 391002338L, 356519589L, 
-1874264608L, -1559805461L, 1360895663L, -119640909L, -806869486L, 
-20530585L, -1345025760L, 255855150L, 1824475269L, 2041669653L, 
-581200932L, 1021371689L, -1306222390L, -1522777901L, 7192388L, 
-2115755777L, -2047193823L, -672477437L, 2136407461L, -1150559692L, 
-2001215717L, -1242101183L, -875653747L, -30194389L, 1441192978L, 
-913037923L, 940361337L, -2111475513L, -1815619751L, 1647849099L, 
-656298365L, 1639252795L, -1405605508L, -7099348L, -565594121L, 
943391648L, -1735067509L, 279549543L, 19243232L, 1310255984L, 
-517609332L, 1942358594L, -1775407191L, 1645109667L, 333932690L, 
-1655064193L, -1105360961L, 227959042L, -1491498773L, -1736473755L, 
-68746647L, -957362556L, -1771837697L, 1425384524L, 358452073L, 
937226978L, -1796887931L, 550758321L, 1915115492L, -864665923L, 
1150587280L, 884740652L, -506176029L, 724023453L, 1762009927L, 
1616629564L, -1088135614L, -1725170278L, -1050990177L, 1921015304L, 
-569066658L, 266235916L, 393000775L, 251326972L, 1851363156L, 
-1526002093L, -1525814725L, 447748299L, -727815485L, -1553777363L, 
-1984352591L, -371535198L, 1752912789L, 2137983641L, -460617220L, 
-889944746L, -168077288L, 1597576660L, 1012928588L, -1031360974L, 
1665241112L, 1324327059L, 1987547739L, 1379798769L, 1476849314L, 
1758677014L, -50186071L, 1625095882L, -556971336L, -436836L, 
-2113921648L, -1927715304L, -1220140656L, 2031502687L, 1416518685L, 
-1487378753L, -881561458L, -480274038L, -1813484720L, -348177482L, 
1044313181L, 333347713L, 1770298991L, 1038042347L, -1795630193L, 
1471685612L, 2067862570L, -2130232428L, -1314096889L, 757231939L, 
-1168712201L, 1038403848L, -1062383172L, 929056163L, 191372529L, 
-670293815L, 110178327L, -1387508242L, 1018587925L, 1059013568L, 
310633059L, -738171276L, 1972014027L, 201386596L, 1664355158L, 
-527311008L, 1521656019L, -1429795920L, 123185676L, -2130786298L, 
-196312230L, 268952373L, -2029793827L, 735364672L, 843563039L, 
-1077493128L, -1662170788L, 1799035904L, -303390802L, 100360163L, 
-1667414125L, 1304224018L, 169654286L, 152647703L, 1115068709L, 
1698222825L, -171032101L, -1230538535L, -2100739746L, -1000274962L, 
532657231L, -1833188165L, 451058095L, 1463498586L, 680812971L, 
1951483982L, 1752638960L, 2021766011L, 303492043L, -1637077820L, 
-1578483725L, 1442882279L, -1621957208L, -608959218L, 313916892L, 
313262176L, 640715545L, -1681952538L, 219217883L, -707307124L, 
-933823035L, -324765362L, -1757332345L, -372591078L, -2123316686L, 
-1618797154L, -1784099460L, -168086191L, -404070051L, -1337906205L, 
346438384L, -515470939L, -746340271L, -168477808L, 1752815438L, 
-1247554959L, 1236821434L, -1212463422L, -1810584854L, 1368209785L, 
1123918967L, 51234687L, 1136411946L, 2053231235L, -2003397786L, 
-1799167821L, -632285384L, 372918503L, -1424911564L, 191508374L, 
414509437L, 882521233L, 1097390440L, 788522310L, -1852480879L, 
-343800234L, 1299054557L, -1636346300L, -1828920864L, 151576134L, 
1127025686L, -1931627086L, -750600539L, -1756127852L, -2111757768L, 
-807078736L, -207702401L, 998206767L, 1380759814L, 12376702L, 
2067895648L, 393220204L, -965576090L, -524473104L, -284712806L, 
1067268063L, 1058643394L, -187909729L, 1715260277L, -33033381L, 
-983492708L, -436829906L, -2068950658L, 1308138205L, 1530992636L, 
1778221166L, 318850509L, -262079835L, 1386680219L, -1303686316L, 
-1099964507L, 1668188497L, -2019470000L, -1562427792L, 1713850242L, 
817117027L, -1500971981L, 972422904L, 428809834L, -868112505L, 
-550028734L, 1037132622L, -570120601L, -2000699151L, -319506975L, 
-850069884L, -695753898L, 135947891L, 1407992601L, 1130524858L, 
-1446579744L, -2024847474L, -595130832L, -1510436211L, 1434187311L, 
558390564L, -1373139870L, 524403499L, -1177246325L, 1940830710L, 
-773913537L, 1278998974L, 500541282L, -1351624488L, -60322588L, 
-16589598L, -1965242447L, -905926770L, -1612814989L, 1107605984L, 
-1657955442L, 1290809098L, 1586789033L, 585629832L, 1484316632L, 
21333308L, 790715329L, 893584129L, -628532553L, -2050245192L, 
-496265083L, 1655858579L, 499056463L, -1095720004L, -2071416283L, 
685218736L, 1606280860L, 236474041L, -1051676870L, -1172466706L, 
-618657025L, 1156168360L, -747935037L, 1174782438L, -1017140269L, 
-1464774820L, 1198745826L, 147822408L, -421337840L, -1286456058L, 
680142834L, -1798125326L, 223614804L, -1442725267L, -778502574L, 
1765662825L, 442312183L, 1167372556L, -1723710953L, 1314650963L, 
-1397535584L, -444819837L, -828315179L, 99545987L, -270704943L, 
-1239154224L, 1557071686L, -542893324L, 892700517L, 1130711128L, 
254300213L, 634588784L, 870883355L, -666621287L, -2095658103L, 
-339409467L, 131893186L, 1870490976L, -5627435L, 813186360L, 
997433310L, -1741920507L, 898686741L, -416645933L, 1449822890L, 
697572307L, -1449872892L, 1738877826L, 1215506163L, 1419204875L, 
-2002350698L, 1164743972L, -1267566386L, 1966224118L, -28958561L, 
366767753L, 784117232L, 263949583L, -1546443475L, 334426967L, 
-20864048L, -194249175L, -1106110604L, -1775642203L, -459967190L, 
1119068779L, -159612242L, -1093584761L, -1917504493L, -747096573L, 
-970004074L, 1110478342L, 1331607981L, -475582559L, 819670106L, 
-1209007745L, 1195930492L, 1952468533L, -500667661L, 218968465L, 
1926557406L, -1085054234L, -373174232L, 1732298360L, -1368228507L, 
1889181785L, 826006863L, -831657445L, -1157565296L, -1308110238L, 
1433159815L, -205050187L, -1979200647L, 1643446746L, 427998511L, 
1159040833L, -1161529893L, -1126388981L, 1183143694L, -1839478475L, 
624178114L, -1618516678L, -674541864L, -1338277464L, 499471787L, 
2082899314L, -680655175L, 860271163L, -577872458L, 2138918125L, 
-1915008495L, 444341247L, -1210257737L, -143563464L, -1433034665L, 
2043855429L, -2092280321L, 1726711853L, 184125270L, -1573060989L, 
-1067851837L, 2129667871L, 969384876L, 1475253326L, -835169885L, 
531651467L, 295493894L, -299002732L, 1426867824L, 1329644238L, 
1565135156L, -188967031L, -936273219L, 1666011605L, 420441796L, 
-2066348701L, -1198362027L, 1572399822L, 931727809L, -1643256312L, 
807833732L, -1727345591L, -672420198L, 1201710433L, 1352734028L, 
987367146L, -738186632L, -1612946106L, 576539856L, 1472193824L, 
-1943918934L, 1729492755L, -748226784L, -1369882187L, 1012031540L, 
-2049162043L, -276357231L, 391471209L, -8296057L, 1485195949L, 
1847657330L, 2087406028L, -341724821L, 1141310633L, 783019578L, 
-1175275030L, -1328158840L, -1230062266L, 1203277490L, -502223531L, 
-1004271612L, -1278769068L, -1066240913L, -117970735L, -742615762L, 
1597572639L, 1043820793L, -1314061244L, -1425506586L, -1566804355L, 
-553355895L, -1613430054L, -62817712L, -1855020055L, -262640073L, 
-1473785136L, 327103101L, 1560742598L, -1178798167L, -1070109612L, 
2051236584L, -2076587510L, -311642050L, -990938841L, 281401821L, 
70240348L, -1552117937L, -1689975635L, -553944504L, -294002943L, 
-149967500L, 1730113017L, -2016824862L, 50159115L, 1150782450L, 
-1482930705L, -1549185976L, -855238302L, -777858173L, -89920861L, 
602179007L, 313099364L, -1268944486L, 1268883765L, 2066449043L, 
