.Random.seed <-
c(403L, 128L, -289959562L, -680215861L, 1358560955L, -1014859340L, 
1935039132L, 442060087L, 254613800L, 2066503126L, 244839375L, 
-1707564743L, -867094881L, -1807405429L, 426162138L, 361693156L, 
1799438325L, 1505338689L, 2079884265L, 306801426L, -826773418L, 
242067341L, 1444404235L, 1112667950L, -1244031501L, 2107681389L, 
1202145496L, 233371366L, -240211048L, -1991528694L, 588056879L, 
-1237202899L, 1402608774L, 1211428126L, -839460484L, 1213085689L, 
695513617L, 1309235478L, -394780074L, 1132122213L, -1302655194L, 
-382139532L, -143697451L, -965478553L, -1578526539L, 2116405477L, 
942454076L, 213326594L, -1597869637L, -1600378393L, -316031977L, 
1380535840L, -1956454500L, -96922577L, -1602151355L, -1967158404L, 
-1619248231L, -1262623637L, 81385166L, 1913340180L, 47195494L, 
165962620L, -156399911L, -1953135549L, -546413508L, 1755834620L, 
346357250L, -1660652121L, -1407458065L, -1324036272L, -365314168L, 
-332959341L, -726432932L, 1266494298L, 1334065187L, -1829994427L, 
-513129621L, 1466378167L, 535213702L, 1071222592L, 1745221601L, 
-1552562619L, -636847971L, -1799132842L, 704401218L, 1109535697L, 
941518111L, 1018906098L, -603961921L, -96832631L, -2088923292L, 
1258372202L, 815530508L, 704663086L, -413710333L, -260784463L, 
-1480067318L, 752492730L, 1131078728L, 774203429L, -541744475L, 
-742727214L, -1700715134L, 884313665L, -343456598L, 1703211080L, 
1939581817L, -1476238781L, 400694881L, -161530047L, 256068840L, 
-499366258L, -1182132073L, 810411211L, -1874747509L, -354520695L, 
384373596L, -928644866L, 192023245L, 833060916L, 1849770820L, 
-1554803095L, 358579961L, -208438749L, -251506208L, 1119091587L, 
655159779L, -1637242859L, 62444791L, 1569735404L, 57899235L, 
858480194L, -2101299821L, 1060174693L, -1877187988L, 97200191L, 
-2074420539L, -1827724652L, 1621353704L, -480830866L, 1467109425L, 
5563564L, 19784144L, 1402269906L, -230434266L, -751050823L, -1354536072L, 
647473839L, 412325650L, 732777392L, 142990879L, -1107593894L, 
1534948114L, -1449293357L, -2056199333L, -795963315L, 17664722L, 
1879417833L, -1223856399L, 423051327L, 2068667569L, -1257861078L, 
836481809L, -522913512L, 1570651265L, -487125457L, -113459170L, 
1291283221L, -1100490109L, -590730322L, -213747734L, 767206232L, 
-2097587725L, 65931551L, 354336598L, 1809717046L, -88483833L, 
-1012136928L, -1585811236L, -186509751L, 547513385L, 1924929987L, 
2055486141L, 184153990L, -1007853053L, -144906618L, 900617451L, 
818791743L, -761551071L, 1866913002L, 1310502319L, -958005141L, 
-55284004L, 413361231L, 634860557L, -1091107366L, -698074410L, 
-577341776L, -1338942332L, 1796479317L, -1880907814L, 275011131L, 
-268495854L, -1841097774L, -1400978056L, 1468298789L, -699864172L, 
-774416212L, -642396507L, 1302081258L, -1054829746L, 1906000279L, 
9933919L, 1921154677L, -156647361L, -1288625776L, 202886541L, 
1780343308L, -1337462151L, -673437191L, -965332893L, 659329872L, 
1217620205L, -745567647L, -1998278910L, 732354993L, -1423762801L, 
1581346464L, 214652468L, 913247690L, -773377018L, -1386210577L, 
-1841977980L, 2090838049L, -688554656L, 641940444L, 491028458L, 
-537215797L, -1626107470L, 670780762L, -1259816021L, 1459437420L, 
-2054720192L, 904684477L, 1868270861L, -945048369L, 2004295393L, 
271984266L, 506324047L, 161607738L, -95676241L, -411756733L, 
1149538797L, -1649812634L, 2075719563L, 1832051519L, -753945296L, 
811784187L, 943904545L, 1877084622L, 98060906L, 418311100L, 1574727336L, 
-1067845943L, 623603734L, -811935569L, -1348432618L, -1279026266L, 
-2023484844L, 1175352785L, -526162096L, 1648888080L, 1830433737L, 
1057043222L, -2038123854L, -517775669L, -1883630013L, 1630035265L, 
1682962595L, 527708708L, -562499383L, -1886626208L, 1655934973L, 
-1288051059L, 618276422L, -698296906L, -1770247608L, -1016358049L, 
1369316660L, 2009059114L, 2080311244L, 1781299834L, -377495150L, 
-1166007549L, 1730769980L, 1747556500L, -1577172247L, 1261323305L, 
2072354606L, 2063650281L, -1561968007L, -1021378537L, 298233901L, 
1782258794L, 1603731863L, -1253600403L, -1675452927L, -385084831L, 
934467257L, 1854326272L, 88491397L, -784945L, 1856922732L, -383735228L, 
-412601293L, 880826324L, 1424685252L, 329300036L, -2001975510L, 
-1439043555L, 2006211970L, 677470708L, 349586302L, 26376920L, 
-230708160L, -600226655L, -1786298818L, 310349438L, -1918529129L, 
1552115803L, -2078762276L, 209407087L, -1481245325L, -1728497599L, 
1463762067L, -28868820L, -1000737135L, -1309129645L, 1981731015L, 
1057384211L, -989568405L, 1434001474L, -1290610373L, -759796555L, 
-56939050L, 1357231202L, 1952749037L, -1766809298L, 913473146L, 
1549075626L, -1656106580L, 1592472027L, 438840528L, 912624310L, 
-1790818432L, -1483655874L, -168485474L, 1738619327L, 1388440672L, 
1931974680L, 234033709L, -1748965395L, 1880176298L, 645438661L, 
1675176405L, 172193771L, -934774047L, -2006807074L, 934084227L, 
962439225L, 1902334005L, 742018877L, 833803877L, -1567873980L, 
1524856609L, -216588981L, 1218816872L, 33965696L, -223781761L, 
-629822336L, 648063968L, -1638660608L, -1206029210L, -1558670143L, 
1819705926L, -1009521464L, 1419810922L, -1777443196L, 1831017156L, 
256160869L, -1232235078L, -1533518102L, -958033021L, -587766201L, 
821059024L, 482684339L, 1317423095L, -142638931L, 1706883951L, 
1017053144L, 115544960L, 2043249919L, 1904373545L, 962181712L, 
861660584L, -400627284L, -847599437L, -1358649264L, 1043660835L, 
383714418L, 1242764023L, 2103969521L, 1135812629L, 464374768L, 
1521909832L, 751257106L, 901022017L, 2096283298L, -1357491466L, 
607149373L, -1062640779L, 373958273L, -1541265568L, 1667317069L, 
-432718592L, -194928307L, 71827704L, 1037992026L, -806974030L, 
-309224087L, -790456987L, 341571487L, 960812842L, -1502173619L, 
-1669006413L, 1911365278L, -1153773786L, -592078358L, 186351601L, 
-352483938L, 259521117L, -1308483288L, -1673526803L, -1124620721L, 
-311400441L, -216900990L, -213353206L, 2098765760L, 2104361703L, 
1501024124L, -162760460L, 200422991L, -1986945257L, -1286071549L, 
251227122L, -2108982169L, 446550446L, -253304977L, -2110231126L, 
1145494396L, -1263592504L, -2117948993L, 1451916715L, -184300903L, 
-200323524L, -1871162061L, 36905797L, 676756812L, -603394844L, 
-1159927144L, 704691743L, -271944268L, -1412956825L, 425645966L, 
73852483L, -1540374715L, -1895023191L, -573397460L, -431041028L, 
-1015289338L, -1222460555L, 358803390L, 55641754L, 350235881L, 
-834399783L, 1022301309L, 360996924L, -621889791L, 443929332L, 
1836980345L, -702052436L, -906898026L, 728601534L, -262778475L, 
-166006263L, 1232648347L, 142237870L, -307106839L, 1400657879L, 
-610275870L, -778831814L, -1214256098L, -735674939L, 576447978L, 
123436489L, 1225644444L, 1340723457L, 1089992107L, 2098497395L, 
610136694L, -108728794L, -1091016011L, -1338109847L, -43757247L, 
-34954726L, -578268063L, -1050972220L, 391710808L, 585622696L, 
962345433L, -1614705473L, 761351877L, 2072395473L, 1338933193L, 
-6295520L, 1738383193L, 826687326L, 466589314L, -304902600L, 
388862260L, 1014811461L, -1768861616L, 183728277L, -1813270863L, 
-1990658549L, -604973248L, 1648001376L, 535238234L, -288179410L, 
-1536263394L, 448957063L, -1623303208L, 131271955L, -1522648057L, 
632264527L, -366089913L, -421358832L, -26321261L, -368676322L, 
1857029250L, 1929196338L, 2112818699L, -888752527L, -1323450233L, 
940834339L, 176581191L, -1374080030L, -2027058201L, 735008920L, 
630830196L, -746831250L, 729893290L, -711106797L, 956819050L, 
447586719L, 1993722067L, 1873756053L, 1880363898L, 309659530L, 
1927851521L, -193943332L, 928183369L, 618559549L, -1620884398L, 
-1694328692L, -596644361L, -2097578226L, 1290155270L, 483020932L, 
-1827197970L, 991863070L, 311589662L, -865230901L, 49299577L, 
-1429806906L, -2028509640L, 1075401741L, -31206564L, -1248858964L, 
-1153942763L, 1143929079L, -56510468L, -313082157L, 1848764063L, 
-1585131497L, -918491589L, 317652403L, -398214397L, 646168900L, 
