.Random.seed <-
c(403L, 173L, -1781684382L, -1025125508L, 1973354346L, 2056393420L, 
234097683L, -2060363293L, 1151553323L, 1076480846L, 938004045L, 
481269517L, -606545875L, 1145227243L, -1263089347L, -197079081L, 
-470380140L, -1513973732L, -1070382602L, -921268416L, -1171197802L, 
-1536150653L, -1696879543L, 1295262631L, -1984207671L, 2109444278L, 
-507967354L, 333857881L, -1625667276L, 1900874640L, 1967563277L, 
595609817L, -1322003956L, -2072835723L, -1960460949L, -160729237L, 
1450295072L, -1641623547L, 1924316660L, -718945702L, 290509420L, 
-331486109L, 1502499983L, -1712017519L, 1028990135L, -640954668L, 
-1763371205L, -2135080105L, 1979866181L, -163444438L, -1060190698L, 
-602556129L, -2016514948L, -527505297L, -1560406385L, 437174280L, 
1297934292L, -335783208L, -1023343597L, -1139761099L, 1855602097L, 
-2065588155L, 1715322368L, 2126889796L, 1794269401L, 105749876L, 
1023297933L, -1463952116L, 1348866636L, -113541089L, -262611171L, 
-1202302528L, 1262242606L, 863782956L, 1307043102L, -1482882550L, 
-1640647448L, 1733272107L, 1583651199L, -1464879088L, -278423929L, 
1824592414L, -1339105496L, -493186570L, 1974244803L, -1442071366L, 
-492550771L, 1614955577L, 7592501L, -645540797L, -1951224972L, 
1775571606L, 442796275L, -409565805L, -1423764684L, -160913019L, 
-737085456L, 1227589884L, -1356362465L, -735348941L, -1750085875L, 
1439678202L, -1186969711L, 1222589538L, 459895656L, 562298821L, 
820125873L, -568754157L, -1523356286L, 967759373L, -846559046L, 
-1884587881L, 621383750L, 704434289L, 286927176L, 1965412958L, 
-1372795549L, 1140389809L, -1809506422L, -958983197L, 410381121L, 
776752728L, 686295340L, -1566260048L, 1501859310L, 2126409963L, 
1575233272L, 1268643998L, -637996533L, -407171332L, 447481792L, 
786043938L, -1248967824L, 285465879L, -1215316889L, 1233155508L, 
1916125347L, 1029753004L, 1919349960L, -538624293L, -1835644519L, 
-83047818L, -307735992L, -132091705L, -1518739439L, -1208953305L, 
-184446664L, -959398804L, 1634517519L, 76458186L, 1635512754L, 
1116527258L, 1755543314L, 274138791L, -229573808L, -103954164L, 
-954657975L, -1693435192L, -469613351L, 392084070L, 159811248L, 
597197442L, 551766473L, 1341967931L, -1347342805L, -1963573838L, 
1395143601L, -421719588L, -1586955753L, -584997163L, -1138250710L, 
1181940824L, -2128228111L, -1063330207L, 1006449537L, -1394929214L, 
-1392607916L, -481101542L, -860903118L, -1117206202L, 99448875L, 
-1468651851L, 1743734340L, -9305003L, 113138072L, -1186490254L, 
1824627179L, -947316710L, 841706371L, -1974438802L, 2011469319L, 
872721374L, 1173147609L, -1533999639L, 1150877948L, 1962456377L, 
69183813L, 1816632270L, 1047543462L, -1958612386L, -246798296L, 
1341284451L, -1929708180L, -1492234530L, 794832673L, -577272765L, 
870109603L, -901383771L, 402065656L, 545551669L, -489165230L, 
415807043L, 306044877L, -771196001L, -1892513069L, -1255876681L, 
335558670L, 1360580886L, -516301984L, -402607345L, 133180997L, 
-144258617L, -240673271L, -1584568831L, -1888424650L, 974411198L, 
-1748149968L, 139980935L, 2053092156L, -1489735345L, -892586221L, 
1719303413L, -455773975L, -1814302411L, 59090600L, -1518230370L, 
681447462L, 367787878L, 1250458652L, -425684410L, -1844737165L, 
-26757388L, -434377416L, -628643585L, -731808014L, 388152627L, 
1069752525L, 1023876366L, 98502397L, 189816395L, -1308477500L, 
-57097294L, -858447609L, 1239273816L, -601678877L, 1562261789L, 
-2039303036L, 1693990354L, 1651399584L, 1357717984L, -920528979L, 
-1141407485L, 1952874840L, 1324579276L, -567657164L, -1977898475L, 
1768569212L, 1835609133L, -1290628648L, 1835203527L, -679717802L, 
308409997L, 1333249931L, -45648659L, -2132332545L, 366667556L, 
1454453907L, -1911604686L, -2097320881L, 1434837220L, -1570552871L, 
-306768535L, 442428769L, -941025344L, 859713563L, 1403782036L, 
1265035769L, -1276646396L, 1803817784L, -1421120632L, 518265424L, 
-742176516L, 824552716L, -1728936278L, -1302164897L, 1863934757L, 
-1226719974L, 2027217860L, -619676776L, -547599465L, 1845052263L, 
-1090995982L, -789391645L, 968473840L, 1170758443L, 2044400486L, 
-909019243L, 103071776L, 1532780196L, 1486233931L, 426047201L, 
1526159008L, -445567967L, -382231718L, 1565525384L, -1701905764L, 
-1410306621L, -302249316L, 356040284L, 1006944501L, -359973657L, 
-737419269L, -1902295083L, 869268117L, 1224481826L, -1392156335L, 
-1167213665L, -356996496L, 1879320795L, 1044037275L, 1340814016L, 
-959658615L, -2000264694L, -1474095736L, -1465039723L, -1201364442L, 
1403984776L, 947088663L, 2099349830L, -2003634987L, -1068481499L, 
219657749L, 485662740L, 1005604559L, -941056581L, -786492481L, 
-1247567831L, -468305691L, 915497080L, -235370029L, 1241320421L, 
-1007881460L, -1561222678L, 332289653L, -685890234L, -576512240L, 
-1548172666L, 834375690L, 940898343L, 1843624647L, 1551962541L, 
-2013304793L, 1130010597L, -1272707627L, -1835515712L, -1196819630L, 
194962299L, 1802009999L, 156341529L, -1891666805L, -81926492L, 
153026921L, -2064110423L, -605133764L, 1713807388L, -1951519708L, 
-1913988080L, 253169812L, 1614629596L, -1024706147L, -389085080L, 
-1132050607L, -1619039785L, -1979372801L, -1367033452L, -1525968013L, 
1160315578L, 1933474377L, 91624489L, 296034318L, 1099779068L, 
-1695699236L, -1534984118L, 844362285L, 1117356772L, -719320533L, 
1363927577L, 1917440149L, -2076988543L, 1411458512L, 6824785L, 
1495734011L, 1935353029L, 531535162L, 777569822L, -1986236278L, 
-792544898L, -1842528831L, 1032062549L, -112740684L, 1772514326L, 
380441678L, 1604735486L, 1481318490L, -219764442L, 1154736958L, 
-1976774092L, -391785972L, 969128937L, -119870079L, -1688768436L, 
1188095502L, -921290604L, -1837532327L, -1689323715L, -951299233L, 
1400803703L, 383198315L, 1108855710L, -1716691607L, 1139706466L, 
-1618518062L, 279735244L, 1344856603L, 396529866L, -846685814L, 
-93736085L, 1659241613L, 2114405249L, 1111217034L, -542807651L, 
-309972189L, -442249316L, 381363551L, 73674118L, 1812984096L, 
-44739821L, -749221371L, -867349594L, 779019917L, -572537513L, 
-1366402966L, 1454434245L, 355415815L, 820397040L, -1839417789L, 
-1199291677L, -25655115L, -1752219062L, 2011507621L, -41382569L, 
-1636594581L, 160774373L, 788895970L, -467412924L, -1008017377L, 
5823856L, -1978028503L, 39921143L, 633163532L, 1758934947L, 1563730383L, 
1105078308L, 1079383234L, -588035179L, 324012813L, 1240655022L, 
405751648L, -1437228760L, -215500697L, -1104039053L, 185713604L, 
-32852158L, -837449869L, -1656408592L, 1901776677L, 921265081L, 
-294977921L, -678778680L, 113859670L, -571606907L, 502876017L, 
-1227014996L, -186594814L, 185785725L, 335483459L, 178274767L, 
-1196212535L, -1745284597L, -1711098679L, -1901600721L, -127093119L, 
1209022051L, 1726637133L, 648551062L, 1316640141L, -2094587480L, 
-1854150074L, 1454445039L, -1195124625L, -1250606718L, 1032479198L, 
-1684189479L, 1120297127L, -126959074L, 314180542L, 342677359L, 
-1398026093L, -1158884219L, 665570649L, -448431254L, -1391469165L, 
-1089286281L, -1216926063L, -830039657L, 981892577L, -1601217202L, 
-223649247L, 1336020560L, -406052899L, -1903595366L, 902282964L, 
-434731968L, 1870120251L, 298898636L, 735969355L, 802342769L, 
-327211821L, 1483516905L, -897792669L, -1004196950L, -267545434L, 
940567510L, -1494471212L, -157696410L, -2096229093L, -136000723L, 
329570239L, -1833447558L, 205698747L, 1877465891L, -1018634833L, 
-1308165885L, -1353695496L, 1569704088L, -660936644L, -1173838504L, 
374314947L, -775450155L, -807466954L, 1622917197L, 1113363712L, 
1229619189L, -935942031L, -96980930L, -77262487L, -1025530535L, 
-1341302669L, -1913907154L, -526095439L, 1573271901L, 2029658340L, 
1408619008L, -991260368L, -523340916L, -1685294630L, -298244261L, 
1901574247L, 1553759460L, 2143831548L, 898945898L, -787544468L, 
-2147434601L, 668526289L, 484753702L, -1461109824L, 1097685530L, 
-1443300563L, 719307602L, -1065929112L, 1354864742L, 1331123574L, 
1583028073L, -828736095L, 484441469L, -1209346322L, 57601797L, 
-368181419L, -1562950102L, -587286214L, -957679649L, -187362400L, 
