.Random.seed <-
c(403L, 103L, 462574763L, -2091636543L, -1473415659L, -1390134415L, 
1405567801L, 1588245421L, -138071529L, 287018379L, -973966959L, 
-2097727216L, -689984154L, 1063639662L, -1165412647L, -86188786L, 
-738886534L, 542889910L, -1956043756L, 1759928123L, 1713739609L, 
-1231661289L, 1603299230L, 1433067724L, 2024153972L, 471882627L, 
-2011278274L, 1172150266L, 1836548065L, -1100712839L, -962800318L, 
-612866302L, -443695538L, 615091761L, -906741651L, 1779712904L, 
776432825L, 107107027L, -1973383211L, 1966704329L, 1097312880L, 
-1506445168L, 1189838404L, -412667973L, -471206684L, -1738385101L, 
1878590892L, -1020124266L, -284603090L, 1390628631L, 68284025L, 
-244556289L, 1938372496L, -1799209557L, 532696209L, -512134282L, 
1633230582L, -2102903376L, 441798754L, 1993210113L, 1557688880L, 
1117912560L, 2030487462L, 1161303310L, -1937857231L, -990349461L, 
-1234233480L, 982711854L, -207604496L, -1089067961L, -232814295L, 
-2141892256L, 1263108528L, -1093629412L, -2070954078L, -557851980L, 
604126352L, -145256570L, 361058655L, -1488342149L, 2087461267L, 
-1838289979L, -1463529621L, 1398140129L, -783059722L, 1931846620L, 
-1030185720L, -1753857765L, -2095692195L, -1209191097L, 889144168L, 
-2078354532L, -37319924L, 680820943L, 93243859L, -1217497540L, 
-158154387L, 199778013L, -1903633086L, -1503689029L, 747548392L, 
-1631246264L, -1218748404L, 2101282870L, -1241116857L, -286428556L, 
-885917755L, -579074249L, -1946565926L, -596015627L, 373328939L, 
-678594608L, -1371023066L, 157856395L, -1115756614L, 696774253L, 
1402305355L, -1143971665L, -880010526L, 1090231299L, -1180881301L, 
787865872L, 2015726350L, -18765467L, 1345086031L, -1065483203L, 
434061568L, -276942740L, 1468634455L, -412009067L, 1842151586L, 
-1953936505L, 191642690L, 1639212361L, -380517485L, -1178033457L, 
-583690237L, 675322101L, -1051266335L, 572270950L, -151741474L, 
-1952683177L, -1112426092L, -1987282417L, -275413577L, -686867422L, 
-198535423L, 1472266642L, -740278843L, -1106176184L, -1234116552L, 
1753907186L, -2073439241L, 1067336203L, -1757995725L, 157059110L, 
532619916L, -269407947L, -318861940L, -1389206013L, -1617850491L, 
1123228935L, 2094697667L, 1845141001L, -285378480L, 2056407728L, 
1461002251L, 2075437559L, -451180919L, -399067531L, 296053333L, 
-8300480L, -1830817455L, 962620707L, -146010601L, 809445261L, 
1063467926L, 686739190L, -28890519L, -1874066035L, 1521336750L, 
1639562089L, -492544227L, 1883232304L, 15126569L, 17882953L, 
-76653700L, 1443983362L, -1415800450L, 1136678609L, -1145114969L, 
623340424L, 760100282L, 605072473L, -527275375L, -2120446892L, 
-2033797311L, 1022332711L, -1953790764L, 893940176L, -890214489L, 
265303443L, -437046710L, 856052543L, -484149851L, 356445706L, 
297689362L, -762238650L, -183173568L, 1039149673L, 3038788L, 
1068687298L, -1953820002L, -28311691L, -400350878L, -1851600065L, 
1746959537L, 1274972992L, -1055319505L, 1829053810L, -211920769L, 
-1991858428L, 100638601L, 445436565L, 1313742960L, -579227685L, 
-690550890L, 89863242L, 1096717184L, -1541210011L, -787054633L, 
-389856539L, 706072082L, 1276199779L, 1712395264L, -639883627L, 
256735557L, 528668772L, 1906497698L, -1010192000L, 513454628L, 
-745605045L, -726127085L, -135155235L, 1190622821L, -331305248L, 
-511890184L, 1669038158L, 1755803059L, -1980168971L, 35757916L, 
1449039694L, -1563075205L, 2011558578L, -938013874L, -1138671803L, 
-868081626L, -948098588L, -2044467000L, -1219342932L, -2046136403L, 
-948438390L, -939336017L, -1904190934L, -263911148L, 974773468L, 
-2138541916L, -1377939971L, 646282819L, -1110617035L, -281398735L, 
1906469058L, 691109504L, 1088423986L, 904188769L, 616752247L, 
998345499L, -729174736L, 1000070023L, 958386186L, 1286895779L, 
-1525642718L, -2140974548L, -2091753218L, 415150018L, 1922061777L, 
1086140941L, 1510613650L, -1453169495L, -99626751L, 697844619L, 
-742361108L, -907391071L, 1840145097L, -1119644645L, -306966592L, 
-909657167L, 1154646255L, 1223513590L, 1720799074L, 721957476L, 
1995232940L, 646708922L, -1530162553L, 853046976L, -66614380L, 
-1942936366L, -1724144216L, 406801215L, -126459805L, 731586409L, 
-1100344746L, -1767473665L, -729341193L, 1276675933L, -425506470L, 
1299853396L, 382936379L, -2084210189L, -33454031L, 1764149521L, 
-858367544L, 312604630L, 637645745L, -1822445049L, 1011822428L, 
-1465953870L, -215578316L, -161538150L, -1115571757L, 484165643L, 
523524891L, 111021371L, 124354781L, -1015918657L, 1907839318L, 
1400474459L, -144614126L, -32752618L, 743605127L, 378003372L, 
-836466359L, 375545882L, 151822963L, 659176131L, 737044107L, 
1483648618L, -627885367L, -175262111L, 794280767L, 2061763961L, 
522514592L, -1552368119L, -1649921129L, 1443728756L, -943749172L, 
658878327L, 34460099L, 531588612L, -3722997L, -811376926L, 1057820046L, 
-1886823176L, 1399695359L, -1893399029L, 1137817571L, 434377586L, 
-1276372993L, -268071127L, -1905438238L, -2050800751L, 1201803503L, 
-664736073L, -991876510L, -1413122644L, 1466967803L, 734155993L, 
1444914723L, 1737211320L, 1387371987L, -411629561L, -634241425L, 
1388647298L, 1790130277L, -1699704336L, 170841315L, 1480615396L, 
-788883659L, -994276813L, -1944899927L, 1653730652L, 1306767664L, 
958325695L, -887440845L, 834978184L, 1506094344L, 2003226471L, 
661268162L, -898006595L, -1504977023L, -699137122L, 159041226L, 
-164795351L, -380033487L, 1318128858L, 352541976L, 1592330349L, 
-266025936L, -31537888L, 1822225125L, 1693858940L, -898551010L, 
-1033532169L, 138499167L, 802497789L, 1279788471L, -1985075197L, 
-974420283L, -598930952L, -860939561L, -2065759825L, 959600816L, 
882904629L, 1935443865L, -978567709L, 2116975579L, -1306745443L, 
1105212483L, -278314910L, 1527383216L, 517278996L, 1167784519L, 
-976295597L, -196013289L, -1250826641L, -1043186460L, 1086163781L, 
1791057334L, 528897278L, -711830363L, 498693422L, 559908816L, 
-80340027L, -149998421L, -1093874826L, -591097216L, -1423742323L, 
-1235348301L, 596299913L, -700958648L, -1920192594L, -602969618L, 
1072011634L, -612723439L, 974856362L, 1504259221L, 1767043423L, 
1161021406L, -384308312L, -1240941983L, -1236374294L, 1050599168L, 
799710547L, 1158986849L, -392417745L, 2137494120L, -764548418L, 
-757058342L, 2079736564L, 866265396L, 1695074677L, -37254028L, 
846888046L, 1037556648L, -1080734293L, -1510672290L, 1741433847L, 
384461151L, -785141819L, -466998376L, 1761970587L, -1982080085L, 
299610353L, 247383982L, 404400657L, -572825596L, -1743516920L, 
445199085L, 1234753206L, 865352831L, 697776720L, 73517259L, 1585848542L, 
902091245L, -502053987L, 1539655645L, -2020196805L, -1769787332L, 
-1312731058L, 1983747563L, 1479464807L, 1346074641L, 1153812434L, 
956835410L, 2017043526L, 145939202L, -1188973977L, 1316588431L, 
-1352796244L, 949671961L, -574741010L, 301721256L, -494863344L, 
-18142379L, -1111398741L, -1439535393L, -2062809947L, 2047333945L, 
-1164183194L, 1234113267L, 1824642935L, 1183498542L, -966496740L, 
-1919974229L, -236116080L, 326276584L, 899633056L, -1128179430L, 
-1344091205L, 1716114750L, 1283503411L, 831572845L, 276024896L, 
-1451832639L, 74428535L, 621103595L, -1138703716L, -1308700989L, 
-1966311455L, 152105938L, 712654532L, 1826496912L, -2040198386L, 
-76320048L, -279812882L, 1365199071L, -803637654L, 1328669162L, 
-32719434L, -1848508450L, -1128679638L, 359601678L, -352924390L, 
-1612669999L, 2141973391L, -564066610L, -1273609606L, -1313652056L, 
796754910L, -1145733822L, -90339537L, 276273644L, 517093925L, 
-905472580L, -980041145L, -1199863765L, 378552660L, 348316203L, 
210724439L, 1648504390L, 396305593L, 1759444100L, 1468655441L, 
-1650536022L, 1269163699L, 1692184754L, 1352926260L, 1827188350L, 
-1340851003L, 1911797530L, -2026103420L, -1798741112L, -1056159599L, 
-2105409172L, 735760331L, 186295904L, 1031723820L, 739746270L, 
641811237L, -863264732L, -665418879L, -1702683222L, -183104487L, 
2042314685L, 1900133381L, -1974954751L, -32473011L, 577218724L, 
