.Random.seed <-
c(403L, 1L, 1163935926L, 1533835249L, 1348887075L, 2078837362L, 
305680580L, -1702431097L, 63975005L, 2135576660L, -1893338502L, 
-386512443L, 1310423839L, 1972614822L, -53172176L, 1603582675L, 
-1717382927L, -1313907680L, 1808501438L, 536444617L, 450092155L, 
1583002186L, -1100151124L, 2147074479L, 1152559461L, 906245916L, 
-1514783886L, 478451693L, 810244135L, 1091887182L, 1003619496L, 
958950059L, 824139721L, 443610072L, -1474604410L, 1793770337L, 
-1280719117L, 1301920098L, -1464236076L, -21712169L, 1923209421L, 
1055289444L, -1460593078L, 923585461L, -1940900081L, 1018840086L, 
-988565824L, 632682627L, 596137121L, -372721008L, -2016433810L, 
-36059367L, 519486379L, -64779878L, -2140172964L, 874259551L, 
-584803275L, 216041420L, -55192798L, 2041859453L, -1630937481L, 
365938590L, 1524573784L, -336212037L, -660184743L, -864101656L, 
-376544490L, 1526359185L, -180504253L, -619719598L, 1735157476L, 
1019158823L, 872305021L, 1133123700L, 418978394L, 1950283429L, 
-1499650881L, 1628157766L, -1826671152L, 1270147059L, 1151016721L, 
40787776L, -17570018L, 534190057L, -1302987493L, 676665130L, 
-1260623796L, 217112591L, -752309435L, -1853326084L, -1982411950L, 
2105527501L, 1062169735L, 1875998574L, -1551021752L, -1639879349L, 
-1123553111L, 1659351544L, 1690911014L, 1712759361L, 404540371L, 
-324961918L, -831074892L, 1909004599L, 868305965L, 2071542084L, 
-1519489430L, 1359136981L, 1738434159L, 30208886L, 2080580768L, 
1242578275L, 1549291009L, -825225872L, -1139340018L, -46575751L, 
306966283L, 2047864890L, -984678596L, -1021936513L, -197783595L, 
-2000018964L, 1991168834L, -642614115L, 999310615L, 2076425342L, 
1888867384L, 1499231003L, 985708665L, 106078408L, -583767818L, 
155531569L, -1335717533L, 1586529074L, -1924215676L, -1045940025L, 
-1175018595L, 1702086420L, 477265338L, 973609989L, -2038271521L, 
221688934L, -1083485200L, 2132487443L, 1590219441L, 1959148896L, 
-1649839362L, -183947639L, -1438099013L, 373949322L, 759523948L, 
621585391L, 1346079781L, 344413404L, -1450202446L, 631803309L, 
-1246867097L, 322170510L, 1964849000L, -827216021L, -128829175L, 
1590177688L, -1903716666L, 94921761L, -2112917325L, 469183010L, 
2058775572L, -271957865L, -100175219L, -508812380L, 1911004554L, 
-281474571L, -812932017L, 341345110L, -599754240L, -1618865341L, 
-1729285407L, 1993924688L, 26640558L, -836242343L, -908016533L, 
-809793062L, -1966337380L, 244690079L, 1246420725L, -1867603060L, 
723235426L, -1694284227L, 5204151L, 1263753054L, -1483957608L, 
-1495938565L, -1199410279L, 1421364264L, 1930673366L, -2014254767L, 
-228292605L, -1509912686L, -2059068124L, 594490343L, 2102020157L, 
-1233897804L, 66837786L, -283922843L, 1763664639L, 262600582L, 
1194952976L, -404670029L, 281731665L, 1614426624L, 500641502L, 
-807901911L, -1587582757L, -1158172694L, -437776500L, -675643185L, 
-520552315L, 1823949628L, -182404590L, -2086170355L, -201467321L, 
1557774382L, -1384188536L, -1819997045L, 1621190249L, -1694582216L, 
-1977193754L, 1944749697L, 1291373075L, 387128300L, -13009348L, 
266585714L, -1991406736L, 1875213604L, 796678712L, 643969434L, 
-1119523376L, -1682922052L, 1496100500L, 946578050L, -2121056832L, 
-1970464964L, -1795059056L, -1758628062L, 1959130632L, 992879372L, 
-1647762532L, 1155734546L, -1603638400L, -1862616300L, -416533208L, 
1001525306L, -1722694704L, -1399965076L, -1098298316L, 76009618L, 
-1418462880L, 2117066060L, -367208992L, 2137578402L, -1465828440L, 
-1997710196L, -1037323332L, -285694862L, -365139984L, -982432700L, 
2029971544L, 1785585722L, -729028496L, -1691443652L, -839801068L, 
-1463661886L, -1832004896L, -822573956L, -1685746480L, 762663842L, 
1346162216L, -1023041268L, 71747516L, 1663021362L, 1458272448L, 
-173919692L, -1426711864L, -2100657478L, -1843229552L, -1194031380L, 
-374876588L, -918690158L, -2103621856L, 433067980L, 1488865504L, 
-1584410942L, 1183913000L, -966165588L, -218568004L, -60521998L, 
2130904624L, 1596479396L, -739499592L, 1818344282L, -962866032L, 
1594497916L, -654663916L, -1289872062L, -1509470464L, -626500676L, 
-1806254256L, 620618018L, -1326200248L, -507422708L, -2001253284L, 
-80309806L, -1934559744L, -1024069292L, -2133491480L, -900484870L, 
188491472L, -922957524L, -1221256972L, 1333685650L, -1548146336L, 
-635688948L, 467045088L, -411467166L, -301057368L, 1413167692L, 
-1027266692L, 2016800050L, 1265059440L, -1716667580L, -562444328L, 
783843194L, -680456656L, -627722308L, -392612268L, 953247810L, 
-1124605792L, 1135193788L, -39286320L, 1270989666L, 677348072L, 
-1059274548L, 1918460412L, 1918896626L, -941827456L, -2141604364L, 
1462093448L, -708460742L, 281887568L, 252761196L, 1779292564L, 
1830724690L, -1848317472L, 82164940L, -602362720L, 8484226L, 
-747069208L, -152019220L, -1464521412L, -1808810894L, -1379942288L, 
-239839196L, 980790328L, -497895654L, -141738800L, 1028945724L, 
-410675308L, -662467710L, -812174912L, -858051012L, -23624304L, 
833119778L, -471753464L, -1914157428L, 609441564L, -846847854L, 
-622483072L, 55033364L, -310235352L, 1167610426L, -1995401776L, 
-1748579988L, -2112552012L, -541620206L, -368554528L, 1099268044L, 
905928928L, -1100089310L, -1194901208L, -1332748788L, -1111597252L, 
-597804046L, -237827344L, 884729412L, 1307517528L, -1284767942L, 
611472880L, 930746044L, 1777277204L, -1137943870L, -1454322592L, 
-1108003972L, 988383184L, -798670558L, -1724331352L, 1671984012L, 
1187784892L, -1036523726L, 500755008L, -124509004L, -1776911800L, 
2090696122L, 149019152L, 535014124L, 1584605524L, 1335001362L, 
-244474464L, -679896372L, 441777760L, -1429848126L, -379830488L, 
679022508L, 233878332L, -291174030L, 619731760L, -490388188L, 
-2074477768L, 22337242L, 1040285584L, 1651879676L, 2025874324L, 
1632794690L, -1132903168L, 2090689596L, 1856020816L, 957753506L, 
-1103275704L, 1285957388L, 1745244892L, -1668379310L, 750443648L, 
-328507308L, 1953806312L, -853409542L, -497341616L, -1395220692L, 
1972558196L, -1055208558L, -1793628064L, -83073652L, 1369193312L, 
2025458146L, 568028072L, -2018435892L, -476973060L, 2026964402L, 
-1162028066L, -460881012L, -1100455075L, -431242393L, -1224071024L, 
374929070L, -186821797L, -1263000771L, 696199594L, 1883752008L, 
-380553615L, -1044740125L, 696611556L, -947721710L, 919461351L, 
26167729L, -1703510026L, -1120296428L, -984085211L, -1466720721L, 
513846248L, -1740391226L, -1560663693L, -1659858475L, 1056662962L, 
-1183466624L, -1470816407L, -1662856229L, -301802708L, -567917254L, 
-1149535249L, -1749610887L, 179329294L, -1323382564L, 1132969805L, 
-380375369L, 803830848L, 1383257374L, -573911061L, -1202752659L, 
843809242L, -2063262824L, 1741742593L, -1929997389L, 1860678356L, 
-341330974L, -1280719241L, 2146533313L, 1906597190L, 1481485444L, 
-824593867L, 711719455L, 1355259256L, -412722090L, 1837015267L, 
-1462098267L, 1646644034L, -1222123216L, 1993685337L, -1259586869L, 
-622238916L, 1572752234L, 2084415903L, 411279401L, 595524286L, 
-1632158804L, 2146699517L, 1067803719L, -594345168L, -1155726258L, 
-661133189L, -332059683L, -698027510L, -153716952L, 65776017L, 
-1696977021L, 403637380L, -1632640334L, -1398540793L, -1072335279L, 
1688407510L, -1661509452L, 1152228549L, -1375052273L, 1777145480L, 
-1034822746L, 1152717651L, 522534069L, 690108946L, -1612884000L, 
-882275767L, -483311493L, 1085870412L, 1346716890L, 1803429071L, 
-643469159L, -601068370L, -105064004L, -262282707L, 412194263L, 
1504246816L, -486104706L, -1437503669L, -726043315L, 1926249338L, 
-899228232L, -1878048927L, -970197229L, -1115222220L, -467903166L, 
-1948069545L, 1786666145L, 308659558L, 1789110116L, -401209707L, 
-64438337L, 1212760920L, 1699873142L, 1272710019L, 1113842117L, 
-524900638L, 1177347920L, -1316674951L, -1233844821L, -1139274980L, 
-1246143414L, -648411073L, -1424795511L, 227228830L, -476763828L, 
6959389L, -1122820953L, 382086096L, 1024938862L, 1271517723L, 
-1987038339L, -488468118L, -1059303416L, 405338289L, -762030301L, 
1527149604L, -1751701806L, -374357209L, -1863678607L, 1551453110L, 
