`.Random.seed` <-
c(403L, 320L, -1598480369L, 1196727618L, -1492338553L, 770168984L, 
-1891765436L, 949617705L, 1164100061L, 1323129572L, -1455194740L, 
567049740L, -578688807L, 2125908018L, 201344709L, -246809593L, 
492520519L, 1300223845L, -1054161435L, 864610302L, 1824494425L, 
-696920969L, -1513004757L, 700127091L, 298852015L, 1731199067L, 
-1361820355L, 1318851237L, -2104963333L, 1335449972L, -1156774468L, 
-1448625276L, 577493945L, -1195388781L, 880847876L, -318189627L, 
1653426991L, 71689619L, -902337146L, 11669052L, 1517791770L, 
109846402L, -981495192L, 1946222962L, 227906913L, -150335702L, 
-2020304928L, 1173667436L, -1535046665L, 1621122686L, -1024771936L, 
-600005303L, 67615409L, 815206835L, 108976574L, 991853101L, 326223484L, 
-1574635713L, 138391674L, -518510249L, 2093306642L, -2122029638L, 
986959586L, -1413704782L, 1634279774L, 336648000L, 1985172517L, 
460516183L, -438793876L, 1142532914L, -1190313985L, 485062270L, 
405363082L, 586033621L, 1801715755L, 943376738L, 1515467706L, 
-932994085L, -434265109L, -314589889L, 1449428385L, -1230861534L, 
2028421556L, 588952685L, 330544946L, -225580759L, -323736931L, 
548427269L, -1977691793L, 117213530L, 501828966L, -1378948011L, 
619243973L, 1466656883L, -1954388517L, 294159811L, -1587242124L, 
1452183138L, -1629435422L, -1214167459L, 1799084329L, 425296316L, 
-1364914187L, 1791162979L, 611605668L, 1615567614L, -1026459030L, 
1856292464L, 130313498L, -856076581L, 1702108001L, 109816226L, 
1571203323L, 824417940L, 533536102L, -1611707780L, -224072047L, 
-964289246L, -1342470050L, 417869534L, -1710332318L, -349212262L, 
-218513790L, 354860311L, 410765597L, -110842952L, 2007734953L, 
1033070172L, 51514306L, 735747586L, -508387746L, 666225061L, 
-1370826602L, -1661560908L, 1936514114L, 1748894483L, -1412624463L, 
-2054869205L, 1474691249L, 725741028L, -1996964771L, -7539837L, 
-21237031L, 2044694799L, -1075246954L, 917277395L, -564730684L, 
-1049068088L, 270394567L, -649634340L, 427694740L, -469553915L, 
1905066208L, 239826644L, -1683926555L, -275574530L, 388319902L, 
-373933961L, 601220259L, 863821701L, -1332696596L, -2048025703L, 
-2112563559L, -2105186602L, 991236911L, -2115896682L, -1182595446L, 
773927644L, -873781725L, -1639179741L, -602375698L, -791418614L, 
-260669538L, -984124340L, 1898632848L, -1163238736L, -1677533647L, 
-1120624349L, 448669202L, 853785652L, -1076089416L, 244338140L, 
1166802171L, -1360653632L, -306903312L, 873373785L, -812383581L, 
-96461160L, -1559759235L, -1642326241L, 1435459115L, -1138379889L, 
-1083357023L, 1985737133L, -674808241L, 454797876L, -1789038616L, 
385653349L, -1065561925L, -269900151L, -1678296782L, -580658552L, 
1951043764L, 1117234385L, -280044604L, -1837987817L, -1750192986L, 
574502079L, -1758135587L, -771129848L, -1146123781L, -13777207L, 
1850234663L, -753916101L, -1343513402L, 1930329973L, -913103765L, 
-885785589L, -2109909241L, -1760192646L, 1560126070L, 1940954446L, 
-1977149253L, -822369945L, 539943785L, -881649450L, 1459745334L, 
-1288462104L, 1562198597L, -923426935L, 1546862151L, -375460518L, 
1321390713L, 945687452L, -1582097178L, 1220043591L, -1982989719L, 
-2020659403L, -1688254835L, 884210745L, 1968259221L, 2054919340L, 
191984199L, 977101175L, 1527944875L, -594457727L, -1659745048L, 
-1044647344L, -362562027L, -1486961128L, -427732321L, -727480334L, 
1630610942L, -1641301604L, -1081372042L, 2057993378L, 1338939498L, 
2131075931L, -163750957L, -1248447573L, 1442491389L, -254966338L, 
95269105L, -1751280718L, -763095722L, 1338775502L, -1029311457L, 
-1869903599L, -101210854L, -1902139227L, -354661321L, 742105598L, 
1061806512L, 1871179907L, -1184596554L, 1653202878L, 1950890581L, 
1678567664L, -843764457L, 1525243128L, -1500751202L, 721069532L, 
1851255864L, -549781292L, -1149033445L, -190244332L, -367131830L, 
-1410935709L, 1855197325L, -1192211810L, -79374295L, 689426243L, 
1613107225L, -318471850L, -408431913L, 789784736L, 1670315168L, 
-600654704L, 450894228L, -1114957291L, -1940795590L, 604102352L, 
2089912713L, -643932833L, -1531070247L, 1669895420L, -427210121L, 
1504249677L, -1359910144L, -956784834L, -1474999889L, -622908204L, 
1222981558L, -1550075812L, -1421902266L, -1817883839L, 1200735652L, 
481163929L, -1084588522L, 1792567078L, 189883434L, -1434494303L, 
1984730299L, 1013417340L, 300640752L, 1115159175L, -881345686L, 
-1243573067L, 1216723721L, -650164952L, 1592645648L, -549473636L, 
1830572891L, 184936939L, -864842471L, 753782508L, 881388785L, 
1808702199L, -722784245L, -1514106478L, -785917779L, -2013191527L, 
-1303667070L, 685790305L, -841552439L, -602688086L, -250792064L, 
459332923L, 1678314000L, -873244641L, 848814176L, 1629095706L, 
2111551472L, 1112855532L, -1600678181L, 1018844041L, -2023352440L, 
1258588404L, 902185250L, 787198237L, -495751434L, 833609074L, 
1457166745L, -35035814L, 158951789L, 319536615L, 239466223L, 
1873204846L, 635516584L, -1922196852L, -1283172798L, 718278313L, 
-1169310620L, 642554959L, -982761954L, -549652788L, 195277317L, 
886802338L, -1685251233L, 761366230L, 1407166828L, 2083232168L, 
-195086427L, 169905963L, 1424380103L, 1495853020L, 2056899430L, 
-1461261707L, -1688544717L, 1503636983L, -248957908L, 163496066L, 
-16854350L, -248321254L, -831145162L, 991918963L, -308375876L, 
1023046630L, -812557708L, 1658961360L, 1974561353L, 1438280637L, 
-538475074L, 1120277312L, 1210757702L, -1078142677L, -1001581419L, 
-225525378L, -1571696256L, 1403614660L, 865358305L, 295847423L, 
1507219876L, 804803131L, 1279425009L, 580872543L, -55474163L, 
1194379772L, 1674143907L, 1078814501L, -218396332L, 1206775047L, 
-818587257L, -1364786254L, -1781840203L, -1171732283L, 1279821665L, 
-261235179L, -1678426102L, 104886315L, -17405674L, -1113967354L, 
1442651688L, -1434142782L, -1182528479L, 1334535715L, -76433691L, 
2035646456L, -849567531L, -1523137011L, -667348398L, -1756330487L, 
-1839034671L, 2011850669L, 1774757096L, -588394367L, 147404703L, 
18690019L, 1612949460L, -134306750L, -1389634496L, -2104601596L, 
-1310079264L, 371671730L, -900224429L, -1205692966L, 1481147448L, 
1354931075L, -1183615310L, 336903258L, 247268082L, -27707425L, 
-945557281L, -1851340899L, -1660716958L, 534353945L, 1645489630L, 
2001158743L, -1888254733L, 970411146L, -975332552L, -63042777L, 
-95903694L, 1026466800L, -1886181454L, -774102077L, -1091806938L, 
-1089735611L, 1393989860L, -47399524L, -1337664923L, -1999665467L, 
-1865325314L, -381460556L, -1697709666L, 1482022069L, 1753215493L, 
1320793041L, -1510233251L, 1459917203L, 1870334412L, 1290865096L, 
-627758792L, 519427263L, -543632984L, 1358521005L, -1278090270L, 
-1254595509L, -1745038141L, 59333690L, -231228378L, -84942491L, 
1639037489L, 114191171L, 325072737L, -656912494L, -1640692776L, 
234951621L, -2134234647L, -331445389L, -281676682L, 2063246208L, 
1968921264L, -1119373780L, -1068224961L, 1844639508L, 1837995771L, 
-1345687135L, -1619741022L, -1330386347L, 1389776954L, -48647394L, 
542506642L, -1166647287L, -858269714L, 1854446947L, -1708783492L, 
-1090863039L, -1438072903L, 1371110421L, -680246161L, 1990489300L, 
-1831213997L, -1758980699L, -1380014481L, -1097074967L, 1079214684L, 
-584689908L, 1554490135L, -1074169128L, -784561096L, 195779900L, 
712173835L, -1937958967L, -635029215L, 1482358535L, -1310407152L, 
951898665L, 1708207632L, 125557147L, 1285216015L, -2023726770L, 
520847221L, -736448341L, 1832237044L, 581886076L, 1877410394L, 
1363916423L, -923371232L, -1935556920L, 271134542L, 1707831657L, 
605056263L, -93913035L, 1260690744L, -660344279L, -561983090L, 
1012126463L, 1993899949L, 1691852049L, 1330897858L, 256796758L, 
642044705L, -884397104L, 1112254974L, 1851850943L, 1193741977L, 
599357252L, 1499809476L, -1840878628L, -2093465214L, 871195853L, 
97936854L, 1870782844L, 256569981L, 2029417382L, 952770844L, 
869002274L, 1162985879L, 1088639918L, -754586962L, -1845773510L, 
-415493525L, -1926671123L, -1376410878L, 2119932469L, -159548379L, 
-198558346L, 414074407L, 902721729L, -1360003771L, -792090440L, 
