`.Random.seed` <-
c(403L, 320L, -1648901576L, 298068227L, -179562972L, 1009535485L, 
-915934435L, 1248908003L, 1164445230L, -494913426L, -1627214440L, 
1040505181L, -2084608928L, 819537128L, -235276914L, -493596522L, 
-1914172305L, -1214113264L, -1505295277L, 827425175L, 348265581L, 
-613878412L, -1129673076L, 279780057L, 425239293L, 429570260L, 
-809179678L, 417324972L, -1434514050L, 101198911L, -1556173981L, 
774585444L, 446743142L, 694405131L, -1853882564L, 2092657561L, 
-86857332L, 1631379664L, 1034468508L, -850119927L, 1603844362L, 
1089950611L, 1367111711L, 2124608725L, 1305371181L, -1112156381L, 
-1769044210L, 2113230077L, -1299539234L, 2001598448L, 254322494L, 
768889337L, 2084119969L, -265556430L, 1048999278L, 1454320876L, 
1700243373L, -1397900233L, -1953571988L, 1763400250L, -1126118710L, 
293637068L, -1263213966L, -732397528L, -1003784884L, -1656957577L, 
495747569L, -1654029110L, 1260019217L, -1623014857L, 472640604L, 
-2023462042L, 1926958782L, -113365612L, -556091671L, -745623108L, 
-1920017684L, -2121306270L, -450424130L, -1297423196L, 1848569231L, 
-918613562L, 1023504408L, -693287809L, 1948349078L, -1034526858L, 
-815227144L, 1193103950L, 1555449362L, -1462946874L, -1708134705L, 
-1600215862L, -2109173181L, 1619212953L, -2130082772L, -721231584L, 
1816210512L, 1380388830L, 1234684199L, 343706045L, 258105181L, 
-117443211L, -942201726L, -312020639L, 1691166105L, -1502415493L, 
491840219L, -1628304386L, -1646184935L, -1818511252L, -334326200L, 
1197852747L, -1620078695L, -1094026900L, 1478273211L, -1952459528L, 
-369059253L, -569514810L, -1479763968L, -1582904555L, -1060650595L, 
2063168905L, 1313205838L, -1682594496L, 1089124074L, 712521864L, 
-503453805L, -679304261L, 522790172L, 87447842L, 1151612735L, 
-297296579L, -180154442L, 1051733726L, -118736915L, 202105585L, 
-149564505L, 1349317927L, -611869641L, 2133459404L, 848949033L, 
821994081L, 109512206L, -331423728L, 1748427770L, 733268055L, 
-388415056L, 81031976L, -1157075647L, 1219725834L, 613882192L, 
-1168733247L, 1643317429L, 695249854L, 1463531824L, 1569879551L, 
-1596268013L, -1845979063L, -945530205L, -103104869L, -74320067L, 
237643543L, 2059836508L, 18077669L, -1207321868L, 1905157583L, 
-609595109L, -1891019918L, 1849151951L, 1892868479L, -1877761806L, 
-1848068280L, 1880836283L, -95904424L, 374903950L, -645805092L, 
1533684932L, -1128621062L, -789491331L, 1873342567L, -919017434L, 
955441383L, 2079194899L, 1202332768L, 820626258L, 847838698L, 
-1770905854L, 2035374057L, 1539460083L, -983736439L, -412605584L, 
745161922L, -779336102L, 2007084859L, 1087240109L, -1510183811L, 
-1611310268L, -181387537L, -1907562284L, -79991676L, 1596296549L, 
667583385L, -231932414L, 1080442941L, -1944552562L, 763356136L, 
-326877096L, 932487795L, 783939812L, 1527565115L, 1161851474L, 
-452338268L, -471687324L, 1209847440L, 1975302411L, 1875702013L, 
2089668528L, -367328813L, -1810857827L, 1902393536L, 1065804933L, 
828816396L, 836986595L, 1452978650L, 1943643614L, 1222392735L, 
-1888629699L, 1977962098L, 1854781608L, -366428622L, 398641447L, 
1630674759L, -1926471195L, 489042160L, -866622456L, 1163125113L, 
-1470273752L, -1176132979L, -283286786L, -1803392246L, -342430232L, 
-270381338L, 578674504L, 1553228953L, -1072238852L, 1475681570L, 
973024311L, -159864337L, 1294368746L, 1323672007L, 104009229L, 
283687298L, -235575665L, 1704767209L, 763220399L, 371359720L, 
970784325L, -2075221912L, 892542661L, 334530561L, 1991990175L, 
-1212157951L, 940767856L, 1669196223L, 1718090609L, -1572475787L, 
-1502653154L, 318807241L, -1476276820L, -535210387L, -44936945L, 
-2072034482L, -1486451968L, -1914420060L, -1115038912L, -1076232309L, 
-756921409L, 1732754791L, -2036498628L, -1682576647L, -641058921L, 
-829299883L, -415837638L, 470038175L, -1890933431L, 1370325966L, 
2126877815L, 189114854L, 1285326351L, 1314081703L, -966257801L, 
-1579744340L, 1120550105L, -1788832680L, -397860634L, -35987565L, 
-62028297L, 66708563L, -401956500L, -1132603342L, 926839948L, 
102968031L, -1234752946L, 141156527L, -1221350205L, -721575437L, 
8856106L, 101849976L, 1274825104L, -1832647559L, -1604315731L, 
989320112L, 964869421L, 1539440318L, 981584259L, -983784476L, 
1468726433L, -507681467L, -1405269078L, -2070616369L, 1905339406L, 
-548843029L, -174599708L, 234972119L, -1260681674L, -666199015L, 
619192980L, -190631807L, 771742587L, -689153700L, -1336184471L, 
-301604504L, -54271480L, 684915363L, 397793712L, -1187747583L, 
-797622758L, -838995465L, -773147304L, 1213647390L, 1027883897L, 
1553619906L, 1211947767L, -1383865655L, 1679485442L, 2134442957L, 
1888497947L, 940730063L, -839685713L, -1781011431L, 392188477L, 
2076827074L, -930016460L, -524811253L, -1460203170L, -615473984L, 
371913936L, -1138109542L, 1232413198L, -1283097821L, 2012120525L, 
881595531L, 984979616L, -553006132L, -433102375L, -56735319L, 
-1932785841L, 1609746834L, 715646267L, -173722795L, 615306742L, 
1593833585L, -1622379463L, 1925840468L, -1821333065L, -1072439511L, 
-238654039L, -1901981522L, 662298924L, 1536947237L, -1216925669L, 
49172646L, -2041628153L, -682262520L, -1112177004L, -1791885779L, 
1435913096L, 1783852210L, 1549007970L, 435333142L, 1509688910L, 
1520615111L, 1049393008L, -1725227345L, 550279857L, -1700822618L, 
-1232185489L, 1686917033L, -2104334962L, -1400735088L, -1029099780L, 
175629390L, 1747445407L, 6637719L, -960743274L, 746519953L, 1567605072L, 
1362078605L, 507717304L, -1984562396L, 1404397099L, 997658051L, 
-2093283608L, -383534011L, -1359957296L, -707740971L, -1838146022L, 
-705545608L, 6328608L, -725371528L, -804845769L, -817047686L, 
525081233L, 1299300732L, -853567171L, 1233480944L, -1771499564L, 
-1892745597L, -1032938872L, -2121819259L, -1750760992L, -1127631305L, 
1985632456L, -561340568L, 1059203899L, -835122804L, 1734839342L, 
1349052595L, -716620170L, -766614678L, -1881904732L, 719084718L, 
36949210L, 1722981723L, -638453636L, 1119425291L, 2008162483L, 
-2103883074L, -1559311000L, 1055857816L, -1194147916L, 743132476L, 
-90638598L, -2050047072L, 47774665L, -1369667535L, 1291549334L, 
1340405896L, 2043721163L, -1379993039L, 809256243L, -1149466173L, 
-1332744616L, -1559399531L, -1572437791L, 994258640L, 385384170L, 
1744619958L, 986176445L, -757853656L, 147654464L, -669416350L, 
-2027934142L, -337480500L, -1504243685L, -591310422L, 1110843834L, 
139047068L, 1457174139L, -934513384L, 1617996169L, 1884023117L, 
682025370L, 1821046432L, -868447116L, -81291674L, 1941859599L, 
1782387137L, 1094586730L, -819153648L, -1584165362L, -1936054649L, 
1818015487L, -578997722L, -501435411L, 2006094458L, -914767294L, 
-530215177L, -871307851L, -1621511521L, 102179428L, 1453753575L, 
-127740368L, -1357581744L, -62433711L, 344238447L, 2062977231L, 
-970701601L, -1891842885L, 2102493985L, 237524157L, -2026261953L, 
-1349425971L, -1801062357L, -1807657568L, 1641939813L, -1324718021L, 
1601588995L, 708204589L, 913205387L, 81295571L, -1764797476L, 
-1130342222L, -1781866157L, 2075863306L, 354244222L, 1983860909L, 
233822609L, 734027779L, -359739682L, 297877150L, -1316601577L, 
800009969L, 2001996509L, -1330728837L, -330552150L, 200971018L, 
-1096042927L, -199443358L, -269005164L, -1661071220L, -27761822L, 
1348475045L, -1445836982L, 1279505984L, 1772202154L, 1709520626L, 
1052306693L, -1614593081L, -1386793032L, 968102817L, 96538551L, 
-1197808276L, -439338082L, -1725268900L, 1139973258L, -145957342L, 
-1794884524L, 706285803L, -1185606727L, -248294075L, -2037884287L, 
-1821898215L, 1832771935L, -6217302L, -1770781334L, -1304501815L, 
2088695066L, 2034225083L, 1596188577L, -130696778L, -1866622992L, 
-1229107676L, -2083193386L, 1094177145L, 586299914L, -125819835L, 
1559101671L, -462004451L, -101844379L, -1814648470L, 1385353103L, 
1594420144L, -978997177L, 576964962L, 1233099819L, -987074491L, 
242856000L, 466128894L, 2079148193L, -291049859L, -1385818456L, 
1119320325L, 262952023L, 732154652L, -1424632079L, 1181510361L, 
-1325634798L, 108778974L, 2125512643L, -93555752L, -454616000L, 
