.Random.seed <-
c(403L, 84L, 695385074L, 1110778293L, -551541589L, 166847756L, 
68597427L, -377182596L, -966303744L, -341056837L, -1676330592L, 
389251175L, 424740509L, -902565994L, -1065344419L, 889636394L, 
242995270L, -667755039L, 1818291726L, 1006601225L, -383568249L, 
2058966344L, 279090063L, 156088472L, -211205580L, -1293803665L, 
-382319820L, -1801943469L, -1367980463L, -412309606L, -1748631887L, 
253400094L, -1800227102L, 1385377661L, -1962334694L, 1414532029L, 
1501736899L, 781347140L, 1364929947L, 2122273700L, -251935992L, 
-1542708429L, 1738054008L, -368755313L, -406951259L, 2078466414L, 
478473733L, -668901390L, -2099882882L, -2115191783L, -1792115866L, 
-1984449087L, -348248881L, -1153821744L, -180745305L, -370215408L, 
-2142250036L, 291164407L, 1043248444L, -277766772L, -1801427314L, 
-473367312L, 2032229573L, -489691489L, -607699341L, 875498913L, 
264758356L, 1714806774L, 912922032L, 227546082L, -857821285L, 
-25295751L, -2117978403L, -84073445L, 943584530L, 1562623112L, 
43125282L, -2123291812L, -1362196599L, 1430520715L, 1943200551L, 
828676621L, -209164688L, 1188211442L, 1034680868L, 1192780222L, 
-848409361L, -1942499979L, -1164779103L, -337576233L, -308614466L, 
-1305216844L, -2063035498L, 177412072L, -1225903971L, 1140365399L, 
-1204712869L, -1674964135L, -20303572L, -792472914L, 1673624424L, 
-1748308358L, 1837333123L, 269859889L, -772759899L, -380037981L, 
-1826018534L, -2118858480L, 1495385834L, 622568340L, -1146219615L, 
-186869181L, -1467421969L, 420488261L, -3705240L, 482003466L, 
-1162118148L, 394156086L, -1634915593L, -1454837235L, -1568643127L, 
-498802305L, 1862944422L, 1222563388L, -74719938L, -2053755104L, 
-1226804907L, 555159183L, -763121853L, -246707311L, 1914276612L, 
1687127430L, 865753216L, 257613138L, 1452369323L, -140993623L, 
-681627635L, -1802143733L, -1928588638L, -562082376L, 1710306770L, 
-129970772L, -1944736359L, 1343167131L, -1141960137L, -121799587L, 
648940288L, 620834178L, -1539105484L, 2114811502L, -1306424449L, 
1816798885L, 1694000049L, -1173790105L, -1651072594L, -141718108L, 
-2109462906L, -605575080L, -1930599955L, -824711161L, -545218581L, 
2115239753L, 1294159452L, -867992066L, -1419507592L, 2007205034L, 
-271899693L, -458056287L, 1904141781L, -1492153453L, -830513814L, 
-238955840L, -1620267686L, 799391140L, 1856681713L, -737630573L, 
1248481023L, 29610581L, 72215544L, -1978879206L, -961372212L, 
-601597786L, 925999431L, 153823741L, 1166725657L, 2054983247L, 
1343099350L, -1077832468L, 2071903086L, 1331586000L, 695054821L, 
708206783L, 1916779923L, -1487230399L, 14670964L, 640370006L, 
2071025488L, 1071945730L, 1651500219L, 1848546009L, -1267394819L, 
1694132155L, 954033266L, 1937690088L, 296800066L, 394692028L, 
797160041L, -1899838421L, 1574211399L, -19255443L, -1151177136L, 
1931411538L, -902295100L, 1240284638L, 648622991L, -292581547L, 
2039298177L, -1476845001L, -779953506L, -1602037740L, 1015615350L, 
501817160L, 833023229L, -2108091145L, 312955003L, 90007545L, 
-1059901492L, -395236274L, -1419117688L, 161593690L, 1750644259L, 
-2002529007L, 946494661L, 298137475L, -410722886L, -352576592L, 
-630555830L, -250655628L, 1422654977L, 333789795L, -1265406897L, 
-223909723L, 23502024L, 2076161258L, -262605988L, 269299926L, 
2061147607L, -2081266003L, 123908777L, 1520106399L, 1245106374L, 
-336730340L, -986987362L, -1788580864L, -529292939L, -1570232785L, 
-1550572445L, -1365218255L, 645488036L, -874324250L, 199591840L, 
-1510936334L, 1496027723L, 1941297673L, 1443085485L, 681512491L, 
1788674818L, -1507935336L, -703034126L, 1629370892L, -1344593415L, 
-1203527237L, 1692625111L, 1156310333L, -445575712L, -108344350L, 
-684507052L, -1916840946L, -762561633L, -760553083L, -1009050991L, 
-943899705L, -405980018L, -1964824700L, 1264077798L, 1488120888L, 
-124927222L, -1200312384L, -1431109639L, 1370535941L, -658871403L, 
-1948460697L, 350737724L, 1573394876L, 1747435712L, 1320401962L, 
1535433387L, -1663328981L, -756249889L, -850239699L, -841649206L, 
1370540742L, 29663054L, 131788668L, -1573344539L, -1447480335L, 
1186169257L, 6832523L, 1456724496L, -184356920L, 654037228L, 
1527920558L, 650933087L, -1117756769L, -1325927733L, -655750455L, 
-490075258L, -1682741078L, -1763295182L, -1607754168L, 1769314673L, 
-163941507L, 426087245L, -546309185L, -43741948L, -1059352860L, 
-305049000L, 323879234L, -95007949L, 1971859219L, 1065535703L, 
-574007467L, -790703166L, -1233436658L, -1234071994L, 1509317044L, 
1359479661L, -1250677959L, -1218621935L, -423311437L, 2016071656L, 
-628043616L, 231793844L, -1082073226L, 577288855L, -1742687369L, 
-142539821L, -2032460191L, -210145298L, 1702691330L, 1648719930L, 
-2092202224L, -1934070455L, -351351979L, 1130532133L, -855665737L, 
-234849684L, 1900759660L, 386048784L, 40934138L, 304428187L, 
535670683L, -1295657169L, -1479640707L, -1930291526L, -546969098L, 
-2100022626L, 1922718828L, -764997067L, -431454047L, 2013622841L, 
-2103037477L, -550963616L, 1328848408L, 1629107932L, -1646215522L, 
1813962063L, -1098301265L, 125605115L, 219827033L, -676480298L, 
-805550502L, -920722366L, -1134879240L, -102227551L, -1689446483L, 
-1653695363L, -1786114129L, 581621716L, 1727343604L, -1914849848L, 
-1647509966L, 1926606339L, -722006365L, -1436347449L, 2137859973L, 
-839415470L, -454670562L, -18882378L, -1983248060L, 644066205L, 
1194582217L, -2075021439L, 1379661283L, 1921405784L, 275832208L, 
-1584806908L, -1842353274L, -663461145L, 1281525927L, 701177187L, 
577910097L, 1430033502L, 111063506L, -1508272470L, 1976296800L, 
1504152473L, 135278501L, 1317340853L, 1738976775L, -1932139940L, 
339718172L, 721966432L, 751467530L, 1922590219L, 1209949515L, 
2121839423L, -1052786163L, 1358494634L, 157197030L, 681971054L, 
1164787292L, 812749253L, 2079761425L, -738755703L, 1172914539L, 
-149122960L, -1320955352L, 1163346700L, -372657970L, 69115839L, 
572202687L, -1681797141L, 1924634345L, -803730906L, -565079862L, 
-1094819630L, 1938278312L, 2118916433L, 657156957L, -1219784275L, 
1314422495L, 1553706148L, -850048444L, -1663213512L, 893003614L, 
-768354753L, 1556283786L, -1321789759L, -1259221666L, -1032178687L, 
-918974660L, -2088128515L, 1324248210L, 1460386183L, 378375542L, 
1524474077L, 2112710246L, 362869041L, 345631352L, 1448814709L, 
1519018630L, -2141201585L, 61231114L, -1999335855L, -811443034L, 
-658136343L, 72560124L, -2130523875L, 641102602L, 659063023L, 
-1733752026L, -318864259L, 1231812118L, 1313532433L, 937852904L, 
-841820611L, -253222306L, 2143225839L, 1492628570L, 243905921L, 
-1520049874L, -2050852543L, 2023117868L, -1750625699L, 400800146L, 
-1561439817L, -202498474L, -1996786755L, -606250522L, -294779247L, 
-273871256L, -181313291L, 574322406L, 1713468431L, -1986747382L, 
-2124008863L, 921175094L, 978493993L, -521910340L, -10733235L, 
-1556359670L, -607582721L, -847983439L, -528478838L, 2016211572L, 
-2083728627L, -812349023L, -1222177468L, -2063979750L, -794524215L, 
1166603609L, 2030009258L, -1975089280L, 843644633L, -541624695L, 
-44644240L, 2107274530L, -645034267L, 1758714121L, 1169915346L, 
465694940L, 1789603765L, 1782816841L, 603258820L, -1103635846L, 
66278241L, 2135609409L, 1703025314L, -387903424L, 908329177L, 
-1277790367L, -318733192L, 1798079906L, 191808341L, -1795851951L, 
-216634294L, -1766657932L, 2002789869L, 1351669553L, -59622444L, 
577669482L, 135601321L, -62483655L, 183326362L, 116265472L, -1392844439L, 
26686729L, -1180809568L, 1695924498L, 1965732229L, -1167717031L, 
726533154L, -1547933428L, 1321731589L, -534410423L, -889496620L, 
-1421662262L, 508498257L, 842304113L, -942117470L, -2077548608L, 
2130425513L, -1157554863L, -692227336L, 1407614194L, -1134049227L, 
1909705617L, -1498325622L, 822932404L, 2088311245L, 27132961L, 
-1809615708L, 1361490394L, -1684615511L, 1371734233L, 1172242762L, 
-1909187296L, -1300818503L, -1009477687L, -1344213680L, 740781250L, 
