.Random.seed <-
c(403L, 10L, 1807477277L, 1655542423L, -411567106L, 958052280L, 
-1450423397L, -1637281287L, 311574856L, 203709558L, 216377777L, 
852555747L, 1040909490L, -893875964L, 1130263111L, 1777612061L, 
-1670016108L, -1456330950L, -210269307L, 1698709599L, 991707878L, 
1740523888L, -663588205L, 746441521L, -1010935328L, 479280766L, 
-415881975L, -194701509L, -17944822L, 1753943788L, -1682465937L, 
-615068507L, -1484853668L, 450618930L, 479196461L, -1855667225L, 
999678734L, 363463912L, 952712939L, -2106159223L, 793807640L, 
-324272570L, 1851838113L, 1981894963L, 821272738L, 1709797268L, 
-1249731049L, 1247193613L, -611147996L, -2121102582L, 818169461L, 
-61073969L, -1872855338L, 1767531136L, 1345981635L, -1404835231L, 
1547739856L, -873974738L, -1662346791L, 107652587L, -1985466278L, 
-71966180L, 1929138975L, -674945163L, 1031237132L, 550213602L, 
244925L, -374867145L, 1214784478L, -668114664L, 347604091L, -750626279L, 
1556048552L, -1618263978L, -272376623L, 474417283L, 1523825426L, 
1052565156L, -1024791961L, -1487920195L, -1320706764L, 1044813466L, 
1011123429L, 1134245503L, -1831911418L, 437855120L, -2068672973L, 
932150737L, -256401536L, 1521341022L, 1535715753L, 264259675L, 
973156458L, -1366859508L, -291816625L, 1006520325L, -864848196L, 
1862545298L, -1792328563L, 123062983L, -80196690L, 1062266376L, 
-821691893L, -714835223L, 370910648L, -88047002L, -520114431L, 
1592101267L, 2051416642L, 1255286260L, -1743667209L, 74908653L, 
-540169084L, -386723158L, -932698091L, -742305617L, -1662894410L, 
-578933536L, -1955786717L, -1983697087L, -1761914320L, -402689970L, 
-1005768519L, -1501117237L, -2043901574L, 1860293756L, -1887706945L, 
740722069L, 1722021292L, 794251138L, -381913763L, -393999273L, 
1059679038L, 1220227960L, 252452955L, -959780935L, -405506552L, 
1749992630L, 471524337L, 528526883L, -156594574L, -104106812L, 
-252034425L, -200132003L, 392690772L, -2113481094L, -1665260091L, 
1135642399L, -656088410L, 922895408L, 1676179155L, 935023857L, 
-629772256L, 2048632510L, 995029705L, 1472399483L, -886462902L, 
2088411820L, -1628359249L, -1342876315L, -63053028L, -944732302L, 
1021451245L, 605629479L, -1432480690L, 490797224L, -232270165L, 
-600587319L, -123265064L, -974260602L, -205607071L, -793156877L, 
-642933406L, -518767660L, -224166185L, 1565443277L, -60783516L, 
1701677642L, 2047774645L, 513143567L, -2031628266L, -1910908224L, 
977255555L, -664549215L, -1202332016L, -355738258L, 1925540633L, 
588738475L, 1961659802L, 902445404L, -1237036961L, -1178017739L, 
-194333748L, 1551415074L, 1375177085L, -744906121L, 1649269662L, 
-2069951912L, 68723643L, -1174477479L, 1713913576L, -495468778L, 
1487720593L, -1970475709L, -1575356334L, -88143132L, -136966873L, 
-1184737923L, 698498164L, 1387505242L, -2080447835L, 993716415L, 
-689349818L, 1479813584L, -1698513933L, -2084969711L, -14994624L, 
1673485086L, -22141975L, -1735055077L, -44498134L, -1504558004L, 
247303183L, 763799365L, -2089971460L, -601235630L, -1686335283L, 
922296455L, -2116746386L, -1915613036L, 1588132178L, 1021970144L, 
223944908L, 1354879136L, -1729474174L, -1438576408L, 623038700L, 
-1374588868L, 823980146L, -917055376L, -675669468L, -1241599432L, 
1104077338L, 242067664L, -1749019076L, 1326167188L, 473130114L, 
-1662758976L, 970523964L, 1654208144L, 1772817442L, 1184532488L, 
1830818956L, 180434972L, -297868142L, 1565273216L, 1906932756L, 
1373340456L, -678065094L, 1563921616L, 1064094828L, -289999180L, 
-1052155886L, -1958088736L, 1555084236L, -48957984L, -1469776862L, 
-502696664L, -1717165812L, -1194004932L, 196359410L, -445294352L, 
1975887684L, 777351256L, 1231698490L, 2039703792L, -2021231940L, 
-2130918892L, -1621459774L, 1104283232L, 1907438972L, -1227096880L, 
-358863838L, -506578776L, -240509556L, 693680572L, 487815218L, 
1578314560L, -1427441996L, -1171459768L, -1035640134L, -445794544L, 
1412073708L, -51603372L, -662106350L, -398134880L, -437530676L, 
-260147360L, -1861589822L, -128864728L, -1504130644L, 1621771068L, 
372102002L, -478849232L, 501876772L, 269229624L, -862469414L, 
1051170704L, 437751036L, -387750508L, 1839461186L, 561052160L, 
283318332L, 649050704L, 456794274L, 164791112L, 1862947340L, 
-92900644L, 1860806738L, -302490496L, -224989356L, 456327144L, 
525511418L, 495746896L, 352207916L, 647848308L, 490772114L, 923843168L, 
811833484L, 505432416L, -845883166L, -572242776L, -339538228L, 
1666275836L, 272491442L, -1449182224L, 1916705220L, 1447570776L, 
694143354L, 5241264L, -1742634564L, 206405204L, -891852350L, 
885590816L, -1325278276L, 1258381392L, -35609630L, 1422722920L, 
-1888329908L, 1316372220L, -730775822L, 2107997440L, 1480864884L, 
1498390024L, 1957928378L, -1503230512L, 846749676L, 583498644L, 
-479670062L, -700085152L, 2029393228L, -1461146848L, -618825086L, 
1258496488L, 34022380L, -2141878724L, 720027250L, 1454773104L, 
-795800284L, 108071480L, -1934003814L, -777746992L, -1698449988L, 
978413204L, 1679442562L, 881485248L, 1550503740L, -1506659696L, 
1213007650L, 220927496L, 394564364L, -240366692L, 1236476946L, 
744289152L, 686992148L, 618636584L, -630083526L, 625333200L, 
-1759802772L, -265769932L, 1775786130L, 941228384L, 1421827404L, 
136777184L, -1157958750L, 1465097128L, -1900057460L, 934790076L, 
-32330638L, 1731512304L, -1575472060L, 917047384L, 953524282L, 
66015344L, 2050491964L, -551598316L, 2056755906L, 16007904L, 
-444191620L, -1502925616L, -1063617630L, 5500456L, -1623045876L, 
-1680140356L, 336140594L, -1947762496L, 1793995316L, 546671304L, 
-603936070L, 450491536L, 954390252L, -2137325996L, -1090091374L, 
-1905244384L, -1079380020L, -294813472L, -697319742L, -1417104344L, 
-306308180L, -2026620228L, -73053710L, 460822064L, -254642268L, 
1217868216L, -936950950L, -1137494896L, 1327278972L, 789063444L, 
622054722L, 1816112896L, 522589116L, 322326352L, -297776862L, 
248996424L, 625414156L, 470848604L, -1910771246L, 1316978176L, 
-1816682156L, -311979800L, 1412292858L, 854132432L, -520040148L, 
477044980L, 224972178L, 1361336672L, -720552496L, -1427637511L, 
622204971L, -1351719012L, 2040190922L, 88977599L, -751926775L, 
-2021299426L, -1745112372L, -1480586595L, -140343513L, 2137811280L, 
-1224517650L, -149636965L, 575099645L, 1233336810L, 44098184L, 
-1097550799L, -819562845L, -939176284L, 1544449874L, -1742731609L, 
450353905L, -567037386L, 1694019284L, 817607269L, 976613487L, 
-2128821592L, 89690118L, 645958963L, 244466069L, -1844273678L, 
-2091728320L, 1394809769L, -1499687397L, -2136510484L, -1566164998L, 
1232505903L, -1476334535L, 1596522062L, -113570148L, -828144627L, 
-1300227977L, -1996517248L, 976971486L, -642753109L, 1400934061L, 
1148318490L, -978613288L, 958642241L, 80570099L, -1172092652L, 
-104252254L, 900692407L, -869540479L, 977681286L, 986945988L, 
-744697611L, 1435705695L, 1942547384L, -2131190122L, 249825443L, 
-158633371L, -1603651710L, -941716240L, 122381465L, -1330799477L, 
104981884L, -1610439766L, 395080671L, -1814947479L, 2136569214L, 
1749194092L, -2071933507L, -1998131577L, -1684817296L, 1025999118L, 
396709435L, 1195932957L, -1114912822L, -2099154712L, -1600797743L, 
61728195L, -862323004L, 666486130L, -2136467385L, 1060506641L, 
-1448759914L, -1657736972L, -1109697915L, -2047765553L, 1966037704L, 
1299962726L, -173973101L, 2095885045L, -1224768814L, 1361685792L, 
-768359159L, 1477657147L, -78751860L, 826635802L, 56323727L, 
-242374183L, 1838767726L, 135331324L, -707721363L, -427495145L, 
-1505747744L, 1747604158L, -988651381L, 59047693L, 1585565498L, 
567986040L, 600661281L, 118390227L, 1723792628L, 944764290L, 
229879831L, 1008228065L, 252039206L, 782337316L, 811265493L, 
1489391999L, -413102056L, 2051190582L, -2081048125L, -2122745851L, 
-1725432926L, 1923032976L, 1427211065L, -1078683669L, -1845839652L, 
-1359959798L, 426383359L, 709565001L, -1771012130L, -1154232436L, 
-1078657187L, 1802463079L, 1334287504L, 156218030L, 144617307L, 
