.Random.seed <-
c(403L, 30L, -39715928L, -768475221L, -1816687415L, -514155304L, 
-1631297146L, 848967777L, -2037564941L, -787355550L, -1157914924L, 
1255163863L, -437971507L, 321319268L, 1084339530L, -951733067L, 
823383055L, 486780182L, -664119360L, 79364995L, -209063519L, 
159112592L, 112717422L, 652826649L, -2094693205L, 334698650L, 
-689223588L, 1614415199L, -305508555L, 428638924L, 2023440418L, 
1786645117L, 1520672631L, 1342361758L, 1515507544L, 1659542203L, 
-1228446631L, 1450999784L, -1121375722L, -1302254191L, -342542781L, 
300713298L, -1346623004L, -2018801625L, 872371325L, 999414132L, 
-147057318L, 925000613L, -1975315521L, -87990202L, -1274286384L, 
-1652401933L, 1778282001L, -427804608L, -629330914L, -1390572823L, 
382054427L, 948500522L, 1447947084L, 325830927L, -56804283L, 
-2120958468L, 2144513106L, 937995725L, -66474105L, 1512213102L, 
1987734088L, 1328020555L, -1278648919L, 1781879032L, -1677110234L, 
1197774145L, 1754391251L, -711480702L, -1902915404L, -1933590473L, 
-248261843L, -254539708L, -1092258454L, -1171856939L, -1456253073L, 
-270528906L, 2124153248L, 957761123L, -1996497151L, 682028656L, 
-1467299314L, 1786430073L, -47919605L, -793485510L, 1533044284L, 
1523813759L, 1203925L, -929206548L, -1340514238L, -1861056611L, 
1943868951L, 1093348222L, 1826171192L, -1167571429L, 961611641L, 
1246593480L, 2045107702L, 1029472305L, -1908594077L, 1124103730L, 
-1252572284L, 2086855111L, 1828128925L, 640057364L, 1997575866L, 
659392261L, 1065477343L, -1769224858L, -636030736L, -1450085357L, 
484506033L, 1645122656L, -990338562L, 864658825L, -1516248389L, 
448663178L, 203483500L, 785125103L, 1503811877L, 349034460L, 
1702032818L, 1784734893L, -1691712409L, -1003717746L, -1996366744L, 
-1908483989L, -2111553015L, 1722125464L, 1581580230L, -1366502623L, 
1996881843L, -672065758L, 253864212L, -270767721L, -836978291L, 
-139845468L, 1946278538L, -2136272651L, -1076938929L, -2144915370L, 
-1353295104L, -127193533L, 351163873L, -1025769136L, -2102765650L, 
-936792743L, 831912811L, 1283783386L, -351577188L, -1893103713L, 
-1592586763L, -1882759028L, 1035690338L, -1864917699L, 768847287L, 
-414885282L, 1459874712L, 1847493371L, -1262400871L, -2002480344L, 
-991288874L, 694783569L, -1680724733L, 113361042L, -1610574300L, 
-1601115929L, -1401856707L, 1894660532L, 85501466L, 1856570725L, 
-1094538241L, -214611322L, 756955664L, -831823693L, 1584790353L, 
2122209024L, 86832606L, 76627497L, -1066781221L, -2075149590L, 
-1299826548L, -621926449L, -1347256443L, -1440166852L, -758227694L, 
1252874765L, -485559993L, 416625454L, 729722504L, 14108555L, 
462284649L, -1147446984L, -1382439962L, -1053822079L, 1010019091L, 
-459090750L, -1915850892L, 1029436279L, -1776384915L, 302463748L, 
-144293334L, -359207019L, 534819887L, -1356001994L, 1880282464L, 
355767203L, -1868761919L, -263392080L, -760802354L, -45025479L, 
340756299L, -162695942L, 459140604L, 2103590463L, 1565016853L, 
-1326825428L, 1669431554L, 1707125213L, 1163720919L, 1649460158L, 
1623426552L, 1866850779L, -399855559L, -795844276L, 1531171808L, 
-620699230L, 9314728L, -597934452L, -2072832580L, -1356111246L, 
541363184L, -791594428L, -1060511656L, -540388294L, -1979310992L, 
171983932L, 1072323860L, 2099200706L, -1535035680L, -1516929924L, 
-604429616L, -684801630L, -685247448L, 1162311436L, -2026428996L, 
-87439566L, -272478528L, -1334007756L, -2024190264L, -565630790L, 
-728825200L, 1986741996L, -1641196972L, 1019678354L, -488893152L, 
776453580L, -652579104L, -1777763134L, -1685038040L, -1802976340L, 
1378420412L, -686848014L, -1670155728L, -1673872476L, 1960011192L, 
2114463578L, -776054640L, -1843271812L, -565836524L, -298139326L, 
461905152L, -978320964L, 1251597648L, 1567344930L, 588247624L, 
-286458868L, 611562076L, 1236702674L, -1939259904L, 1136251220L, 
-1073822488L, -742795014L, 477876944L, 1809030956L, -1494106892L, 
-2127268462L, -880440992L, 1658603532L, -853169952L, -1441921438L, 
-752537432L, -1693673396L, -1457768580L, 458034L, 18673264L, 
-1263696060L, 1944382424L, -1170804870L, 977536048L, -1855307844L, 
72325716L, -1523486654L, 369825440L, 1933806268L, -1590679600L, 
-1401722526L, -1845867800L, -1809214260L, -904476164L, -206777870L, 
623300736L, 390204916L, -519419256L, 2078517050L, 1441831248L, 
-1056647060L, 122611092L, 1537551442L, -1516064288L, 353140940L, 
818842272L, 1648243074L, -2020477720L, 2073418476L, -814206660L, 
-568685454L, -1019797904L, -1142245852L, -1940094920L, 1985189146L, 
-1334366000L, 946957628L, -1199108204L, 1093695362L, 59297728L, 
-1572663748L, 151036304L, 1404609570L, -552582904L, -366353268L, 
-921930980L, -1456942958L, -1377926784L, 950967316L, -1337485528L, 
261422650L, -1164312112L, 1929601388L, -519491660L, -63621614L, 
1069683680L, -846211636L, 1927898336L, -1313478622L, -455520472L, 
130573836L, 78908220L, 1826470898L, 85938928L, 2018558532L, 625026648L, 
-2109919430L, 1826712560L, 1271127740L, 896122132L, -1050992446L, 
1618576480L, -497217156L, 1848471504L, 1630193954L, 1023336104L, 
-244460660L, 1304270012L, 337225522L, -1679609280L, -1683026764L, 
1963975752L, -1053957702L, 645787152L, 2006165740L, 934064468L, 
1402203922L, 1630623136L, 481864396L, -544299424L, -1589903422L, 
1543502632L, -1527929428L, -1135052484L, -1578707086L, -665044688L, 
-1866191068L, 2054520120L, -1195803942L, -1613551728L, 348373756L, 
-1575694444L, -1384703934L, 1550023936L, 821384252L, 254322000L, 
1625852066L, -241510584L, 253685516L, -1915245860L, -1426478254L, 
1754063488L, -447338412L, 1891034088L, -1914390790L, 35238224L, 
-90109140L, -849158284L, -1679090798L, -1509728672L, 926416780L, 
-1459035296L, 133939170L, 123543464L, -1844091700L, 1227218428L, 
1677353906L, 1103933936L, -521293372L, -1293221544L, -637872774L, 
-1476030032L, -608411716L, 1750995028L, 331535298L, 1759837216L, 
1123073212L, -1531522480L, -1506666526L, 670297704L, -1810228660L, 
1812361468L, 655851506L, 1960596736L, 740314996L, -1760657400L, 
1468169658L, 1311827408L, 15776748L, -1605345388L, 1832932306L, 
-2047785120L, 434617676L, -405021408L, -1359338622L, 1775835692L, 
1821094458L, 943733999L, 1202491257L, 1831015438L, -1870018084L, 
273713741L, 1585879479L, 1732556608L, -853291490L, 1910798571L, 
-1310709651L, -1890402086L, 1983275160L, -1239509247L, -1270489933L, 
1802835924L, -806522142L, 581874551L, -900751679L, -1732528570L, 
-1808914044L, 1059378997L, -2111372001L, 404950136L, -2080163498L, 
2019776483L, -159415899L, -619432894L, -2061850064L, -31636903L, 
-1744210997L, -1387834308L, -2021901718L, 1372027039L, -1420037847L, 
1516496318L, 345814188L, 1167938045L, -723642041L, 1777930800L, 
1021637454L, -651888773L, -1397538595L, 757860618L, -930943960L, 
1408278673L, 1042519171L, 1969452420L, 947532722L, -957694713L, 
1866598225L, 1931265750L, 1081999284L, -1209069627L, -1986343153L, 
-2112508536L, -643184474L, 1628682323L, 437690805L, -717379822L, 
-1753142048L, 112501065L, -1881842821L, -626366900L, -1841874982L, 
4179407L, -1334447207L, 650306478L, -1076074308L, -978902739L, 
1005499095L, 1925880608L, 1997192318L, 130794059L, 1441206349L, 
1249660538L, 1204287160L, 1384838241L, 1646646803L, -2086183884L, 
-1729641918L, 1533470295L, -126886495L, 1910570598L, -740315548L, 
579259797L, 375717567L, -656570792L, -1583828362L, -2017501565L, 
1617945285L, 496889826L, 1744247376L, -467705991L, -1330879317L, 
-16471012L, 196594506L, -1318442177L, -324270711L, -1784652386L, 
-2130783156L, 688805405L, -1947468889L, 344260304L, -1889079186L, 
-1836222693L, -1983702915L, -1518631318L, -2003450104L, -470919247L, 
580010019L, 1346175268L, 480024018L, -95476185L, -1143271311L, 
1749890742L, -793105836L, 1123436261L, -775781649L, -206811608L, 
-327308666L, -1678805837L, -485975531L, -501257102L, -452368192L, 
443784489L, 991519643L, 745354348L, 2041534586L, 2085683631L, 
-3770183L, -1683879218L, 901859356L, -407213171L, 1319523831L, 
