.Random.seed <-
c(403L, 10L, -1982649183L, 325665424L, -332070546L, -524353767L, 
-472108117L, -432512614L, -501033636L, 489032799L, -371026891L, 
-870092852L, 1036290850L, -1661430403L, 894391927L, 662106014L, 
932482648L, 673605563L, 343361881L, -632503576L, 2068003606L, 
1626164369L, -54935229L, -1353561006L, 1642860260L, -2092320473L, 
733632893L, -1473212300L, 836801114L, -2123301211L, -536703809L, 
877612870L, -1572803120L, 939659251L, -1008724207L, 1883461440L, 
-1100767458L, 1338552297L, 809125147L, -1083351254L, -595013556L, 
2105178127L, 24556357L, 1796748540L, -693001390L, 121369805L, 
487978119L, -1370050706L, 272638280L, -1587493557L, 672843945L, 
-1162184200L, 1923901734L, 514046529L, 927232979L, 107651458L, 
-1488558668L, -128249545L, 1112757293L, 355656004L, 1862252138L, 
-454762283L, 1559875183L, -1668174986L, -1628111712L, -429968029L, 
1350383105L, -376916624L, 1991501070L, -1249286279L, -1344039157L, 
1431812154L, 901875516L, -1860967297L, 1738282965L, 61233644L, 
1243192130L, 1920140445L, 1873730839L, -1745718146L, 301231160L, 
795921179L, 1643225209L, 1188382920L, 382042358L, 762388785L, 
-671127197L, -1210803406L, 1317672068L, -441438009L, -1126528099L, 
1582329620L, -1670273606L, -1215380475L, -261883425L, -1133249434L, 
-1130636304L, 1703675155L, -477504847L, 1137341792L, 1334848254L, 
1639270025L, 1545785787L, 65858442L, -1865764244L, 260684783L, 
-686578651L, 2036554972L, -1675595086L, -737204819L, 545118567L, 
-1306970482L, -1164738712L, 371771243L, -1054400247L, -1108879464L, 
-18493754L, -1114997727L, 1632401587L, -472301022L, 1044919316L, 
1647241367L, 149777037L, 102206372L, -997403254L, -730574347L, 
1975503951L, -54875306L, -740376064L, -1240392893L, 11025121L, 
-1729591216L, 2145675438L, -216085415L, 1373199467L, 1815319002L, 
-483468644L, 1151120543L, -974076171L, -1159259252L, 313752162L, 
-91218371L, 830013623L, -1190813858L, 1889837720L, -1570139653L, 
1200319385L, -240004056L, -1203477290L, -706481839L, -2026827773L, 
-357845102L, -59681500L, 315833319L, 1399742525L, -1972121932L, 
-1026128614L, 824821349L, -724628737L, -1484050554L, 1128636688L, 
1652994483L, 1946274385L, -921732608L, 1592825566L, 530406697L, 
-833879845L, -1215146006L, -1969064052L, 1109453007L, -571348859L, 
-934126788L, -959512046L, -862234355L, -1138015673L, -1417709522L, 
685419912L, 1882608779L, -205894039L, 216298040L, -1862335770L, 
99573377L, -1779932653L, 896632258L, -1426420108L, 547168375L, 
1179779437L, 641725956L, -1304083158L, -524361067L, -619599569L, 
204926006L, -206026656L, 530292387L, 769219009L, -1067776592L, 
1558711502L, 907151929L, 258001995L, 434671098L, 313673980L, 
2021207359L, -14900715L, 1747544364L, 2024401410L, -574363427L, 
-1480012841L, -5630274L, -2100145928L, -606466341L, 7804217L, 
459800712L, 193148982L, -466518927L, -2014263645L, -935449614L, 
-1475055804L, -1946001401L, 1519410653L, 1372080852L, -1172580870L, 
86382917L, 1774124447L, -1033404634L, 677621680L, -1866920877L, 
689063793L, -1212965216L, 2142216766L, -79002718L, -1953055192L, 
-1033506548L, 449918908L, -1331166926L, 302487744L, -1348079052L, 
-1651742008L, -1955769670L, 367893648L, 242333420L, 1608767060L, 
739980946L, -870553824L, 980490188L, -1844270880L, 1560747714L, 
1480619048L, 1743469484L, -2102789444L, -476601870L, 1172805168L, 
373004196L, 434958776L, 1804716890L, 441394320L, 1814068092L, 
269479700L, -596644542L, -20336896L, -1847116868L, -1732473008L, 
-466112222L, -401061304L, -2083637236L, -1973638052L, 574149074L, 
68007424L, -392179372L, -958344984L, 1929801978L, -1813186864L, 
-314554068L, -366188300L, 1647369618L, 733145440L, 962324492L, 
634710752L, 730059362L, 561187496L, 1024133708L, -1423181956L, 
1498823986L, -18250128L, -303776956L, 167581656L, 722177914L, 
-157786576L, 1354921916L, 1104037460L, 1681193026L, 1540927648L, 
-440791364L, 231262672L, 2091058018L, 478790376L, 2089373900L, 
243380732L, -901998094L, -1174033792L, 1996043764L, 542639752L, 
1554075450L, -63065264L, 1944089708L, -435394156L, 1387910226L, 
785721824L, 861584588L, -2114597728L, 130143618L, -551894808L, 
547921644L, -897843908L, -1548403598L, 1412747376L, 1920985124L, 
936897592L, -2146617574L, -293401392L, -576039108L, 1954445204L, 
-2072519806L, 2034266560L, -1483522500L, -2095852144L, -537885150L, 
-1447600888L, 1228158604L, -1141676260L, 1756852370L, -1932625536L, 
-695038444L, -625766616L, -833478086L, -1290988080L, -505857684L, 
408785844L, 1380702226L, 1607900640L, -2129014836L, -427052832L, 
-567982046L, 2040463656L, -801047028L, 168730428L, 456002546L, 
153119472L, 1265944132L, -682999208L, 555310906L, -1440778768L, 
-951341380L, 776571156L, 636611266L, 1218780256L, -585141380L, 
2005125072L, 937238818L, 1997740712L, 1148302220L, 72698044L, 
946542386L, -1983251904L, -1647360844L, -263214520L, -1959162438L, 
2025650704L, 1018133228L, 983107924L, 855052562L, 1094954400L, 
440388300L, 1349774944L, 1179754434L, 664809256L, -742391892L, 
372372284L, -908609166L, 2103601968L, -1282239196L, -1040495816L, 
378808026L, 1452343184L, -134553860L, -1724435564L, -515356606L, 
15897856L, 186709052L, -936742576L, 1352448162L, 1406773576L, 
424371980L, -1475370276L, -124973742L, 1565142144L, -287137708L, 
-242051096L, -640597766L, 1315867472L, -1069478100L, 1446586740L, 
-1610581102L, 1209395296L, 873878924L, -1719653536L, -79930910L, 
-1343149144L, -1461494580L, -514955268L, -745892430L, -150123024L, 
-173216828L, -1734554280L, 174584186L, -1957811280L, -277622340L, 
123783252L, -1965367358L, -1629808608L, -597190468L, -1037942192L, 
1567046626L, 213969000L, 53111884L, -1055565572L, 1546464242L, 
-784348928L, 827564404L, -12946424L, -124829766L, -590876208L, 
1641192428L, 1515850132L, -1965968942L, 1145000288L, -136769716L, 
796490016L, 314099586L, -1296396568L, 2033205484L, 1384977468L, 
-1131177102L, 1762666096L, -1005286364L, 2125144888L, 123956378L, 
-1907954992L, -485887812L, -123941228L, 815283842L, 1147173056L, 
1266584380L, 873258128L, 129084962L, 2077564936L, 838501644L, 
1444798071L, -143497279L, 659625286L, 2078401668L, 1269451317L, 
527020575L, 1927931256L, -761510826L, 1117042915L, 2022264485L, 
-572062910L, 1403078960L, -1480183463L, -1432862005L, -791418052L, 
-1015135382L, -474533473L, 372484137L, -300436802L, -152648788L, 
419008765L, 127507527L, -1596044496L, 1107819598L, -360918917L, 
1609171933L, -89871862L, 637976360L, 195236241L, -1445746813L, 
1378221188L, -1399010638L, 1517907463L, -553013679L, 2093442518L, 
-1077593932L, -163289915L, 737273359L, 2092744328L, -476539994L, 
-905438381L, -906644299L, 1152823826L, -1686970400L, -201264567L, 
81655931L, -1866905268L, 975199450L, -1996768049L, 122910873L, 
-67414866L, -947482180L, -1148351955L, -640942633L, 1718055968L, 
655382910L, -575711413L, -506790579L, -1958902918L, 861803960L, 
-1728157855L, 322178835L, 1471555380L, 1242002754L, -271263401L, 
401130657L, -1244832410L, 2114559844L, 624373397L, -1785747521L, 
-1903801512L, 1351068022L, -1432081533L, -1971357243L, -2001596702L, 
-1891119280L, -1000269191L, 294239659L, -1364753636L, -1107094454L, 
-1001328577L, -1309679479L, -722406242L, -1241738932L, 1457391901L, 
186143911L, -1790241840L, 1184041838L, 1111955995L, -88589443L, 
676247914L, 1826641928L, 1942773937L, 1906868003L, 132381732L, 
-719561006L, 960424743L, -1595335311L, -637254730L, -1399077036L, 
-1635008027L, -22209553L, 1201556264L, -2117993594L, 672716723L, 
-102727915L, 1100876146L, 917044672L, -1260765655L, 1372467867L, 
574208876L, -812326022L, 532888751L, 1659037625L, 106934734L, 
122148124L, -457883507L, 1791511799L, -492324864L, -816342434L, 
-1812617941L, -1569352147L, 1363455642L, 811035224L, -1351907903L, 
1232267891L, 1670760340L, 906524194L, -1475520201L, 1904642049L, 
-1382349562L, 569614660L, -1411296139L, -1927432737L, 829038904L, 
-1793901802L, 2110853923L, 530176229L, -1142971134L, 1238435696L, 
-1401911527L, 942460683L, -1947677700L, 2036975658L, -76200865L, 
1139207145L, 601691390L, 980356332L, 171925565L, 1774400519L, 
