.Random.seed <-
c(403L, 10L, 1197878664L, 1543623819L, 448908905L, 1242231352L, 
-1119452442L, 1064033921L, -1975721453L, -1114896958L, -699003276L, 
715497591L, -1380548243L, 1373599236L, 1410254122L, 208429717L, 
-2121520849L, -1235260362L, 1416349792L, 1524375203L, -914171455L, 
1192396208L, 184585422L, 1020365369L, -1383838645L, 709758458L, 
-1632450308L, 29732159L, -463527403L, 1844373804L, 348350978L, 
628517085L, 146033623L, -802646338L, 1608765688L, -436171045L, 
-26897095L, -49839992L, 235583542L, 1762720881L, -965392733L, 
-335238158L, 2008870724L, -349904889L, -1476534819L, -1876440364L, 
-880650758L, -1288660667L, -1200456289L, -1362559194L, -1633865808L, 
2107739219L, 654952305L, 1512775328L, -1425530306L, 779143497L, 
-1145612293L, -654869558L, 343119148L, 1471998255L, -1630087195L, 
2108294812L, -2043809038L, -592825491L, 1560980647L, 1370072782L, 
-513385432L, 58687531L, -21433783L, 2002557784L, -1418111482L, 
2006114273L, -247280269L, -1965283870L, -411309740L, 499972183L, 
330089549L, -622520348L, -1581791798L, -256119755L, -2102760817L, 
1135371158L, 202829632L, 1030029827L, -1121183711L, 404812560L, 
-1085812498L, -1956474727L, 1292793131L, 82086938L, 485613276L, 
1380923103L, 1596850357L, 832775756L, -167679326L, 1339150845L, 
-376816905L, -1282110434L, -952351016L, 423467579L, 1462212569L, 
135282024L, -83825514L, -1839044079L, -1371536445L, 1481703378L, 
276863588L, 534493607L, 1775482621L, -470535436L, -979094054L, 
964323621L, 1234505791L, -382799930L, -1952312240L, -1073350541L, 
353049745L, 1620810944L, -694612322L, 159253097L, 1190978203L, 
746835882L, 1065720780L, -913926513L, -301398331L, 26570364L, 
783418066L, -1910831539L, -1919554809L, -1339093266L, 218950600L, 
697810123L, -1809857239L, 1394230648L, -1614619994L, 1605434561L, 
1015307603L, -1882269182L, 2077942580L, -246886217L, 463354029L, 
1132725700L, -363063830L, -301290923L, -1451256849L, 1385460726L, 
1727391008L, -1598141725L, -939979903L, -351105552L, 91837582L, 
1331510265L, -860939893L, -1151572550L, -17396548L, 1703485439L, 
-1753465515L, -1752400276L, -1038886206L, 446913821L, 554382231L, 
1773553406L, 1370920120L, 1541793435L, 574514425L, 1423922760L, 
1835438454L, 1833744561L, 1495825635L, 480291762L, 126514180L, 
994391879L, 881782301L, 738673812L, 632022074L, 1724554885L, 
-1374003361L, 848363494L, 61485680L, -590473837L, -1445674447L, 
1902878944L, 1874516350L, -625550327L, 803122235L, -1460080118L, 
-1743947284L, 642539119L, -569716315L, -1427125924L, -2016086734L, 
1549388845L, -119897369L, -910563314L, 852998632L, -821077013L, 
-1805695863L, 1256292376L, -2094227642L, 2141306273L, -742910925L, 
-730023518L, -422912876L, 1299290903L, -898804467L, 61531172L, 
-825183222L, -491837067L, 1104670927L, -1189256234L, 346725248L, 
-2126352445L, 37120353L, -1025228848L, -1301170386L, -258856231L, 
-880514837L, 232159578L, -1420311780L, 1182701087L, -1304801675L, 
663145228L, -734353694L, 1526188989L, -1822856137L, -1943503138L, 
2038323736L, -2120686213L, 974920985L, 1657886092L, -133289120L, 
1473599970L, -1883755608L, -592945972L, -1915131908L, -1977248334L, 
865881584L, -1429804092L, -221459112L, -1675431558L, -1519244368L, 
1012388284L, -1131165612L, -1059201086L, 5117984L, 1593940156L, 
-1731378608L, -110216222L, -1990858648L, 1563716684L, -40281860L, 
-1088410638L, -1646081792L, -1190223500L, -1811319800L, -1194508358L, 
-1630211632L, 301898732L, -1246819948L, 1586213330L, 1137856864L, 
1423314764L, 1765570848L, -923023486L, 2109312744L, 332349676L, 
-300084164L, -1372808334L, 185017968L, 164072484L, 1108747064L, 
-1385403238L, 81652432L, -956895044L, 841666196L, -610320766L, 
1665431744L, -981824708L, -456336240L, 2031857186L, -297197560L, 
-49314548L, -1717037924L, -2067001838L, 851386240L, 1043908116L, 
-898162136L, -1485144774L, -93089328L, -1304470420L, 299063604L, 
1556217490L, -577531040L, -288668852L, -1377237024L, -1221961822L, 
-325916760L, -154780276L, -1730973508L, -1535630L, 1389112560L, 
-76394428L, -268744360L, 1173376570L, 1718897520L, -1204139972L, 
490043156L, -922628670L, -1377553696L, 1610956668L, -1178501424L, 
-1461415774L, -399592408L, -766175988L, 1134350268L, 1374032178L, 
-894807616L, 1057344052L, -819264568L, 206885050L, -850146928L, 
-1782863380L, -853657004L, -1875511150L, 1464792864L, -2060095028L, 
-797690400L, 1721370306L, -681698264L, -1769481556L, 1110148284L, 
-136908302L, -1694162640L, 1495760036L, -1372025160L, 1804815706L, 
747339152L, -1871971460L, -201445100L, 1896624962L, 1288542976L, 
-1904687172L, 2045241168L, 600843042L, -1240320696L, -996462068L, 
-1793501092L, 847996114L, -1369816576L, 463942996L, 1907728872L, 
-2076079110L, -1072066352L, 1188048172L, 1411244788L, -860053102L, 
2018047072L, 708496652L, -41422112L, -1795894942L, -1971258712L, 
-1324645812L, -1894622852L, 1227881778L, 120795248L, 169545540L, 
905733592L, 2048212090L, -354124240L, -1959038276L, 1348536148L, 
-641850302L, -1833165408L, 266160828L, 1336766928L, -2115009182L, 
1714343912L, 352018380L, -1130178820L, -1726227982L, 766087296L, 
-1900696332L, -768790904L, -1289887942L, 869546832L, -1373163924L, 
-936826732L, 1075370322L, -1709508896L, 1806269132L, -1681096544L, 
1289309058L, -1311595800L, 1951875820L, -59028420L, 1281104498L, 
-1202428816L, 1934212644L, -1637745608L, 1493714970L, -2075673904L, 
1412152380L, -7936876L, -1372898174L, -1494974528L, 138629436L, 
50199184L, -2020428766L, -266497016L, 1636100236L, 1106715676L, 
2045951634L, 555140224L, -1681125356L, -1048601304L, -1877467590L, 
987573456L, -1467227028L, -785263948L, -1873731566L, 1656600544L, 
426063820L, 1263554016L, -1927109086L, -485162712L, -1186973428L, 
-719985092L, -1564126990L, 1341838064L, -1881955516L, -1597914536L, 
-1894610374L, -565125392L, -543812420L, 936015380L, 958650562L, 
160196704L, 245527932L, 1678570704L, 1107336226L, 810893992L, 
-1298987124L, 12267964L, -621997006L, -579455168L, -1151448908L, 
-2146272440L, -1415767366L, -1584261360L, -1674174228L, -652512172L, 
-1077600494L, 191290272L, 1537499084L, 1478900576L, 2120691906L, 
-32820724L, -835978342L, -704453873L, -2014703271L, 342393838L, 
-688493956L, 653290221L, 492764567L, 915220064L, -752186306L, 
489737483L, -1771819123L, -1370874694L, -1981768968L, 585269409L, 
855250003L, -850663564L, -522795774L, 995757463L, -1582491807L, 
-1218677850L, -1054941788L, 965452885L, -1031161601L, 802499992L, 
-1235212618L, 462251843L, -1769559419L, -81961182L, -919774192L, 
-273076295L, 444153963L, -1019507876L, 792013450L, 1939003007L, 
1673971657L, -1593652130L, -479369460L, 1529972445L, 530333671L, 
-1428679664L, 412948782L, 971144667L, 142545597L, 41236522L, 
71188680L, 1788552689L, 30262115L, 2114433892L, -1135056238L, 
-1840855193L, -365971151L, 1898881654L, -15776876L, 1471195045L, 
789854383L, -49629848L, -1965664954L, 364508403L, -422917547L, 
783214130L, 1514415104L, -216553239L, -1253433509L, 961329580L, 
-1809176134L, 924997487L, -1845327623L, 829410702L, -1600470948L, 
658383565L, 446248503L, 2066967744L, -409287778L, -401158037L, 
1339248621L, 1000690266L, 1961743640L, 885596801L, -10473421L, 
-1281329580L, -449101214L, 398820599L, -116326591L, 255991238L, 
1649004292L, -507753803L, -1307040353L, -853378568L, -171182122L, 
-738499997L, -1651590619L, 1062846914L, -736409936L, 1151196889L, 
1889298507L, 688969404L, -427076374L, -1662353121L, -296767063L, 
167188286L, 135086636L, 1902907517L, -633761081L, -963023952L, 
-525484594L, -971583749L, 1487230301L, 11886218L, -1487553368L, 
-112490479L, 665024771L, 473453572L, 740293682L, -1230277497L, 
-182574895L, 2127336022L, -1570383308L, -1472700091L, -728294513L, 
-551256312L, 1323723046L, 491878867L, -1848429771L, -1297857902L, 
933607008L, 516894665L, 1244315387L, -1842814772L, -991028902L, 
1266177103L, -1374684903L, 627426094L, -1469977284L, -1138107731L, 
1538184535L, -953564000L, 330191358L, -209568565L, -157279539L, 
