.Random.seed <-
c(403L, 200L, 274336535L, 565639806L, 1426860600L, -1549341413L, 
-1390683527L, -1488693560L, 552791798L, -875206863L, -1265205405L, 
-390441678L, -1058855292L, -936021305L, -447475299L, -2008083180L, 
-121488454L, -466956795L, 1669459935L, -2027780506L, 26685936L, 
-1017520365L, 773284017L, -211049632L, 602042622L, 656801929L, 
-373534789L, -2100610678L, -280688532L, -411473425L, 1122869797L, 
262829788L, 1682304178L, -2053054547L, 462619495L, -494960498L, 
-9167512L, -1370243733L, 491589385L, -510991976L, 1909352646L, 
-2036778463L, -2142502221L, -759869406L, 1837779476L, -762016105L, 
1104502925L, 1025299876L, 1670109066L, -408529931L, -2055923121L, 
-2124636842L, -2111121408L, -1981773501L, 1606304993L, 1518640720L, 
-361168210L, -12810663L, 1050529387L, -227384358L, -687426404L, 
980377247L, 1525052661L, -1030277748L, -785977246L, 1984159805L, 
-1000547657L, 413090142L, 258402456L, 1722921979L, -1068138087L, 
-2037267928L, 475181782L, 2022094673L, 1563064835L, -383259246L, 
938769188L, 335191527L, 1494448701L, -2094492492L, -1065872614L, 
-898647963L, -1244106497L, 1790181766L, 402880272L, 2078921651L, 
-1333718959L, -1696816128L, -744971042L, -1858365655L, 751872731L, 
1294549482L, -199366260L, -1373581617L, -586976635L, 816810300L, 
1601401874L, 51960589L, -2007300025L, 114551342L, -109718648L, 
-704479605L, -907825047L, 914791480L, 413920486L, 222565505L, 
563495955L, -1698950206L, 623791220L, 65323639L, -875062419L, 
1591548932L, 2065831722L, -2036079467L, -600141009L, -1415134666L, 
-90679712L, 1852245155L, 1317343169L, 893455280L, -1790054706L, 
-936981447L, -567324085L, 2100004858L, 642220796L, 1043203903L, 
-2010798059L, 1472797484L, -2082508798L, -2005574947L, -1027014185L, 
-5878594L, 164873976L, 1540453595L, -461969607L, -1413836152L, 
-1418889674L, 909190769L, 96392355L, 758996466L, 1708633412L, 
-1881469433L, 2125687773L, -1468300076L, -1474962438L, 964537157L, 
2139385759L, -1680841434L, -1418875472L, 530114131L, 1236967793L, 
763857056L, -1823082434L, 612798281L, -1977534981L, -394315318L, 
-1465403604L, -242923729L, 1780991461L, 878332060L, -921830158L, 
1895675245L, -1965575513L, 1114348750L, -1825066456L, 1374298667L, 
-732084151L, 1152104792L, 1631846406L, -1907453471L, 932010867L, 
1077571554L, -2133874860L, -362304937L, -979539379L, 588107236L, 
2010654666L, -257660363L, -1707413361L, 338489750L, 1749445952L, 
878321667L, -5168607L, 1097213200L, -1878693138L, -1824631143L, 
-809412821L, -306048486L, 124186844L, 519859423L, -770139467L, 
-922252212L, -497250142L, 1276497917L, -314823433L, 905468446L, 
-1022151464L, -151427013L, -1545842215L, -477018264L, -551630186L, 
5157905L, -483662397L, -1766053422L, -1775296412L, -589570137L, 
456765693L, 1491281140L, 1005454298L, -1527711963L, -1242513857L, 
-1687460410L, -380403120L, -353853837L, -231681391L, 78777024L, 
-1925026658L, 747421801L, 1332264091L, 797898154L, 548648396L, 
-1636501361L, -2112505659L, -781322116L, 1902425298L, 1054968909L, 
-458736377L, 2132222190L, -242142776L, 1309387858L, -325568032L, 
485110988L, 1097035936L, -689690238L, 18479336L, 1213113068L, 
673027388L, -1497707406L, 1950786672L, -311940060L, 62677048L, 
-1400968422L, 1374543056L, -1861821636L, 800515988L, 1704439682L, 
525956544L, 1185186364L, 1107638672L, 878656034L, 2038426888L, 
641514124L, -267430116L, -661442414L, 1348821376L, -669662700L, 
1308877608L, 1349117498L, -639772208L, 1501058412L, 2048160692L, 
894213138L, 2027393504L, -822287412L, 689778912L, 301852706L, 
1947409704L, 1281701388L, 725918524L, -874523662L, 1401044720L, 
1794329156L, 1789226584L, 1439896378L, -187330064L, 1523367612L, 
1494359316L, -334864702L, 765861984L, -916871300L, 1486511056L, 
727538978L, -127818072L, -1086420084L, 324385980L, 1137108786L, 
117994048L, -599287628L, -1645114808L, 1064140218L, 847376912L, 
-1584292116L, -314184364L, -1485146862L, -853739104L, 763780812L, 
-231651744L, -960629822L, 399786792L, 1600813996L, -509571268L, 
399342962L, 234745648L, 280147236L, -790963400L, 1683554010L, 
1778385808L, -742696196L, 460313492L, -927002558L, -1076649728L, 
824005692L, -84540080L, -1851039582L, 1686101320L, -1795409140L, 
800096988L, 338182482L, -1158520704L, -1147499436L, 39386088L, 
-622717702L, -2120892592L, 1467158316L, -202195596L, -1368793198L, 
-598016928L, -1280535156L, 830835552L, -309254686L, -1184177240L, 
465264844L, -1010500612L, 86249906L, 92020208L, 2051948484L, 
-1558126248L, -1953385094L, -244006992L, 994481596L, 1914659924L, 
-203421758L, 1915238432L, -1299724100L, -1940859312L, 91189218L, 
-33916824L, -2052071348L, 1600799996L, -977561614L, -842625792L, 
1472787828L, -1755699192L, -805899334L, -715725360L, -694439956L, 
1980337556L, -338093614L, 764313952L, 93154124L, -426837728L, 
-1586645118L, 939919080L, -139210516L, -1129891780L, 910126962L, 
-452202896L, 501636132L, 745772856L, 15795354L, 1532199632L, 
-196949828L, -795875692L, 190877314L, 420178112L, -317825220L, 
-1518993264L, 1314145826L, -672248824L, -1354879732L, -1932428132L, 
-1466203630L, 1941083008L, -1134373356L, 565921320L, 864759098L, 
-1384499760L, -1984077716L, -2012580556L, -400702830L, -1889491104L, 
-747937972L, -415318048L, -1158419550L, -1179370584L, 1728780684L, 
2087408828L, 1617715570L, -797138704L, -253173692L, 1718660440L, 
-1156505030L, -998346896L, 1830739004L, 565549844L, -592923198L, 
-120117536L, 1603367804L, -279260464L, -239786846L, -1401010136L, 
-1163355892L, 2091262908L, -566782670L, 407310784L, 1442042420L, 
-789682232L, -2052942662L, 281819536L, -1439489556L, -1952281004L, 
-1118712686L, -1338623200L, -153931316L, 1072418272L, -1356538174L, 
737148968L, -1810682196L, -1414090564L, -1686686222L, 1721937200L, 
-310160220L, 974410424L, 894830938L, -1805143664L, 2131640188L, 
2058533140L, -786530494L, 1994563328L, -818502724L, 809569104L, 
-1899663582L, -727235256L, -552204788L, -1810845604L, 1035753682L, 
-555891200L, 450431316L, 1759049192L, -2142014470L, 1042595024L, 
835365164L, -1491544332L, -777103982L, -1810251680L, -2132622068L, 
-1525684103L, -581096533L, -1427443428L, 228881994L, 306770495L, 
10061449L, -369675618L, 758181708L, 278972189L, 360605351L, 1263496656L, 
980596078L, 1438279707L, 132876669L, 51842922L, 2119113224L, 
-1473110351L, 1187608867L, -901191132L, 34472146L, -110053081L, 
1839133553L, -92372554L, -507676332L, 1741371365L, 804930031L, 
1721559336L, 1569980806L, -2135945805L, -1065496299L, -1372658830L, 
342937536L, -1393237975L, 1815592091L, 280689004L, 708555130L, 
-1259224401L, 298539449L, -615070770L, 106101532L, 1202279053L, 
1135696631L, -1967550976L, 1142663262L, -402439381L, -1859088339L, 
-124536678L, 697543768L, 707083201L, 1664668787L, 1804631444L, 
1323566114L, -1135480009L, -1245260287L, 1178662662L, 8571716L, 
-1772814731L, 453476319L, 1276302136L, -592874218L, -1090549469L, 
1070019301L, 1123080962L, -264523408L, 460544281L, -1727457013L, 
-1508476420L, -907472342L, 1668809311L, 170156521L, -1951241474L, 
-395083028L, -314551747L, 1465283079L, -1507478032L, -33106546L, 
-1124250693L, 1284949405L, 1584114506L, 1988620136L, 1522139473L, 
-750923197L, -501590204L, -1263543310L, 1682198983L, 1556875153L, 
688443158L, 1576409972L, -52534779L, -1290735025L, 471936584L, 
1648725990L, 1768030483L, -1533858187L, -1027759022L, -698454368L, 
1922698121L, -278341701L, 1575360524L, 1796076954L, 1478751503L, 
-1858143399L, -1421941266L, -469016452L, -1685478163L, 9532311L, 
-547017632L, -1200468418L, 287155979L, -2125259379L, -679926086L, 
503760120L, 1421005473L, 1499640403L, 1436863860L, -1172741374L, 
-1326808169L, -1972886175L, 1464968614L, 1258411940L, 2135642709L, 
-1398594817L, -694376552L, -1957992266L, 1277574467L, -289563515L, 
631072034L, 1440067088L, 978030009L, 1905233515L, -1792917156L, 
-26347382L, 1323495551L, 831922633L, 1328964190L, -1243662068L, 
-2123383587L, -665896473L, -498818544L, 121454382L, -849214501L, 
2079331517L, 1699055146L, -745653560L, -815652879L, 1064587619L, 
930578788L, -678435694L, -236103321L, -1507804367L, 1790197878L, 
