.Random.seed <-
c(403L, 10L, 651230578L, -305801276L, -217304185L, 1786274141L, 
-1251172524L, 956458362L, 1437442245L, -503324129L, 1788929446L, 
-147634384L, 1745735123L, 1530805233L, 307035424L, 2218942L, 
-161066039L, -399989893L, -1838694070L, -1267839572L, 1351874735L, 
-1033354651L, -1250788836L, -1605831566L, 949955309L, 1311225639L, 
-2040237234L, 1062468520L, 198180779L, 133270729L, 2066521304L, 
-163683962L, -1864091551L, -1886176781L, -737417118L, 937795284L, 
1404717015L, -1134357043L, -1463488156L, -1253067446L, 452441269L, 
1476252687L, -179720938L, 649615296L, 1881211779L, 323744161L, 
40754576L, -1124471186L, -1080862695L, 788235435L, 249370778L, 
-2056959908L, 937428319L, 1304973109L, 1264747212L, 1481195554L, 
-1536161155L, 370253687L, -591081314L, 63098712L, 1085315771L, 
1712153689L, 365592552L, 1679763990L, 1184312721L, -1110493629L, 
429557074L, -140367388L, -705591257L, -530492291L, 556521844L, 
-2135812774L, 842556325L, 912593855L, -1306828730L, 2006576848L, 
-1027057421L, 397700625L, 1185560640L, 864758814L, -1560048919L, 
-400576485L, -1106839510L, 830729036L, -1134442225L, -99140539L, 
1398455804L, -1793020846L, 97430989L, 866889607L, 678988398L, 
-71013816L, 1928723531L, 1577803177L, 682840312L, -1373154266L, 
-239954623L, -2013273389L, 646294146L, 1313198260L, 878559287L, 
-281947347L, -2058745788L, -512526998L, -863706667L, -229550225L, 
212471414L, 1190527392L, -755480989L, 2074205953L, 59043440L, 
1547225614L, -1993293191L, -459354613L, 1194745658L, 184444476L, 
12422527L, 1938841301L, 1307274988L, 1037525058L, 851740573L, 
-55110121L, -1608176770L, -565761736L, 370296347L, 411240313L, 
-220233272L, -531374602L, -773947343L, 1483156067L, -1853983182L, 
-2106768508L, -774577721L, -1988556643L, -2055176172L, -94202182L, 
-521173243L, -1968708385L, -1631468186L, -1214189328L, 1572566035L, 
1965488561L, 806917216L, 254190078L, -1080842871L, 1680204475L, 
-854847862L, 1368844652L, 1103236847L, 1565546789L, -1931749412L, 
1631909298L, -1155603283L, 948470887L, -527271026L, -1812734872L, 
1532811371L, -1604435447L, -490500968L, -608239674L, -1070673119L, 
-769917005L, -2057365726L, 650357012L, 1165650327L, -1239762547L, 
-2130960220L, -1781278070L, 97849589L, 1571370831L, -697749418L, 
1252809472L, -2027868605L, -1649388063L, 67764560L, 953702318L, 
2098441561L, 944765803L, -1491666214L, 744053660L, 1318029215L, 
-1970205195L, 887709836L, 9003362L, 706321725L, 913681847L, 25385566L, 
-1070470248L, -2076409093L, -1382069607L, 1292014376L, 414720470L, 
1339526737L, -369087229L, 726122642L, 1867421220L, 694610151L, 
1928289597L, 1411135924L, 1550493210L, 1057162597L, 1495313407L, 
-1510782330L, -2035009008L, 2144428211L, -1422132399L, -1035184384L, 
903280094L, 585580073L, -1412942373L, 171817706L, 1514944652L, 
-1607981105L, -1457487995L, 1660865596L, -1568383726L, -1087415795L, 
1021636935L, -1901645010L, -523194744L, -1209448565L, 2051794793L, 
-131245768L, -1719163930L, -3279999L, 2068949779L, -1616587582L, 
888434548L, -105778313L, -467281040L, -1940039388L, 1599031864L, 
2050148762L, 1397124560L, 925576636L, -199080812L, -641232766L, 
-1509255744L, -521926852L, -1263560560L, 1176595234L, -1320869368L, 
904683788L, 763718044L, -15082990L, 1147076480L, -929754348L, 
-1102481112L, -750534598L, 464516048L, -487537044L, -1682034124L, 
1456330386L, 1664593248L, 1469604172L, -1911827488L, 395370914L, 
-539352664L, -1360249204L, 1740576188L, -1151114638L, 966560752L, 
585185860L, -15605672L, -1350937542L, 1682316400L, -1860942788L, 
-1180279532L, 1265320642L, 1296905952L, 648117372L, -1372249392L, 
1704640930L, -275516376L, -195856628L, 1431512508L, 1498269490L, 
-1238479168L, -1567315916L, -879407416L, 723855546L, -209255792L, 
2124629740L, 1878348372L, 1870597778L, 1762923808L, 527416780L, 
-1577947424L, 997555394L, -943432664L, 1489290156L, -819132740L, 
-248805390L, -515149264L, -1664959580L, 2063295928L, -612358310L, 
-1582671728L, -618272900L, -382860012L, 744931650L, 852499712L, 
390857148L, 1277549904L, 738969890L, -1534332344L, 1170275340L, 
508801628L, -903703086L, 212155904L, 365810004L, 549897448L, 
-1919297286L, -1449405744L, -572809428L, -1165640460L, 116159890L, 
-1681815200L, -779859956L, -1834899232L, 360318562L, -159305560L, 
-1189570484L, 1331181436L, -1172374222L, -464982416L, 828213060L, 
-139400232L, -1562448006L, 381158448L, -495304772L, 664771156L, 
-1797427134L, -1228466528L, 1863289532L, 1609574352L, 454519138L, 
-1250276632L, 1734710476L, 1986972156L, -1295199758L, -178073472L, 
763497972L, -2108274040L, 717989690L, -526083760L, 2126567532L, 
-1924471404L, -1187697582L, 2041491936L, -500662068L, -1273328992L, 
446312834L, 119665896L, -1342579988L, 2085105980L, 1914080370L, 
553066096L, -486885852L, 1309966392L, -67660518L, 187904208L, 
-2051445444L, 1939017620L, -191072382L, 675598272L, -154202564L, 
-1848073840L, 1973724194L, -1918353144L, 1705895052L, 1340371740L, 
2107953298L, 2049868160L, 1300143124L, -1319135448L, 1441857082L, 
764543440L, 1680826732L, 1082470324L, 295777810L, 2138182624L, 
-405023284L, -1805294368L, -1352275934L, 526208808L, -126327284L, 
209980220L, -382092302L, 1082086128L, 814268996L, -967498152L, 
-1894699206L, 1112632304L, -1729110340L, -1247691500L, 2125930690L, 
1924760672L, 1233719676L, 705261520L, -2040608478L, -976298328L, 
1415173004L, -1617587012L, 1327081266L, 825176640L, 161942708L, 
-104340408L, -1388715590L, -1351225840L, 1454090476L, -1263226540L, 
1396698898L, -51030624L, -396055860L, 2094966368L, -1959002174L, 
-796919000L, 1073325484L, -1854637764L, -193013902L, -1432864464L, 
869281572L, -1022264008L, 610106074L, -310171760L, 541049596L, 
-1385377900L, 1142888514L, 1729854720L, -2018421700L, -1597725360L, 
-218330974L, 1657460552L, 171634444L, -206591268L, -1433031854L, 
-1531387264L, 6694996L, 1581442024L, -673138950L, -269635248L, 
-202568916L, 115269492L, 940252050L, 1515150944L, -2060189812L, 
499704672L, 1483456482L, 1909792680L, -633248564L, 1135730172L, 
843211698L, 1208267248L, 1359589828L, 267583832L, -2098492825L, 
188347280L, 723212206L, -381143461L, 703203901L, -1956586326L, 
-153211576L, 1603522929L, -1596819741L, 464854500L, -1915186926L, 
-965088025L, -1100490063L, -1296088842L, 1800588052L, 912745509L, 
946520367L, 170505960L, -685620282L, 1568749171L, 1116297429L, 
1045643954L, -1275065728L, -1825707415L, 575487707L, -1292690900L, 
-1224101318L, -1457373969L, -357134471L, 207426574L, 1030474204L, 
175016525L, 321952183L, -2129217728L, -1921659362L, 682260715L, 
1798711405L, 1266729178L, -1085251432L, -1011312895L, 413392051L, 
-1557981228L, -1376029982L, -1427590281L, -777937215L, 636335686L, 
2048928132L, -491595979L, -1033829089L, 1302662264L, -1379845802L, 
-2122754077L, -1954709083L, -1143851966L, 1361357360L, -967622055L, 
57373643L, -1588767684L, -44942742L, -2025490273L, -1546522327L, 
-303438402L, -693979988L, 504320509L, -388228793L, 266801712L, 
860549966L, 475985787L, -1807925027L, 749340938L, -1443828696L, 
-654663535L, 755340419L, -784763516L, 1404580786L, -260522745L, 
-1768159407L, -1787640106L, 322699188L, 88674245L, 771280655L, 
-1572622968L, 1184352422L, 205895763L, -387145291L, 876324626L, 
-124834592L, -465657527L, -214213765L, 1462527564L, -923977766L, 
-556153393L, -1390677095L, 1511580590L, 969042108L, 1395466541L, 
-191581481L, -1518036192L, -723993474L, 1165083211L, 462753869L, 
282218106L, 1027471032L, 1297151073L, -710945261L, -427205580L, 
2086781506L, -938416553L, -1591353951L, -51446170L, 642625124L, 
1274072469L, -1764819265L, -906787240L, -1613057418L, -1203413373L, 
-1257381179L, -933498910L, -753329584L, 1832476537L, 387343531L, 
1493347356L, -2018915510L, -2124666049L, 1873151369L, 999185822L, 
2675788L, -1045408227L, 322042791L, 238747344L, 1889595502L, 
1920431899L, 1997346941L, 305497706L, 1203750664L, 2067552177L, 
1828732963L, 1826554148L, -309422638L, -916642265L, -650309519L, 
-561301834L, 317991508L, -1757133083L, 2074641135L, -577090008L, 
