"xquake" <- 
c(7., 5., 8., 8., 13., 3., 8., 7., 17., 25., 11., 12., 4., 1., 1.,
	6., 5., 7., 4., 2., 3., 12., 10., 89., 16., 5., 6., 10., 17.,
	14., 8., 11., 7., 8., 7., 3., 6., 7., 4., 10., 8., 5., 11.,
	3., 11., 8., 8., 5., 7., 7., 10., 6., 8., 7., 16., 1., 6.,
	7., 15., 12., 16., 10., 2., 5., 8., 8., 6., 13., 11., 10.,
	11., 8., 14., 9., 37., 14., 8., 11., 7., 2., 4., 6., 3., 4.,
	9., 9., 9., 7., 5., 94., 8., 7., 14., 9., 5., 15., 9., 2.,
	6., 4., 6., 3., 1., 3., 10., 154., 105., 36., 20., 24., 16.,
	11., 15., 6., 19., 12., 11., 18., 17., 12., 10., 8., 30., 8.,
	19., 10., 15., 9., 10., 3., 22., 10., 14., 11., 7., 5., 5.,
	8., 4., 11., 7., 4., 11., 15., 7., 7., 8., 8., 6., 6., 10.,
	6., 11., 11., 10., 6., 23., 20., 16., 6., 7., 3., 11., 3.,
	9., 6., 7., 9., 9., 2., 7., 12., 5., 13., 5., 3., 23., 10.,
	11., 7., 6., 7., 11., 5., 8., 5., 3., 147., 36., 8., 11., 13.,
	7., 10., 5., 4., 18., 5., 1., 6., 6., 3., 4., 6., 12., 9.,
	12., 4., 4., 7., 14., 13., 6., 11., 6., 4., 5., 3., 3., 4.,
	7., 5., 10., 18., 16., 6., 16., 6., 4., 6., 10., 4., 6., 4.,
	2., 9., 5., 4., 3., 9., 4., 7., 8., 5., 6., 5., 8., 6., 10.,
	6., 4., 6., 7., 4., 9., 2., 10., 8., 9., 6., 6., 3., 4., 7.,
	3., 8., 3., 6., 9., 8., 9., 9., 13., 238., 82., 55., 11., 11.,
	18., 14., 10., 16., 10., 18., 10., 7., 10., 7., 16., 8., 6.,
	24., 4., 5., 10., 5., 8., 3., 2., 3., 6., 4., 5., 6., 5., 16.,
	10., 7., 10., 12., 2., 12., 11., 4., 4., 6., 3., 6., 10., 4.,
	6., 5., 3., 12., 4., 3., 8., 38., 10., 7., 10., 24., 7., 11.,
	9., 10., 19., 5., 4., 7., 10., 5., 10., 6., 17., 10., 5., 4.,
	2., 13., 3., 12., 7., 9., 4., 6., 7., 3., 8., 10., 8., 5.,
	6., 3., 5., 4., 4., 2., 7., 2., 7., 6., 9., 5., 15., 6., 8.,
	4., 12., 8., 4., 7., 4., 6., 1., 3., 8., 6., 11., 8., 5., 13.,
	8., 6., 3., 7., 1., 7., 10., 6., 3., 7., 7., 5., 15., 6., 7.,
	11., 8., 7., 6., 7., 5., 4., 3., 3., 7., 3., 7., 8., 7., 6.,
	3., 8., 6., 7., 8., 3., 9., 4., 6., 3., 5., 2., 7., 4., 4.,
	5., 9., 11., 8., 3., 4., 160., 13., 18., 9., 3., 7., 10., 5.,
	4., 8., 11., 3., 9., 11., 4., 5., 3., 7., 4., 19., 6., 5.,
	6., 5., 14., 5., 18., 5., 9., 3., 9., 4., 4., 4., 6., 3., 3.,
	1., 9., 4., 1., 3., 6., 6., 6., 7., 12., 2., 11., 6., 6., 10.,
	6., 8., 7., 3., 2., 4., 7., 6., 7., 3., 7., 12., 3., 2., 3.,
	9., 3., 2., 7., 2., 5., 4., 24., 3., 5., 5., 4., 4., 5., 2.,
	3., 8., 2., 5., 4., 6., 14., 8., 15., 6., 4., 3., 4., 32.,
	11., 5., 4., 8., 12., 4., 9., 4., 5., 7., 8., 7., 3., 6., 2.,
	8., 7., 3., 4., 5., 2., 5., 3., 7., 2., 4., 13., 6., 9., 4.,
	4., 3., 3., 3., 1., 228., 40., 23., 12., 4., 8., 5., 6., 5.,
	33., 44., 27., 29., 18., 11., 8., 19., 8., 16., 14., 10., 14.,
	16., 16., 14., 7., 7., 3., 1., 3., 4., 10., 11., 11., 4., 7.,
	7., 9., 10., 2., 7., 6., 10., 4., 8., 3., 7., 3., 5., 4., 9.,
	9., 3., 7., 2., 54., 28., 15., 11., 5., 5., 2., 7., 7., 5.,
	8., 12., 5., 13., 7., 2., 12., 3., 55., 35., 6., 11., 12.,
	12., 7., 9., 6., 4., 30., 22., 12., 10., 3., 13., 15., 107.,
	81., 32., 14., 11., 6., 5., 12., 11., 4., 3., 6., 5., 4., 5.,
	7., 5., 4., 7., 8., 4., 3., 11., 6., 13., 4., 4., 6., 7., 9.,
	11., 4., 7., 29., 99., 47., 31., 15., 10., 6., 17., 5., 9.,
	13., 12., 4., 9., 12., 6., 15., 9., 4., 10., 6., 5., 4., 7.,
	26., 12., 15., 2., 10., 6., 3., 5., 4., 14., 4., 3., 7., 4.,
	7., 1., 6., 9., 10., 2., 8., 3., 4., 4., 3., 3., 7., 13., 12.,
	3., 5., 12., 7., 7., 6., 7., 2., 2., 5., 7., 9., 10., 8., 12.,
	13., 25., 14., 15., 4., 7., 4., 2., 13., 6., 8., 4., 5., 4.,
	24., 10., 3., 9., 1., 6., 5., 2., 3., 6., 4., 7., 8., 6., 4.,
	6., 4., 6., 2., 6., 4., 5., 7., 9., 5., 4., 7., 3., 2., 7.,
	6., 5., 2., 8., 2., 11., 7., 8., 3., 3., 4., 6., 6., 8., 6.,
	5., 6., 6., 3., 6., 5., 5., 14., 2., 5., 8., 10., 4., 1., 2.,
	7., 3., 3., 1., 5., 9., 6., 3., 7., 10., 5., 4., 2., 10., 3.,
	3., 5., 4., 4., 10., 6., 2., 6., 23., 15., 13., 36., 8., 9.,
	9., 8., 10., 24., 11., 2., 0., 4., 3., 5., 1., 3., 7., 4.,
	8., 6., 5., 2., 2., 3., 2., 2., 0., 3., 7., 8., 11., 12., 6.,
	6., 3., 16., 6., 9., 6., 13., 9., 4., 10., 3., 4., 3., 6.,
	1., 7., 8., 8., 1., 6., 2., 6., 4., 10., 6., 12., 7., 4., 5.,
	8., 8., 7., 2., 5., 4., 1., 9., 7., 5., 5., 4., 6., 3., 6.,
	2., 37., 8., 7., 8., 9., 1., 3., 7., 4., 11., 5., 23., 7.,
	3., 3., 3., 2., 4., 8., 7., 2., 5., 34., 34., 15., 13., 10.,
	5., 5., 3., 9., 2., 7., 5., 5., 5., 7., 4., 4., 2., 3., 7.,
	6., 6., 5., 9., 3., 6., 8., 4., 1., 6., 3., 12., 3., 2., 1.,
	2., 6., 3., 9., 4., 3., 3., 2., 2., 7., 2., 8., 2., 1., 11.,
	4., 3., 7., 3., 4., 1., 2., 8., 3., 5.)


