.Random.seed <-
c(403L, 31L, 106787783L, -965516476L, -1162081812L, -216280044L, 
805293913L, -769527478L, -1416019641L, -1768405547L, 1333158289L, 
-717251362L, -2119552993L, 969658693L, 1956881766L, -807706755L, 
2084116825L, -1125898129L, -266599380L, 364178277L, 177761278L, 
-393970454L, 1909972932L, 858474458L, 110015368L, -723068936L, 
1617322671L, -351229893L, 721427398L, 2047441861L, 622649771L, 
-748570300L, -390708313L, -1024257067L, 1847867636L, -591614169L, 
1617630903L, 211008268L, 1990836045L, -213363930L, 116378404L, 
-1663331390L, -351148948L, 990187687L, 66313169L, -915444175L, 
477970461L, -1473433741L, 1645240799L, 413296505L, 348967889L, 
-1149224129L, -1027676143L, 102636611L, 1347977453L, -1780428918L, 
23203510L, -764617935L, 653767522L, 1869968960L, -1514834516L, 
1764002238L, -965728408L, -1462695946L, 343838409L, -110844000L, 
-84359246L, -154638091L, 717180055L, -1627198270L, -1503954278L, 
427988719L, 253935463L, -1088505032L, -367683916L, 1717683013L, 
-766570349L, -724102567L, -1803808221L, 723907543L, -239270585L, 
-2103992740L, -1700580927L, -246183191L, 1523013769L, 649133219L, 
-1793341902L, -1108095072L, -1618006104L, 1791751144L, -214666988L, 
100944224L, 1212999711L, 1539436616L, 1872769897L, 1188883591L, 
1144790772L, -72871532L, -1533992672L, 2023192372L, 67847271L, 
-325976667L, -1952156626L, 502694018L, 1905712004L, -791941632L, 
2102612599L, -319651754L, 1848371011L, -1847960129L, 1701690998L, 
-1313367298L, 1229177480L, -456347003L, -307556233L, -100585483L, 
231996708L, 1978011266L, -547340498L, 671120078L, 1683898494L, 
-191713621L, -62942397L, 1018679254L, -2059768818L, 1784630015L, 
1817595415L, -371374908L, 2079204124L, 331013802L, -607460098L, 
621741692L, -768476493L, -1352043191L, 819928815L, 1549695401L, 
1483612748L, -1077358531L, -215458904L, 285174359L, -78605056L, 
-490719695L, 628048626L, 1784396987L, 1199442437L, 495739948L, 
1087370829L, 1880035540L, -754926763L, -416001465L, 682291869L, 
555840671L, -1385417684L, 345854507L, 673293401L, -745639899L, 
-578412318L, -672126145L, -287495618L, 1960438207L, 704842780L, 
-1721049017L, 1030239526L, -808116793L, -2016794444L, -1272349328L, 
-143005063L, 1918525776L, -1057588397L, 1080530369L, -1346562346L, 
187810702L, -896241926L, -1832565353L, 2092967235L, -1172286454L, 
-426822652L, -970528374L, 41351667L, 829393041L, -1873963267L, 
644958964L, 1189410867L, -557481661L, 1179677759L, -901035189L, 
-945008266L, -1552599490L, 1884743954L, -1998655231L, 2072364766L, 
-680664734L, 400928287L, -700822967L, 873680459L, 2051204300L, 
1194550612L, 280869834L, -1615858615L, -1771131918L, -28123815L, 
253976855L, -2109829568L, 502733864L, -2147055493L, -1222596543L, 
1973410938L, 560774022L, 30428516L, -203693620L, 498301646L, 
-506131461L, 1054399261L, -949477198L, 370177229L, -961110830L, 
1234277951L, 1901067480L, -179633625L, 1754885011L, -958197919L, 
-1956171528L, -527630871L, 1110906988L, 556162184L, 851930496L, 
1341150743L, -1011701880L, 711892586L, 297090579L, -413589327L, 
-693952012L, 1344903764L, 482742734L, 1095745547L, -743872496L, 
-1960694586L, -1212416999L, 1482430297L, 159846815L, 1436232964L, 
1584847394L, 239871307L, 605608194L, 1824342561L, 349370991L, 
-976440887L, -1846199941L, -1062694601L, 107849087L, 1455861139L, 
-461421715L, 1288490144L, -510938208L, 1268511662L, -951900640L, 
2067883537L, -549267500L, 1598467694L, 1850185598L, -408867533L, 
136420781L, 1719554131L, -561204977L, 734512441L, 7446554L, 51587705L, 
-756803608L, -1520647489L, -1401023869L, -891088688L, 347164766L, 
246223199L, 1746626583L, 494770513L, -699107855L, -1764671970L, 
-1673254703L, 1219002611L, -1865045180L, 369584315L, 196697568L, 
2134060113L, -191834589L, -973484785L, -1788148113L, 729965606L, 
1990578652L, 1017449770L, 1676398977L, 2010359921L, 1257470558L, 
537271585L, 1415599084L, -1535284109L, -715260362L, 1322658124L, 
2104591102L, -781083439L, 42846591L, 1877400907L, 1128973696L, 
1539491103L, -1159227293L, -1925521544L, 367363643L, -1503659922L, 
-1844041817L, 502093626L, 856582089L, 548800667L, 64345389L, 
126223435L, 987593642L, 2126882169L, -1651308800L, 1680522634L, 
2001684830L, -674723710L, 1356349512L, 749533265L, -1532632117L, 
2130439671L, -670575096L, 1257143641L, 141602471L, -781883239L, 
-1260808389L, 1251918553L, -1849452072L, -516039096L, -380004193L, 
-160326123L, 651587922L, -400644450L, 1788145544L, -742613748L, 
-737562981L, -1077067174L, -1714198005L, -168295944L, -431034925L, 
-785699272L, 1909184053L, 2060023235L, -1190473435L, 1428823589L, 
689616067L, -1236121850L, -1300706674L, 1913442959L, -1144509920L, 
919292613L, 1081490190L, -697845711L, -1665715273L, -1380705503L, 
1685027618L, -1171242548L, 65603029L, 87227580L, -453114230L, 
1109000278L, -1661408241L, 584925733L, 1067543319L, 280025919L, 
-1964799881L, 831431619L, 171763614L, 1035462359L, -1568080495L, 
610337568L, 374431672L, -1990126133L, 864997411L, 1644536051L, 
-1225436627L, -745826207L, -1231371456L, 1082591049L, -400579080L, 
-1889507230L, -888169803L, -980562569L, 1056070863L, -403539752L, 
464159266L, -1126114931L, -1204656109L, 920660607L, -468554034L, 
-1911191435L, 2041350807L, -926762496L, -2041292L, 676920489L, 
-1450734793L, 2076031789L, 192626355L, 987320575L, 1488330628L, 
1350177016L, -585877754L, -1126061334L, -693984197L, -1942737279L, 
1832157784L, 840362034L, -354259027L, 953587527L, 340402926L, 
-1765670621L, 710893801L, -1433366044L, -1292177933L, 296445825L, 
980875506L, 1127646148L, 731338888L, 1670792160L, -386901926L, 
-156022093L, -802217538L, -1090521646L, -86232925L, -1198808231L, 
-1915494433L, 901107919L, -1620547430L, 599363031L, 1906435931L, 
-2054257333L, -666147311L, -1942999862L, 1496955128L, -1437661246L, 
1991531218L, -1480030476L, -1251969528L, 1370381126L, 351945392L, 
768851708L, -1742317959L, -1181427657L, -2093394058L, -345203327L, 
731533736L, -924357483L, -1033762344L, -1133434382L, 471631733L, 
698396544L, 1096518146L, 1344596211L, -565080228L, -1021168452L, 
950405481L, 968017364L, 339672373L, 262518602L, -1946675534L, 
286526347L, -71206397L, -471625654L, 192711614L, 1014419223L, 
719785627L, -1077175299L, -712673659L, -1940467270L, 755694226L, 
766250611L, 1131840016L, 73512968L, -585092981L, -1528489617L, 
-1381322385L, -797151038L, 678316730L, -26583154L, 1098270839L, 
-541666165L, -315975651L, 1302423991L, -1016421663L, -1006853004L, 
884207194L, -1767191648L, 365801582L, -1723944552L, 1163407971L, 
-421826370L, -2024048200L, 737040906L, 877930429L, -1231908674L, 
359856677L, 2073561128L, -1567382652L, 225399459L, 1630358780L, 
-1269497575L, 1370569311L, -1793862118L, 1631364586L, -76353511L, 
-398765036L, -145048322L, 1942408470L, -1719829634L, -692443329L, 
1134274844L, -193966935L, 1066482409L, -1241704359L, -1733118411L, 
128162724L, -1712573121L, 1323450310L, -781442378L, 1094177060L, 
1557250171L, -420201162L, -1712622920L, 149491856L, 36457965L, 
-1127112203L, 1913785555L, -1023780522L, -2128229763L, -973108276L, 
-984566587L, 1280183266L, -1126495820L, -975852027L, -341959511L, 
55215649L, 1913647176L, -1299914955L, 100997488L, -595493495L, 
2063971516L, 1326974980L, 304310672L, 1706841662L, -1345306157L, 
-2131908263L, 286129498L, -1150267257L, 639940327L, -612108888L, 
1608699224L, 1475031914L, 236078848L, 234243206L, -1741224538L, 
-1500448124L, 1730814405L, -1507932973L, 1826509147L, -1362044867L, 
631131262L, -989396083L, 97335389L, -1004145299L, 1512436414L, 
-578970163L, 1446148162L, -1396833034L, -671222778L, -788938528L, 
453903947L, -991425438L, -654614750L, 1402727798L, 1968590710L, 
1356213551L, 1698924515L, -30686280L, -467976059L, -967394359L, 
906182463L, 1997792651L, -1809508238L, 919632632L, 1705481282L, 
1185023296L, 1165600645L, -1232769386L, -2081095933L, -1047547180L, 
1729491927L, 1701235953L, -1611740050L, -1931042745L, -566663754L, 
205851400L, -2045819209L, 1419836125L, -1573868108L, 1577321276L, 
-2058086872L, -2016564614L, -1418611042L, -1648494789L, -890817478L, 
