.map.range <-
c(-96.25, -29.3611087799072, -61.25, 26.25)
.Random.seed <-
c(403L, 10L, 142876386L, 282817469L, 2099520567L, -1463965986L, 
-1997278696L, 25558395L, -971721447L, 261863848L, 380431702L, 
1762487761L, -2054068861L, -22914030L, -336652380L, 1072541543L, 
2103594173L, 169520180L, 1893326746L, 996490213L, 1493874559L, 
1604437766L, -72003440L, -705353421L, 946061009L, -958632832L, 
-2133459618L, -160378199L, -1594876581L, 1108189034L, 1171920396L, 
990551631L, 1904636677L, 810197948L, -777480558L, 1617261965L, 
522208711L, -1180780882L, 43638536L, -1211433717L, -582321175L, 
-1944027976L, 2058550118L, 507506689L, 360128147L, 1669202242L, 
1335815924L, -156247305L, 1691970285L, -1514609276L, 22596522L, 
1423429909L, 1700010927L, -521387082L, 225868256L, 1688803619L, 
-2118652351L, -173719248L, 844288846L, -420963911L, -1740201013L, 
-1503618950L, -1160558212L, -1560872513L, -263653739L, 990817452L, 
-1153902974L, 59129437L, 1611391319L, -722637762L, -709615496L, 
-361346213L, -853141831L, 315173640L, -1029004874L, 1728012017L, 
1615092003L, -1566086286L, 2091434436L, -1793009273L, 218743645L, 
-990966444L, 513351546L, -116699451L, -429342689L, 40740774L, 
-2041611984L, -356961325L, -746288655L, -1450897632L, 1663109566L, 
1954585033L, 747584891L, 2073381706L, -650069076L, -698621265L, 
1528447077L, 695906332L, 1445928562L, -923418387L, -1432235737L, 
-1562321586L, -1619333720L, -1327523413L, -491457847L, 1141658328L, 
653041542L, -454856095L, -276493325L, -970424734L, 338823380L, 
379376087L, 945492941L, -1719257244L, -2023275702L, -1040997707L, 
721023503L, 1652675350L, 2045214144L, 1978236291L, -615599199L, 
-1746719856L, -417302418L, 1967873561L, -645185877L, 701997722L, 
-932266404L, 897874783L, 1184585013L, 602170572L, 1470058018L, 
916660349L, 247658871L, -892594530L, 1578579288L, -400083781L, 
224569945L, -1712328216L, 963175446L, 1014984593L, -263843773L, 
96638802L, -1706042396L, -2022669785L, -1799366019L, 479994740L, 
1922482010L, -402589275L, 437974463L, 222389830L, -123075376L, 
993853171L, 855320593L, 869994048L, 1759027742L, 2113629417L, 
744674843L, -1714690518L, 160119116L, -1767914737L, -521619899L, 
234483708L, 469882450L, 457419725L, -100137593L, 1628782702L, 
-2059405240L, 493361739L, -382068823L, 2060449528L, 853738022L, 
1047649089L, 1658028243L, 982426754L, -1086799180L, -1708952009L, 
-1772659411L, -1344170428L, -1930097814L, 192378837L, 1227796847L, 
-991732618L, -1687849056L, -1463275421L, 798266625L, 1004861552L, 
-25426930L, -1910573959L, 752133131L, 546131258L, -1220801476L, 
765930367L, -1942529835L, 650919148L, 688600642L, 651340189L, 
1253403671L, -1874898562L, -481966280L, -102289381L, 1262928249L, 
1382770632L, 196242422L, 1913265713L, -1900791709L, -1532962766L, 
-1130613372L, -1986569273L, -1832055139L, 542008852L, -203383622L, 
-980342523L, 234785503L, -729770138L, -1539109136L, 1128306195L, 
-999503L, 782477920L, -632211458L, -240347255L, -1148370757L, 
-1677673334L, 244146028L, 983076079L, 1230153509L, 1407644124L, 
751816626L, -2139498835L, 516435559L, 1245290732L, -1686756268L, 
2146062098L, 1414839200L, -237416500L, -1472427168L, -903081790L, 
-651106776L, 509797804L, -1133625540L, -897427598L, 1498278704L, 
-913714652L, -1355368392L, 2015192282L, -682260080L, 364685052L, 
-255856748L, 1062161218L, -1229037056L, -1077454276L, 1752489552L, 
2049718946L, 940391240L, -1585167860L, 990330076L, -527963566L, 
-174036864L, 66530132L, -642926104L, 2084805370L, -685815984L, 
-744612820L, -333773452L, 656414354L, 1329924704L, 1295438476L, 
1856228192L, -1779502366L, 451575976L, 872378572L, -1444070916L, 
1129013170L, -1529256464L, 446350788L, 1512009560L, 1187707770L, 
1696011696L, 192854460L, -1955260332L, 488303554L, 1883104032L, 
899235772L, -1188320688L, -371794462L, 364204392L, 724843852L, 
1080334588L, -744017166L, 911345408L, -1116060044L, 1020409864L, 
-2121700934L, -1370044464L, -390956564L, -1158963308L, 65581778L, 
371818080L, -1676405428L, 2118960416L, -802614654L, -944113176L, 
-1190541332L, -879598020L, 84754034L, 1190658928L, 1385277732L, 
1527001656L, 662720922L, 1115822544L, 746708412L, 41810068L, 
-1381614462L, -279685696L, -2000673988L, 2044212368L, -1089211614L, 
298888712L, 541687052L, -1865656932L, 708476434L, -194925696L, 
-1854799084L, 333713704L, 1268689978L, -1767695408L, 415838828L, 
1532078644L, -954025326L, 1904352608L, -258942644L, 1372112864L, 
-571415134L, -1423520344L, 1670841996L, 2116210108L, -1555845518L, 
1776016368L, 1212184132L, -1724331944L, 779499578L, 969947248L, 
-2029049796L, 1416763668L, 539742914L, -852308256L, 819542140L, 
-1161449776L, -319755870L, 1726521384L, -1759368436L, -818327108L, 
-1108069582L, -1948730688L, -648510412L, -280967480L, 1925219514L, 
-766065008L, 1978289900L, -1507751340L, 254698130L, 965529888L, 
527317452L, 285807328L, 107833538L, 1811739688L, 468371372L, 
-2068393284L, -1820726286L, -1451250128L, -564873308L, 80534968L, 
-1762293926L, -1124466544L, 483906428L, 940556564L, 1065265474L, 
-1285711616L, -1706947140L, -410891952L, 710605090L, -390815160L, 
1832396812L, -2129615268L, 1923627474L, 649817600L, 1804905812L, 
1316076776L, -1384449798L, -837378352L, 1315109676L, -227292940L, 
-299703918L, -2145434272L, -167295988L, -433939232L, -1425796510L, 
-1811434328L, 377488460L, -697241732L, 663939378L, -1843060112L, 
-1063718076L, 1156246488L, -1535476870L, 697841712L, -2042966084L, 
-1471497644L, 415170626L, 1966917280L, -1877093700L, 1155146704L, 
731477346L, -1324810520L, -1076683572L, 19720700L, 1508920818L, 
-1578107776L, -949564940L, -1372843384L, -1102890182L, -873290416L, 
1373078636L, -802218604L, 1476339794L, 1996672480L, -749697844L, 
2038517408L, 131867010L, -586272536L, 2037918444L, -648225476L, 
-1679636366L, 222851696L, -470746588L, 1355974712L, -571700966L, 
-536562480L, -924849860L, 1020752788L, 1184405378L, 1613241280L, 
-861989316L, -469364336L, -1421985758L, -629990136L, -1404516212L, 
211320604L, -694829934L, 418450816L, 1776193556L, -326236376L, 
370980410L, -747697712L, 717373804L, 1317784500L, 1117688338L, 
-2041918846L, -2087942160L, -1203068519L, 1671884683L, 128936572L, 
-1554032470L, 1465875167L, -449025943L, -2132647298L, -712803732L, 
929003197L, 1899916167L, 306134896L, -1786067442L, -124118213L, 
-1011341283L, -1178627894L, -1505653784L, -552912687L, -49175357L, 
1767046084L, 599384178L, -1098845881L, 1782455569L, 1791871126L, 
326209012L, 1723711365L, -1010090289L, -950355000L, -645105050L, 
-1328618349L, -2126312459L, 1860464082L, -1462772192L, -1228783607L, 
2002081083L, -1922000756L, 796423450L, 687602575L, 2097464537L, 
-46118034L, -1302287620L, -1986635667L, -1749650409L, -430742048L, 
1080930750L, -34183285L, 321071117L, -557645766L, -1396797320L, 
-134210527L, 1061191379L, -1977721356L, -127959422L, 519142167L, 
541735393L, -329111770L, 189526564L, 1116865749L, 1984574591L, 
621762840L, 1066887222L, 1800650435L, -1204800763L, 1846482594L, 
-1167821680L, -1210948551L, 820542699L, 489143772L, 26395658L, 
1696707327L, -1976439991L, 831217886L, -1389633908L, -171156899L, 
228079719L, -1312856688L, 445293998L, -353312677L, 1070065725L, 
-1515082070L, 559053640L, 775180145L, -1034921757L, 1606737892L, 
1382348562L, 964913895L, 1641639089L, -1070817546L, -869947116L, 
-1232540123L, -557776081L, 1000097000L, 1379935686L, -829791117L, 
-81678635L, -2011122510L, 340162688L, 5297257L, 844243163L, 923173932L, 
1423858746L, 1344703215L, -868010631L, -914068978L, 1308589020L, 
996602957L, 1481189303L, -192784064L, -1274847202L, -1612069141L, 
1207862893L, 926232282L, 325340824L, -1614719743L, -633480525L, 
-423627308L, -1886083870L, 744746359L, 2067174593L, 648259654L, 
-1372899452L, 1977102645L, -2121789665L, 300728952L, -1406486698L, 
-26724893L, -521319515L, -1619903934L, -814147536L, -1142514599L, 
210158027L, -1968115140L, 909679722L, -1441530209L, 502203177L, 
