.Random.seed <-
c(403L, 10L, -1419741262L, 331087533L, -819546521L, -496630386L, 
-1809354136L, 700411499L, -1535916023L, -445270376L, 1177334214L, 
1823269153L, 1621275059L, -676344542L, -668178668L, -79143017L, 
-69091443L, -230079836L, 628608138L, -2014977291L, 325797199L, 
-536292778L, 39678208L, 1458619459L, 534202337L, -2044418224L, 
1932499374L, 1120114521L, -981721749L, -1444559654L, 1973865884L, 
-11832929L, 1694290933L, -1569946996L, -1442740382L, -1064077507L, 
301387703L, -1517167522L, -1757900392L, 1587705083L, -778977127L, 
-1142443736L, -1982052394L, 636019793L, 1870761731L, 1623819922L, 
-789674972L, 924142311L, -1220436163L, 1729994676L, 1312818202L, 
-1610621083L, 656278015L, -1201517434L, -804630512L, -954690893L, 
-139652783L, 1064497408L, -1523534882L, 455172137L, 1759442907L, 
1106863338L, 1389281932L, 606625231L, -412610171L, 1152494140L, 
1656475410L, 788313101L, 563412807L, -1529397970L, 589184136L, 
-743626357L, 74035561L, -736773320L, 365520358L, 1693827457L, 
-1456646893L, -1436609854L, -265732748L, 1602862455L, -2036087187L, 
-126056188L, -1895474134L, -708152939L, 1014244911L, -1463712970L, 
370195296L, 561594787L, 1011516097L, -45213008L, -1335257650L, 
1075398969L, -2007112373L, -1571541254L, 1056464892L, 1389584447L, 
-1409738475L, -658726356L, 1479405314L, 1267940317L, -206833961L, 
-1874968130L, -312335368L, 426219483L, 1263790649L, 1238248328L, 
1506302774L, 65489265L, -406232157L, 29962994L, 2141803076L, 
-23364345L, 353240285L, -1957695020L, 942232826L, -409957307L, 
-258270049L, -1495302618L, -1935770960L, 945710931L, -1129749903L, 
1388785568L, -191985858L, -380563895L, 809134843L, -681567542L, 
-770339796L, 910152751L, -1307247387L, 1272542620L, 1427240946L, 
117662317L, -2107103321L, 114760142L, -645353688L, 1581131051L, 
53020489L, -896349096L, -144754426L, 475907297L, 595158131L, 
1477374178L, 946329684L, -2012611241L, 1189121357L, -1595584284L, 
1766739146L, 286499125L, -274552945L, 5469334L, 773635136L, -1328747261L, 
1675518241L, -1046975984L, 200405486L, -1152653927L, 584843819L, 
364573466L, -2068559396L, -994279457L, 378865589L, 1019093324L, 
-1042552926L, 1505464061L, 1047076855L, 1007118622L, 444421080L, 
-971786949L, 953815769L, 570527336L, -1382641770L, 2093808401L, 
-106605373L, -1041539886L, -607532700L, 2018389159L, 44438013L, 
-1965540364L, 669021402L, 723047973L, -1433367745L, 1434020038L, 
1790862672L, 554978675L, 221468561L, 63007168L, -1461359714L, 
1560991081L, 682413467L, 1537478826L, 216182476L, -619737201L, 
1098488773L, 2040446844L, 1116848082L, -270053555L, -1848857081L, 
72183278L, 899504328L, 1319704523L, 453091881L, -304242568L, 
-1638646362L, -1835472959L, 1051122771L, -2146323710L, -685107660L, 
-1377823817L, -258010195L, -1729799996L, -1883824918L, -1513893035L, 
-1808628497L, 1642334966L, -301287904L, -416371741L, -2052005759L, 
383852272L, 1394036110L, -283057415L, 1303060619L, -1845221190L, 
-1052632132L, 292397311L, -2004155307L, -2084827284L, -2057297982L, 
768915485L, 12257431L, -928538260L, -377676876L, -1283788270L, 
1925150688L, -760604212L, -1444063008L, -925395934L, 1208744744L, 
230402572L, -1517235396L, 131180530L, 187458288L, -1205507516L, 
142366296L, -1695074502L, 133314544L, 1476332220L, 1897932052L, 
2126408898L, 156961888L, 1319001468L, -1041195056L, 1135905058L, 
1124298408L, 125640588L, -959707972L, -70798542L, 43210304L, 
211989684L, 2108148808L, 330075578L, 84982288L, -1669231380L, 
691450196L, 1364400914L, 967165344L, -126668084L, -576992672L, 
-1797806142L, 1360290600L, -823180884L, -1656081092L, 295256946L, 
-244366032L, -1813782748L, -1806883528L, -631798054L, -1375774832L, 
1570972412L, 1513274260L, 1296155714L, 806489344L, -1015152580L, 
1383222608L, -1374112606L, -1817412792L, -584143092L, -699633956L, 
378865490L, -1233238400L, 888139860L, -702397464L, -462869766L, 
-1372058288L, 117200684L, -1078326412L, 1298170770L, 1529629280L, 
989106060L, 363403104L, 168999906L, 1871088552L, 1234185420L, 
-1197618692L, -648294478L, 472079856L, -2118861372L, -36048552L, 
-1901558406L, 1744297392L, -1045986372L, 1369401428L, 1388404674L, 
700028960L, 548204732L, -938534320L, 1317705698L, 507518568L, 
-1293705652L, -810342148L, -1102598158L, 147760384L, 1254595444L, 
-750217208L, -629888582L, 1353338320L, 1197970412L, -1049121900L, 
-1577071662L, 2024140640L, -1540048564L, -1165614816L, 56471426L, 
-1569337624L, 1400748268L, -1359184324L, -556670094L, -1355069840L, 
730606628L, 1614995256L, 642515098L, 2015053520L, 668640444L, 
1464388244L, -1099343230L, 1359564992L, -132553412L, -1391687536L, 
-1494843870L, -1177323000L, -1966287604L, 2065949340L, 864605714L, 
147501440L, -187063788L, -1322861016L, -1521139398L, -1493591088L, 
983912044L, -993494220L, -977718638L, -362216096L, -269224628L, 
-1175133216L, 1424301986L, 386178984L, -1867780212L, -1054098756L, 
1005788018L, -1352826640L, 1903594564L, 1765043544L, 1357303866L, 
1789068144L, 1917588540L, -801068268L, -1957655102L, -1794831136L, 
786200444L, 104109776L, 1257298594L, 233051176L, 1610809612L, 
451611580L, 1753040178L, -1234602048L, -209312204L, 1867426760L, 
956064954L, -1026717808L, -227956244L, -2103208876L, 337517202L, 
-1258968288L, 171549132L, 1720703968L, 1901762242L, -575465944L, 
-229331284L, -1902459204L, -318914062L, 1951406384L, -16463708L, 
-2109228360L, 1057120090L, 283704720L, 253390204L, -282488556L, 
-94261950L, -84086016L, 803941308L, -786246832L, 320447778L, 
-744249016L, -1969058804L, -2048213924L, 1557996754L, -1275780096L, 
1480337236L, 248502760L, 371801082L, -1016821040L, 503219500L, 
1004592372L, -862018670L, -1346392992L, 235026700L, -1342334240L, 
1442194786L, 565458600L, -308412852L, 1895732092L, 44572466L, 
1107714672L, -1494314684L, 1750697944L, -302463878L, 672737840L, 
-2035274052L, 1986842452L, -1395016126L, -102137952L, -1942348612L, 
2048430544L, -1681972894L, -1364170776L, 1593473996L, 1591713532L, 
1025213426L, 1379243136L, -1535221516L, -694390648L, -1865912006L, 
1256067920L, -1200136084L, -1473831788L, 164963666L, 1123923570L, 
-1173638464L, 744937257L, 222451099L, 1900900972L, -1839536518L, 
1957975983L, 389214905L, -1157030706L, -705481188L, -384299635L, 
1169202167L, 1148329728L, 1479144798L, 1394564651L, 1327386925L, 
-1013764710L, 1545534296L, -1386544447L, 988947827L, -922208620L, 
-260160734L, -1758654921L, 2011831041L, -236953082L, -2055978940L, 
969462133L, 1595847903L, -1810528200L, 292605974L, -72073181L, 
415752165L, 1041639938L, 25196656L, -1545449959L, 1677234187L, 
1320798972L, -123479254L, 1976536415L, 108463337L, 2037912574L, 
-1973604372L, -868418755L, -505350393L, 197062384L, -27505010L, 
2105428155L, -553648995L, -806473654L, 1750684264L, -788439471L, 
2144412995L, 719524932L, 933926642L, 1516314311L, -284941167L, 
1001249302L, -672036748L, -1209595L, -1895456433L, -1758829752L, 
-218606874L, 1542112275L, -1583236235L, -577807534L, -34485344L, 
-1541398903L, 1523083963L, -1714925300L, 643804314L, -1291832817L, 
748639833L, -109810962L, -1428692612L, 1369674221L, 347037335L, 
789444960L, -1430291138L, 1761979915L, 1220795021L, 1626068922L, 
574399992L, -226459231L, 1620059987L, -851548556L, -1854396414L, 
-1278127465L, 1463385185L, 165533862L, -385202012L, 736198997L, 
1821843967L, -1080010600L, -1576745546L, 1004252739L, 158028677L, 
-1830045662L, -1672070384L, 541857465L, 2029546347L, 1939751516L, 
-82206838L, -1307488385L, -1533173047L, -876065954L, -359305204L, 
1808900061L, -286872857L, -1026194672L, 264493614L, -1544716069L, 
1133067709L, -1590932694L, 2140816328L, 1302085873L, 1302445667L, 
1461291620L, -65443438L, 1411024487L, -616888783L, 762788726L, 
1261785236L, -1312907611L, 1958218671L, 1481861224L, -981681082L, 
1023179251L, -1684011691L, -1342681294L, -1460911360L, 1958619113L, 
-1342408101L, 966567084L, -1003750726L, -190353297L, 1516211705L, 
1838127246L, -990613156L, -1081407027L, -1030951625L, -378454080L, 
918075550L, -1987682965L, 1988822253L, -1219840678L, -1348159976L, 
