.Random.seed <-
c(403L, 128L, 1413090156L, -2065244590L, 1098077143L, -1330871361L, 
1860358592L, 201144792L, -1579777789L, -1581331316L, 1177579882L, 
1004595219L, 298558517L, 70069083L, -1549277401L, -289834250L, 
-1362958128L, 196723505L, 1144969589L, -364041779L, -1451680602L, 
-1846693230L, -712002079L, -690348049L, -515305118L, -144947857L, 
766454009L, 404682036L, -27398950L, -94380164L, 1062424510L, 
-1492826157L, 673413409L, -498631078L, -1587374710L, -1491378312L, 
-177588043L, 681699957L, -893251614L, 1880489778L, 1018944817L, 
2136814234L, 1049719544L, 1820686633L, 416130483L, -734136879L, 
1141378225L, 450081976L, -962020034L, 1490717415L, 1846028795L, 
1677883643L, -133585292L, 850351672L, -505919469L, -468328119L, 
-32104128L, -827963355L, -338488441L, -677271958L, 610965688L, 
1162551578L, 1316012096L, 1847451645L, 1905694871L, -1244718112L, 
1166320968L, 130383358L, -1544631469L, 1465082627L, 835395916L, 
1236147028L, -368439137L, -2087403680L, -346784178L, 1007448647L, 
1184662737L, 72605655L, -476180125L, -1826776894L, -393661556L, 
642145661L, -865030615L, -45859695L, 510088314L, 1222301102L, 
-736402075L, -122319725L, -3748986L, 454542971L, 1917186229L, 
1771925088L, -464223618L, 707955664L, 1489552418L, -348721881L, 
-31141179L, 99958222L, -1367324170L, -631901516L, -378122351L, 
933368937L, 356453566L, -200330722L, -1465604099L, 1693121838L, 
-1996941028L, -702770083L, 522944271L, -383492739L, 859540557L, 
406154996L, -485600934L, 960746035L, -1924899457L, 1904312654L, 
636867845L, -1455940160L, -1437577958L, 71408249L, 353412688L, 
-885958160L, -1780729139L, 561494133L, 1376909735L, 1182572628L, 
-614112089L, 1887511327L, -1242951671L, -967239069L, 1390920512L, 
1693529495L, 835046558L, -2010040761L, 726342785L, 1295168408L, 
-97872997L, 243504657L, -1849856184L, 2027625396L, -1709059998L, 
1587129637L, 1222307328L, 1317560668L, -1662318122L, 1175244946L, 
477344349L, 157507500L, -2056450133L, -1653010522L, -1486510020L, 
-1169719381L, -714568586L, 1103530670L, -806545065L, 805696343L, 
-1902717455L, 1644583334L, 120361005L, 2112570381L, 255592307L, 
611332877L, -1477573202L, -293562843L, 1382266164L, 828708565L, 
591294187L, -387507158L, -1249647727L, -1372977601L, -1353720926L, 
1690729174L, 2110022268L, 2028918266L, -2087068517L, 2050867778L, 
557870346L, -1545509605L, -1759671364L, -1013075248L, -1504061331L, 
673412509L, 923269311L, -822499823L, 2095567674L, -1313222049L, 
-1300048438L, 1473213375L, -1408241261L, 1864136829L, 559008918L, 
932052219L, 1726673807L, -516296800L, -744707509L, 1996002385L, 
1946031486L, 380567834L, -123521172L, -1050370664L, 666820889L, 
1310462886L, -189183841L, 1152484134L, 1121692406L, -461131068L, 
634523233L, -117443264L, 84429248L, 548897465L, 859439526L, -1303713150L, 
-1855316229L, 816102451L, -1084366319L, 1432163635L, -1244769068L, 
484345433L, -492002672L, 1949265485L, 1134290173L, 366239551L, 
-2038959748L, -942785287L, -1395033083L, 1870676438L, 1828720221L, 
2133765267L, -945041436L, 891364216L, 2009933478L, 1855271706L, 
1275895027L, 1262014288L, 1952645445L, 1994354932L, -2086922736L, 
602268598L, -641713401L, 1490810158L, -1280998082L, -983811265L, 
-1694143128L, 869289588L, 606333697L, 1537014465L, 873619275L, 
-1614424107L, 276820046L, -1546480677L, -200495682L, 2140242611L, 
-1118267737L, 535184249L, -1083244766L, -1711529593L, 362470163L, 
449695620L, -807717177L, -275562059L, -1363675038L, -1339147522L, 
661698040L, -1050801028L, -837065715L, -1393437598L, 1456092035L, 
-1640255110L, 632155546L, 617903264L, -1403936723L, 1488690892L, 
2082929716L, 1328246109L, 1169216338L, 696642406L, 1481623023L, 
127974263L, -1658540547L, -1309629225L, -406122152L, -747477723L, 
-670128188L, 1128893889L, 204073246L, 30051850L, 1182015546L, 
-1550435460L, -2047840949L, 364887232L, -317434682L, -585574864L, 
329416814L, -954122034L, -354014641L, 495363728L, -294108760L, 
609107805L, -851120675L, 898155130L, 74856565L, 345983589L, -1254857317L, 
-783413647L, -1303084242L, -1885549325L, 1957622985L, 214805189L, 
-1538100435L, 2136576309L, 1125290964L, -1322899535L, -1542329573L, 
-1007283272L, 1613821232L, 1391438415L, -1514910192L, -1625680080L, 
-1158179696L, 1881592470L, -133395247L, 1915670742L, 1010079672L, 
890835738L, -1473606764L, 222734292L, 1905048789L, 1714147018L, 
-553277574L, 290937587L, 205232087L, 182718368L, -1263933469L, 
193623847L, 1513216413L, -898910433L, 1223128776L, 988405717L, 
-457764505L, 1268153155L, -1587620553L, 412860815L, 408306462L, 
1028902271L, 266591129L, -1526166054L, 1967906102L, 1915034305L, 
176398914L, 728852830L, 2125247278L, 225399984L, -356480697L, 
-247435988L, 1503248594L, -2120513580L, 1535459618L, -358049158L, 
1156349979L, 713408420L, 1410371676L, 375580241L, 142202737L, 
-1409083306L, -1012159471L, 1591267969L, 1881261327L, -150613163L, 
-1442093758L, 1307951151L, 1288576197L, -636539767L, -744543895L, 
-2000599855L, 1711913192L, -1063951859L, 1711772551L, -276987340L, 
-762847332L, -192745525L, -496038004L, 1755156028L, 1622276268L, 
-593871070L, -1786619515L, 1254090874L, 288286812L, 1522865478L, 
-1094522816L, 551293576L, -1559321751L, 1284623110L, -1934965018L, 
2124606639L, -436779133L, -1310228780L, 600983175L, 1849935851L, 
550577161L, 329249291L, -580112855L, -248957620L, 1795155683L, 
2021256021L, 1996072028L, 652880244L, -913216024L, -2047139793L, 
-2133632924L, 1017868407L, -885988738L, 426984371L, 1567225429L, 
1229184377L, 1684565084L, -102099412L, -70351466L, 630085925L, 
214291822L, 2082419082L, 2023879353L, 1674406217L, 1656663277L, 
1908226476L, -1830832335L, -1492058492L, -1305491575L, 762763772L, 
-2107933306L, 1534957678L, 240159173L, 1097029177L, 1129332299L, 
211917470L, -2095213255L, 228600647L, -922100686L, -938016790L, 
-109502738L, -1797126091L, -1876889510L, -1926217895L, 242043884L, 
-1538401263L, -1582348037L, 718824867L, 1974539142L, 208745878L, 
-972188244L, -1220791965L, -1796772720L, -1349810176L, -519000861L, 
-697966989L, 1208458567L, -1958675594L, -459470189L, 1942654618L, 
1825995651L, 1751487542L, -986394416L, -1025527796L, 866857635L, 
-689780601L, -281229875L, -166738712L, 325654391L, -612107375L, 
1013884024L, 816314192L, 48495428L, 1214880747L, -138544456L, 
784739371L, -1628851126L, 2033950351L, 1605704329L, 187609405L, 
1661353560L, -1500146368L, -2119930214L, -130902039L, -192272054L, 
667715358L, -1828543947L, 1665838125L, -1973950519L, -2040569016L, 
278427893L, 1553873640L, -350425563L, -781073296L, 1468966514L, 
-1079651718L, -1186761887L, 565702989L, -2141645177L, -2090037054L, 
400241877L, 850065963L, -457194746L, -436405442L, 1344101330L, 
400618697L, -27360122L, -1473362507L, -13207360L, -760803035L, 
1184176839L, 1044548111L, 1722599482L, 592418125L, -2143304359L, 
1526072669L, -1165723235L, -1358295170L, -1891784435L, 1107627744L, 
-114197988L, 1245308188L, 123368765L, -2109881925L, 757609417L, 
-1677026179L, -573334795L, 1142572756L, 1685005493L, 1220836434L, 
-1974122266L, -2111533156L, -875964160L, -2267087L, 828135348L, 
-1308088703L, 1471132349L, -141753057L, -1656010596L, 1483716924L, 
-2019223010L, -1646844222L, 181747794L, -242762653L, 1797207132L, 
-222514465L, 852573131L, -961086077L, 1408204163L, -1010973052L, 
-1326780065L, -115047862L, 2079628422L, -17879434L, -297883425L, 
2055643805L, 1433497803L, -730133585L, -808262349L, -226984234L, 
1044277987L, -1876693012L, -490457016L, 1446937010L, -1562737226L, 
820714927L, -867591602L, 451089467L, 1342984063L, -1072387527L, 
-560113706L, -9548537L, -2068148419L, 2146882072L, 2012017733L, 
597108609L, -1865436594L, 281469640L, -351510909L, -1483243790L, 
-935309934L, -1771933976L, 464600634L, 1089782690L, 497977154L, 
71544279L, 284513077L, -183560150L, -1502507156L, 1169006153L, 
-714466008L, 1231939824L, 1930533361L, -610913693L, -167296560L, 
-304843873L, 698722659L, -1177919525L, -1094749801L, 1756442591L, 
355308487L, -1114003608L, 2079471704L, -1917609983L, 103158167L, 
