.Random.seed <-
c(403L, 86L, 1829330619L, 1117197348L, -1724931004L, -1035902479L, 
-388038807L, 1636391491L, 392462348L, -736588275L, 173899695L, 
-1955240920L, 1285395829L, 1499795352L, 1708526734L, -907213397L, 
2093032299L, 1564857903L, 1777041056L, 1155219526L, -309316400L, 
154384733L, -13801787L, 1609530011L, -450255270L, -1827577953L, 
-1413157341L, -948380315L, 1763214986L, 515361627L, -1268907917L, 
739864528L, -56026860L, 574809141L, -214924399L, 661893228L, 
-1701741148L, 245787758L, 96483172L, 106815080L, 1393875748L, 
651431899L, -1180612507L, 1990111642L, 685811963L, 896090447L, 
-1811561979L, 604875994L, 2001672496L, 1132952848L, 288180776L, 
2000500687L, 1536196649L, 1133301666L, 274262401L, 1056196622L, 
1211734968L, 124692921L, 949221958L, -1802387870L, 539853699L, 
1396091886L, 1620941250L, 1039980129L, -33584066L, -2080928385L, 
1675854461L, -1910228259L, -1660128552L, -1160987817L, -2134654794L, 
-564249280L, 1896359797L, 1059114295L, 246978536L, 1904733168L, 
-688080498L, -1570164913L, 65752588L, -34675847L, -1327362971L, 
2062143965L, 238403281L, -1636340907L, 738417411L, 568495738L, 
-1614976534L, -1578623220L, 505856850L, -2024543735L, -1914480434L, 
-1371992044L, -594941099L, -259627468L, -755070388L, 1547434666L, 
-1962050621L, 172836196L, 1402333667L, 546682481L, 1805040361L, 
380059792L, 513775320L, -1506651024L, 44850534L, -547682336L, 
1668945114L, 696394104L, -1873229574L, 1932513483L, -514200394L, 
-299491846L, 471948329L, -136511641L, 1000597607L, -1430208409L, 
-588690928L, 1447205706L, 925936100L, 1909723095L, 140625944L, 
639220973L, 2060000301L, 905218360L, -1805712983L, -989621675L, 
1849769981L, -761070727L, -936115377L, 1203750978L, -1868780635L, 
1389713937L, 995780436L, -1000906387L, 580663661L, -648339351L, 
794416689L, -102945918L, -769339384L, -1799302541L, 1187769063L, 
115970550L, -23584719L, -418888961L, 751323326L, -262242444L, 
1788755922L, -561568763L, -520802625L, 676804958L, -1173677030L, 
776888659L, 1024451541L, 1471725357L, 726008973L, 615074463L, 
-1313568530L, -201059648L, 315565937L, -1006755968L, 1748365219L, 
2006816305L, 653343658L, -587265979L, 1373738124L, -338822548L, 
-125693154L, 391117572L, -2140966071L, 1206002222L, 1609080886L, 
-802987935L, -990763603L, -1619734882L, 97073106L, -27683591L, 
26759686L, -254609275L, -605536140L, -1715719050L, 1632560626L, 
45951312L, -11897738L, -1430785102L, 2039251678L, 948883312L, 
484332768L, 27739361L, 988145575L, 1221027570L, -1264952204L, 
-1735462075L, -873408044L, 1953594925L, -1100373972L, -2122281820L, 
666783546L, 2101025439L, 772716188L, 843855735L, -1712359325L, 
-1398485377L, -216919694L, -2095080364L, -206460582L, -1199459282L, 
704132215L, 290036661L, 640272913L, 746101587L, 1937057770L, 
-1203756371L, 1203412205L, 915816467L, -299723502L, -992872468L, 
-765757997L, 1259251226L, 1558301778L, 1173830579L, -1932961787L, 
-484894004L, 1687401509L, -1321549387L, -1268065201L, 1296098432L, 
-234192351L, -94022541L, -996936920L, -2126737486L, 126229086L, 
2032540012L, 1652000570L, -1840979003L, -1157336073L, 1572248224L, 
-1370114989L, 161292840L, -633068571L, -683045234L, -771883702L, 
1984934362L, -1329502889L, 885803839L, 1272759231L, -1005446841L, 
-423724881L, -366090428L, 436291204L, -1188560162L, -460751874L, 
795233017L, -285817571L, 1123246917L, 722931887L, -535967327L, 
1945581856L, -515474082L, 135859736L, -300795893L, 797530680L, 
-162974889L, -436171629L, 1781123872L, -1491477025L, 1154488104L, 
-843991461L, -655126068L, -45270326L, 1027356365L, -1101772472L, 
-2025570515L, 1879253156L, 843330638L, 2138882048L, 1456002207L, 
1320042780L, 1682738681L, 1757325823L, -1507563098L, -339487378L, 
-468257864L, -2082331739L, -546507116L, -2082289654L, 2081779652L, 
-542490462L, -432341686L, -34881318L, -740789909L, -585398677L, 
-1580583319L, -50859626L, 640044131L, -1658986178L, 155533175L, 
-527219737L, 1262746050L, -1311421455L, 2092687370L, 739492566L, 
938696769L, 1398561848L, 2029375608L, 570542163L, 1430897178L, 
1070730644L, -1658762063L, 139786772L, -1167802492L, 1175190946L, 
-1078169371L, -1332443284L, -818638103L, 1718852952L, -490440601L, 
37580701L, 705890247L, 319296659L, 1949915086L, -1051910897L, 
-837517651L, -1020643969L, 1037493901L, -2079589982L, 1254971066L, 
815343782L, 1397796947L, 65728597L, -73598946L, 1222301547L, 
-2049220814L, -1136062136L, -2079974580L, 1357799787L, 916169511L, 
-1136627893L, 59215732L, -252702795L, -1188213317L, 44514859L, 
1406936391L, -1216171334L, -747398022L, -1313427320L, -1900840666L, 
-1019399149L, 936079552L, -691814520L, -353832729L, 1705488950L, 
232574084L, 570997921L, 84898929L, 1713480687L, 507613703L, 1928730830L, 
686328609L, 845505501L, -1374971843L, -1578664827L, 1205189732L, 
1383485254L, -765671743L, 2117929748L, 97283985L, -809409726L, 
-252581458L, 1839562764L, 1934627368L, 1412974300L, 870288550L, 
770428708L, 706083159L, 1998585582L, -1856534797L, -475594415L, 
183573682L, -2011255739L, 677032555L, 2045710405L, 285751950L, 
-1752369611L, 1937000519L, -1481305795L, 675366412L, -2031812124L, 
932622458L, -485902158L, 105037772L, 1573860122L, -1858198553L, 
1236606459L, -390254166L, 1956830635L, -1487350288L, -1922208693L, 
304679596L, 1377776319L, -227412200L, 1470194075L, -243593784L, 
-1996010450L, 1345311427L, -397953176L, 794200895L, 404331447L, 
-1015001177L, 703748303L, 1262071431L, 1701305576L, 1687708296L, 
-1266517525L, 1686099468L, 1917801245L, 1186220053L, 1012229502L, 
2005465182L, -1828340921L, -1541335726L, 885503862L, -1801769810L, 
14335531L, 1966908392L, -824348959L, -351378653L, 1032826061L, 
-196734762L, -2030879917L, -1823202538L, 1471839270L, -234709983L, 
931546509L, 1257740048L, 2047417986L, -141335891L, -2146633581L, 
-1382603840L, -778767391L, 1737400566L, 2105573409L, 1701351108L, 
-1061519476L, -1336673471L, -467898198L, 1940811068L, -910643330L, 
1571111072L, 260027360L, -1908274455L, -1138673565L, -373062123L, 
1909170165L, 1040539599L, -1386233055L, -1352069051L, -35984238L, 
296948643L, -1483197715L, 448430052L, -547911582L, 1408005807L, 
534806816L, -251442365L, -1648424174L, 368528486L, -1939144356L, 
1241511648L, 1338441337L, -1056667777L, 1709812271L, -1082899192L, 
-39679969L, 1434583120L, 1024574303L, 2138658538L, -115196859L, 
1156086659L, -1544035054L, 1739419050L, -74073137L, -1290115440L, 
1161363914L, -22612304L, 1467963938L, 1117284457L, 1998454990L, 
-2063944660L, -1861203753L, -366883856L, -991984411L, -1940583760L, 
319106322L, -1686767522L, -2123675220L, 1577191109L, -691471275L, 
1136088593L, 1509697990L, -1883540332L, 1813242969L, 896426141L, 
1631211149L, -198250426L, -1158455924L, 1988208774L, -1532050037L, 
-1522324706L, 671676535L, 625183057L, 1040127067L, -88867418L, 
-140719628L, -1797348861L, -2137676205L, 510757871L, -1130432326L, 
-1909429615L, -1944377631L, 1908549475L, 1840334703L, -159666835L, 
-1404772404L, -325612594L, -224420774L, 1088450472L, -768301174L, 
-417903020L, -444875862L, -1235348143L, -727959654L, 1877687547L, 
-998035368L, -1754170003L, 648813010L, 2144532018L, -1917780162L, 
-1864823698L, 1983577954L, -546533835L, -295638839L, 1686905964L, 
2057176264L, 1050751275L, 49673191L, 1731252249L, -131175344L, 
1375565945L, 702690821L, -695765076L, 1402223812L, 1722933850L, 
-1092886272L, -922121399L, 1456099160L, -1251879540L, -2002762252L, 
274973413L, 204434737L, 1960949347L, -816457404L, -668895154L, 
880485344L, -741207889L, -844566121L, 701349402L, -1166174101L, 
-451324400L, -487167015L, -464067022L, 1063473269L, -91344838L, 
1634022328L, -1939046483L, 670389644L, -1385610497L, 868386087L, 
-681811381L, -909301935L, -1947738049L, 344797738L, -1382113610L, 
1633049746L, -826561480L, 2012384110L, -1242901185L, -1277062185L, 
-1073652089L, 1699664942L, -1708872635L, 16166720L, 2009275049L, 
623222834L, -922730501L, -242102450L, -1388189658L, 395129715L, 
657140186L, -117189987L, -1974287498L, 875284734L, 533463732L, 
-1534807297L, 2077090587L, 1413721298L, 289867277L, 928879396L, 
