.Random.seed <-
c(403L, 1L, -709169369L, 305613693L, -1573917068L, 800993370L, 
287418533L, -431375681L, -1006567098L, -1568950320L, 1838211571L, 
1174293777L, -2050971328L, -1924417250L, 1980087785L, 904179483L, 
1373255978L, -77311412L, 643018255L, -36323003L, 238234364L, 
529760594L, -1714837811L, 718921351L, 633956718L, -1674910904L, 
1703712587L, 1991712425L, 1103102968L, 1910627110L, 931286081L, 
-1280164397L, -77910142L, -305830988L, -1862378697L, -504186323L, 
-769328316L, 502943850L, -1899091243L, 504263791L, -176132746L, 
-120670560L, 1314173795L, -1042278399L, -1819483280L, -305722610L, 
-1242946183L, -57704181L, 190267962L, -1937663684L, -961661313L, 
1452875221L, -1972890644L, 669254978L, 2026986141L, -1300105449L, 
749524606L, 370087480L, 572780827L, -1457514887L, 1453478600L, 
1105257206L, -1770869967L, 884530019L, -1084296910L, 166695556L, 
-1822884153L, 804095389L, -1594339052L, -653295686L, 601979397L, 
1351912415L, 290071142L, 1589714416L, 1620814611L, 285390001L, 
-622655648L, 160187646L, 1617642633L, -1589386309L, 398265738L, 
-1825878932L, 563471855L, -1775010267L, 628497116L, -2105732942L, 
-1310022739L, 882235239L, -1656413042L, -1841880728L, -1625644693L, 
-1819045111L, -15743592L, -743361338L, 542477857L, 1110748851L, 
-842116062L, -1064727020L, -604568937L, -834446195L, -713272924L, 
1705606026L, 1660917749L, -692382129L, -1350422186L, 609950720L, 
925668675L, -1567631135L, -360779184L, 1292603054L, 1833785945L, 
-1893047701L, 2059438042L, -106616676L, -271455585L, 1766148341L, 
55300492L, 1348033634L, 1306930237L, 261676727L, -270566050L, 
-2101287784L, -883077125L, -624339559L, -1506367960L, -1611063594L, 
1453783889L, 2058935811L, 2142568850L, 2057396004L, -1980689945L, 
-649118147L, -1845696332L, -1903100134L, 1049392229L, 342260991L, 
-984257146L, -446078192L, 1685829555L, -1023861679L, 1840562176L, 
499314910L, 1792330537L, 1488991963L, -1200691734L, 1980755340L, 
1631077071L, -2127643003L, 1894899004L, 2137137170L, -1734963443L, 
1357655111L, 592780846L, 670525320L, 474378891L, -399080343L, 
-600954824L, -2095521562L, 72591489L, 2071597075L, 1776228290L, 
1188622452L, 273958519L, -665217171L, -1464989692L, 519365418L, 
-112650091L, 648267567L, -32117194L, 547764832L, -1539569501L, 
487205825L, 2067851184L, 796316366L, -923144135L, 190981707L, 
233876474L, 1204082428L, -1515193537L, -1659177963L, 1039724332L, 
-418315262L, -1018108195L, 1379407319L, 1277534398L, 343380728L, 
1068595419L, -759477447L, -937607544L, -248796618L, 954163825L, 
672422051L, 1056698866L, 1933730116L, -1545618937L, -940357667L, 
196370644L, 2045280250L, 998340421L, 1787851679L, 1057790246L, 
1593993648L, -1444634029L, -1471935119L, 228465824L, -202261442L, 
1664873289L, 468566523L, -1935972918L, -1830802644L, -1113996497L, 
-942671387L, 213787804L, 1553600754L, -1669371539L, 546588327L, 
-1490147122L, 493725224L, 346697259L, 1451222089L, 1457411416L, 
313035782L, -1233048095L, 1575933811L, 189477858L, -132687020L, 
2113549911L, -24949171L, 813015524L, 1019577784L, 1383647066L, 
786393232L, 1191297916L, -1675773164L, -1683472062L, 1588990720L, 
-1138018372L, -1443888304L, 1858645282L, 407832136L, -773699572L, 
-1452738468L, 2002960850L, -1059233280L, -1797998252L, -386964248L, 
-1574503174L, -91111728L, 1166079276L, 306034932L, 1392090514L, 
-460123808L, -1419505652L, -2091686176L, 965855842L, -143063384L, 
486012492L, -2031074436L, -698444494L, 1772369520L, -3003580L, 
2109699032L, -768905350L, 1638926896L, 1306237884L, 965116500L, 
2095096898L, 1165172896L, -1620956484L, -232886832L, -438667422L, 
592603880L, -1216547636L, 1487420924L, -299865614L, -587938176L, 
-1448737292L, 2144350856L, 751161146L, 1452978000L, 799308908L, 
-80759404L, -880880558L, -1124410912L, 433712332L, -1343088480L, 
-1109706366L, -247805720L, 1463814892L, 1036465468L, 520713330L, 
1416121456L, 1712387108L, 67829816L, 1608004378L, 843048144L, 
-466910404L, -383856748L, 1576417154L, -1078190656L, 224039484L, 
-801597040L, 122692130L, 1806744840L, 849748620L, -1745213668L, 
-1787783022L, -350877312L, -1170773484L, -2022984920L, -28475846L, 
-277347888L, -1130773140L, 958110644L, 1830734866L, 1685289440L, 
-535757876L, 213547232L, -1407602654L, 781528360L, -1213411828L, 
-707450052L, 1709335538L, 1214861040L, -825044412L, 2111262296L, 
-1427344582L, 957899248L, 1868365500L, -1201517292L, -906832190L, 
2078922848L, 2052212604L, -860116016L, -2134602462L, 738711208L, 
195734412L, -1756717892L, -575191246L, -337814976L, -983588684L, 
594037320L, 99061178L, -1645256176L, 880137964L, -777210540L, 
1950938386L, 358128032L, -672303412L, 169184864L, -128517182L, 
992619304L, -1765770324L, -46579908L, 1381031282L, -338309328L, 
1932948772L, 366412600L, -2261286L, 430238608L, -1540384004L, 
-1093434476L, 1422499906L, 194740480L, -578249668L, -1150708400L, 
-1945522014L, -389438136L, 1175374604L, -1363416356L, 1203294546L, 
1585055872L, 773925972L, -955137048L, -298214150L, -314605744L, 
1260500780L, 1636990324L, 1530298258L, -1648993184L, 1109607820L, 
-1210862752L, -802073118L, 274154408L, -863516468L, -1560521732L, 
2014003634L, -1538052624L, 1925595076L, -1783314088L, -378307206L, 
116467632L, 2103082428L, 1866019924L, 956487618L, 1977534496L, 
750207164L, 892089936L, 335853538L, -1198811032L, 1075935308L, 
380593404L, 1496377330L, -1255367424L, 1876952436L, 1801715720L, 
-1556225094L, -1111456304L, -1505427476L, 835421588L, 1754104274L, 
-622995104L, 1399855948L, -1442668256L, -852113534L, 1578286824L, 
-405739284L, -1918613444L, 2045439858L, -135491984L, 622603300L, 
973528888L, -499749734L, -1075735856L, 721899708L, -1665356140L, 
448343682L, -1577901888L, 1786881852L, 1786351760L, -1959449054L, 
-685691896L, -132199156L, -1835242340L, 1935372818L, 1086993280L, 
-1029138924L, 1568812584L, -909025990L, -1803629104L, 1863690348L, 
1248003380L, 536455826L, 1914654560L, 215904076L, -1707816992L, 
1216363426L, -1092166744L, 1179728268L, 1077017788L, 687006066L, 
-1105868560L, -690554812L, -845814440L, -1255257542L, -1908371600L, 
392729166L, -793126277L, 1116449245L, -1862942710L, -717668056L, 
1865260945L, 139612547L, 1267691140L, -70284110L, -1864979449L, 
1048557649L, 1143113686L, -1016166732L, -723052859L, -1181439985L, 
615815304L, -1577866842L, 1961169235L, -1382096203L, -940877806L, 
117004768L, -908366775L, -961226117L, 405119820L, -1776949542L, 
-1096230193L, -466826599L, -423934290L, -146500676L, 41077805L, 
2039104471L, 537799200L, 1252731774L, 928167243L, 1973368653L, 
-643580550L, 1768325048L, -1961605791L, 1195432211L, 1735037236L, 
-890606782L, 981625687L, 1998490273L, 659032934L, 1549935972L, 
109424789L, -1560264257L, 407057752L, 1777929078L, -448910973L, 
306138053L, -1130082078L, -301374128L, 1795507321L, -2044160085L, 
-696460004L, -696272310L, 239656511L, -1475497335L, -213100898L, 
1952768844L, -427318499L, 1392325287L, -1528415792L, 274461038L, 
-1799873509L, 536556925L, 1271759722L, -1514334712L, -836719951L, 
-711961309L, -631323100L, -595571502L, -163476185L, 1764206449L, 
-1300249162L, -234508972L, 2107067365L, -478358033L, 604831016L, 
-2088022650L, 1955400115L, -1102740203L, 391587698L, 1960707008L, 
-1669692375L, 79171739L, 2040659308L, 901866874L, 278955695L, 
1473801657L, 1628532686L, -2094031076L, -353562995L, 541552375L, 
1934451200L, 1163504734L, 1578077995L, 1010375725L, -79213414L, 
-902053800L, 2077583297L, 40953971L, -193625708L, -58568670L, 
1440757559L, 1788656129L, -922647802L, -564637884L, 141599349L, 
-1255828513L, 625121080L, 1981305110L, -1419211485L, -703766811L, 
-750442750L, -1105097360L, -715944679L, 1686603019L, 774661628L, 
682589738L, 1601070687L, 386479593L, 1891149566L, -1927522580L, 
-713218499L, -1080977913L, -431687184L, 992815502L, 467713979L, 
905292189L, 576628554L, -750937240L, -97788591L, 1256009283L, 
256086852L, -1488261134L, 88370631L, -1825803375L, -423007466L, 
-237756556L, -814129659L, 730875471L, -698809784L, -653044762L, 
1314733331L, -459312523L, -254582702L, 16503456L, -1923260535L, 
