.Random.seed <-
c(403L, 397L, -940140517L, 2021306645L, -887701232L, 838889538L, 
-383370770L, -514704056L, 1458466370L, 1805931369L, 220396751L, 
1991416804L, -54503750L, 739209159L, 706906125L, 266017253L, 
523905210L, 1255040952L, -393733878L, 976445089L, -77385407L, 
-1516069881L, -524154883L, 572424334L, -1341152292L, 350367522L, 
-1748853013L, -2042554364L, 1929792413L, 1860210067L, -817023932L, 
1742335279L, -1261145235L, -1820379207L, -755461903L, -1485135253L, 
1148473502L, 2141084708L, 2113595808L, -1779338225L, 1996164896L, 
632549575L, -219974915L, 1709363127L, -1561575829L, 259801168L, 
252894044L, -1839845620L, 1766174748L, 481576661L, 157806991L, 
-150026975L, 1509567458L, 1064409468L, -1310262421L, -2068613862L, 
1636327291L, 1533931331L, -1084238362L, -1367409856L, -576611601L, 
503103421L, -18245609L, 1213677814L, 1457240174L, -679447285L, 
-692426936L, 1333092887L, -990739158L, -1151816840L, 316995185L, 
1997278667L, -1544973862L, -602813541L, 1268758226L, -163783038L, 
-1251093097L, -1319637914L, -287623478L, -903082903L, -436687024L, 
1376828343L, -882464901L, 1776755802L, 275885420L, 1919046529L, 
210042501L, -667239469L, -1855251386L, 1967753948L, 451635013L, 
-626498997L, -382260183L, -1611128008L, 149741061L, 834935571L, 
-2058303936L, 1389979855L, 374478585L, -1025176165L, -1519802063L, 
-1928781998L, -1390482656L, 1812258654L, -89129029L, 1224057673L, 
897378353L, -1596932918L, -572284722L, -1894996222L, 1568885288L, 
1222551458L, 32572939L, 1125086476L, -1663899624L, 120911525L, 
-545075621L, -2102087908L, 1252341710L, 593334740L, -807069078L, 
2020164841L, -978733462L, 1721935440L, 1377877193L, 192806421L, 
-1033414711L, -1555341528L, 2104726284L, 732353034L, 1382707315L, 
-689405309L, 900284258L, -836656333L, 392649084L, 579404515L, 
-27113753L, 841727506L, -1865329641L, -1353781274L, -865921431L, 
309960407L, -900882472L, -1841684766L, 264478847L, -2041970076L, 
-81095261L, 1814959807L, 120300170L, -1076671846L, -161235108L, 
-1085509916L, -1400286166L, 1739006064L, 1740274755L, 448205907L, 
-563396998L, -1287982925L, 976147435L, 35348863L, -167371049L, 
-638908867L, 1366551345L, 720563126L, -1027292082L, 810494211L, 
1360230701L, -345858147L, 1411155791L, 1143903381L, 1438177074L, 
-1553075715L, 669813809L, -118040805L, 680194360L, -1667092961L, 
-1205564482L, 1140644545L, -2030457984L, 1455989381L, 1739335137L, 
1303185574L, 1571197428L, 1637858222L, 1031366930L, 80687091L, 
-1265479704L, -1709649655L, -1928295141L, 798125275L, -2062143713L, 
-1973318861L, -1319779822L, 2027541075L, -1511285440L, -1144304613L, 
-768197896L, -1372856003L, -301122618L, 183820963L, 375831429L, 
1350889717L, -2031238780L, 1995689127L, 680800231L, 514839141L, 
-1698373876L, 1677189204L, 210987315L, 563867798L, -1197466989L, 
-1035583282L, -1996465772L, 1104354051L, -13219498L, -853046737L, 
-1150312430L, 1072635681L, 1619041937L, 1360974636L, 1512696614L, 
1501173979L, 741825207L, 1714474662L, 1936866927L, 1834389568L, 
-1128077000L, 197491417L, -1193075962L, -2132238979L, -1216485284L, 
897811041L, 1713936028L, -206753080L, 13717087L, 1012713847L, 
-326641671L, 1933020015L, -1611333979L, 776224485L, 1104593461L, 
-897072820L, -1887219109L, 1612651458L, -2041734798L, -279788198L, 
25208191L, 2124347902L, -1961271436L, -1502682998L, 2056332448L, 
-2113357324L, -703619480L, -862249096L, -817420928L, -253487520L, 
1979534106L, 1462002996L, -1219554566L, -1840890728L, -1863552409L, 
1214010513L, 860980774L, -725422753L, 884173295L, 2049638646L, 
-427957702L, -11084651L, 1292004529L, -993711949L, 126233487L, 
-1219472478L, 1927552264L, -662475100L, 1851478582L, 1527109649L, 
-1116123804L, 1687668605L, -428707870L, 1852566320L, -2034728413L, 
1483388227L, 1251993995L, -348637031L, 2132265297L, 36316197L, 
328093001L, -1452514253L, 1118911253L, 299239786L, 2111634880L, 
-856726269L, 1274266361L, -1380413503L, -270143098L, 1938637581L, 
1705425793L, 1833197216L, 1264789806L, 2008336430L, -371809559L, 
-1420965102L, 1769311960L, 607665248L, -340471761L, 1414308779L, 
-567684895L, -1093433947L, 1452516207L, -224807044L, -752358077L, 
-1630773671L, 1340557410L, -1857199528L, 490681477L, 1452659648L, 
2077084839L, -270658276L, 710691553L, 90416826L, -1885281227L, 
2047321463L, -569114869L, 423626544L, -1028364414L, -1537281968L, 
1223202030L, 2052528920L, 169573320L, 391414908L, 620033556L, 
-310273574L, -938523917L, 1869206107L, 1950405751L, 380424617L, 
-1106609229L, 1255511506L, -48092947L, 562748114L, 1402541988L, 
-1454597421L, 1868081697L, -1416302947L, 139408377L, 86318207L, 
1248333351L, -1175114012L, -1890096795L, 2059778188L, -920189276L, 
731409459L, -580823836L, 1696427248L, -2112198564L, -1161486922L, 
1677289155L, -374561327L, -967248595L, -2021775231L, 747343818L, 
1844887587L, -500755568L, -1453258909L, 2113337523L, -1109276213L, 
861396425L, -792070329L, 1764249023L, -432286631L, -188846189L, 
126854379L, -1187385237L, -271266393L, -1687641143L, 669462565L, 
362579419L, -459803449L, -228138848L, -1846954031L, 1939359752L, 
840668758L, -1470300623L, 1005456409L, -1012697594L, -1696768808L, 
1251820750L, 1828996787L, -189656899L, -1099802373L, -1080591812L, 
-1575634289L, 730465619L, -1667053180L, -163269432L, 1117113948L, 
-938114981L, -1909381073L, 1445853052L, -158032163L, -271110743L, 
1777614365L, 1695017801L, 1424086949L, 531634560L, -1368512351L, 
662701584L, 965280924L, 53265189L, 1443645157L, -1422778507L, 
871502496L, 394905528L, 2128885544L, -1359855657L, 457978014L, 
-82292487L, 1246650844L, 573785681L, -1537049574L, -347314202L, 
396467856L, -1076799067L, 1339907827L, -1514761683L, -1645822215L, 
765688665L, -190738327L, -42355363L, 1957411383L, 991624032L, 
466007298L, 1344360265L, 1147812963L, 723921736L, -953486810L, 
-640176982L, -347735357L, -173840383L, -948830050L, 627762068L, 
1785611223L, -1222618516L, -1445913071L, -1838738144L, 1173303529L, 
-635903774L, -1885629046L, -1033134846L, 322879097L, -2138821987L, 
347072605L, 1217549136L, -990677200L, -63580614L, -365140605L, 
-1944087940L, 81136605L, 605042856L, 492236819L, -1823648845L, 
1088700573L, -400381804L, -1420322870L, -335167224L, -1867035306L, 
2134907677L, 1957337850L, 655676025L, -803349694L, 668183327L, 
549022324L, -199392903L, 1724307530L, -1257517756L, -214885068L, 
-842555315L, -921456421L, 774225491L, -536049080L, 1223587129L, 
931765276L, 592854617L, 166638589L, -154894930L, -115016452L, 
1488271275L, 596159036L, -1943923913L, 1381600824L, 1923028081L, 
-41978514L, -63408289L, 1123985331L, -1134483772L, -144532312L, 
1559939725L, -796192281L, 189892993L, 828941679L, 1784994423L, 
1412990283L, -344524778L, 1725578895L, -1841395516L, 357135640L, 
1334545502L, -1920952112L, -473317059L, 1358843429L, 522860770L, 
2004493771L, 1465571393L, -2105130483L, 920186885L, -495448336L, 
993519357L, -746548002L, -1029906885L, 318816410L, -1575522795L, 
1968932020L, -1570763912L, -1864307362L, -472743817L, -1895790149L, 
939367712L, -633473676L, -1411540329L, -1994070523L, 1989958971L, 
-1702548662L, 1618270646L, -1657521172L, 859484602L, 898990767L, 
-420940469L, 1753852961L, 2032397374L, 2039095354L, 1874076258L, 
-883017559L, 449025637L, 1802223412L, -1054393093L, 823595434L, 
1421880856L, 1143526185L, 1846424575L, -1540981375L, -1483459305L, 
1790513932L, 1431330616L, 450260313L, -1747073902L, 732112578L, 
801057113L, 1020406994L, 1259839801L, -552057452L, -72765322L, 
1968053439L, 1232038104L, 121657597L, 1169548925L, -14350735L, 
-1497648257L, -1201483079L, -1147314068L, 1661391623L, 1631794779L, 
1322198568L, -865674016L, -2106971799L, 1876184127L, 242486910L, 
1885528088L, 1303944684L, 1811008483L, 1012059991L, 90693347L, 
-1925668382L, -1026243275L, 1738104925L, 1312323628L, -1530676197L, 
-1045148990L, -764586437L, -1058521132L, 1134339318L, 842622540L, 
1811260913L, -1726805143L, -613292047L, 764988891L, 276761835L, 
2106784101L, -821733367L, 1775013762L, -788284698L, 15974671L, 
617001488L, -1989939629L, -1286475779L, -1288907778L, 1623109812L, 
