.Random.seed <-
c(403L, 10L, 1026174919L, -605956946L, -1807477496L, 1766802187L, 
1415671273L, -1605748040L, -118809242L, 23500289L, -419168109L, 
-283886782L, 1709405428L, 470507767L, 926865645L, 729504644L, 
-1046481494L, -2055017707L, -2063754833L, 748198326L, -130072608L, 
1158418211L, 654663745L, 118766384L, -1148096178L, -557947975L, 
-239200821L, -174397830L, 1323256700L, 1463796671L, -1928221547L, 
508932780L, -715951998L, -1697824675L, -2073888937L, -1733072322L, 
-477536648L, -1604076197L, -1411109703L, 2012988680L, 1854687158L, 
-152507151L, -1286952157L, -1745212046L, 1529956292L, 373318535L, 
-1649004195L, -1007653036L, -1872087686L, 1316884677L, -843599329L, 
1810675110L, 1424570160L, -1007075885L, 1965607921L, 384511264L, 
-781734978L, -1684921399L, -1152158853L, -285126326L, -2071315028L, 
10373295L, 1908298341L, 883591708L, -225401742L, 1204263661L, 
-305395929L, -1774345394L, -1735644248L, -2023092309L, -1955783479L, 
2082335960L, 36024710L, 1936951393L, 270330355L, -991324062L, 
-1942155564L, -783427625L, -265484851L, 958374244L, 18310474L, 
1903879349L, 1087497231L, -1328710378L, 1875429312L, -1420135549L, 
-438582879L, 732360080L, 1693916782L, 1842104345L, 451515563L, 
-1201985382L, -1442760612L, -809781921L, -752730315L, 315658956L, 
881446946L, -1985054083L, 1603899255L, -1815297890L, 1964539736L, 
-750114117L, 420852825L, 698036200L, 846297622L, 742260113L, 
248243779L, -768281262L, -48211484L, -837347289L, -1886165891L, 
-168474252L, 1784317274L, -1933126747L, 1121452991L, -1710018490L, 
-1053638960L, -2004432653L, 1503829521L, -2103482304L, 1274616862L, 
-555648279L, 151412763L, 924067882L, -368788660L, -169846513L, 
2070187077L, -514732548L, -1499890606L, 768630221L, -669646969L, 
-691488146L, 1466972744L, 1069042763L, -309908055L, 2096873720L, 
1790452774L, -284547775L, 1288409811L, 454269570L, 1333608628L, 
1820012599L, -1436671187L, 2014124100L, 541271402L, 166662613L, 
-730577041L, 1151204982L, -1962135136L, 1302410851L, -1062023423L, 
-738181520L, -1190045170L, -1747987847L, -1787167221L, 746082106L, 
-1531398596L, -1443684993L, -622088491L, 2115649260L, -1722052542L, 
495089565L, -476445161L, 322796414L, 1038424376L, 263697947L, 
-480307335L, -366571064L, 265571830L, -344575951L, -2043905437L, 
847259186L, 1241068420L, 1632539079L, -623200099L, -2050625516L, 
468879034L, 1515329285L, 1336489183L, -1935329946L, -870760208L, 
841794579L, 1319684529L, -1188658080L, 281235966L, 13006217L, 
-1267125573L, 1310596746L, -482322068L, -2097701137L, 1035249957L, 
884000732L, -120773198L, -1198017363L, 498668647L, -107598962L, 
1723690088L, -497137557L, -807906807L, 1299487896L, 1594134470L, 
1507746593L, -1569443917L, 133760802L, 484104468L, -455919209L, 
845277581L, 1267298468L, -1256510838L, 598778101L, -1739962545L, 
389365846L, 18344704L, -1698046397L, -1263393311L, -678874800L, 
-1411192914L, 1910906201L, 1448029035L, 108079834L, 353553308L, 
174921631L, -369418763L, -926371700L, -580275870L, 198192445L, 
415915447L, 1505176158L, -2044249192L, 1275500178L, 493346400L, 
-1433700724L, -941385888L, 1477911266L, 1921601704L, -540975924L, 
-1682435588L, -1921161294L, 579455472L, 934294980L, -1389792424L, 
14471034L, -526031440L, -933093956L, 297512020L, -691449918L, 
-332392672L, -1627774020L, -157229488L, 121706978L, -726063768L, 
-1535093428L, 1681472764L, -2001329422L, 554257152L, 1837297268L, 
-1236141048L, -473953862L, -1892766768L, -1735600660L, 522846100L, 
-1333768494L, 398756448L, -402467508L, 1500451104L, -1635260798L, 
-1298430488L, 720853996L, 478157372L, -1091361166L, 2045172592L, 
1921136932L, -834328008L, -628282982L, 966995408L, -1105130052L, 
-1953356652L, -1880076158L, -297044544L, 85526332L, 1696766096L, 
1553271586L, -546143736L, -743833332L, 1502882204L, -1617061358L, 
1392369536L, -128421100L, -390686424L, 747216954L, -2099719216L, 
-557414804L, -602017228L, -501623150L, 1419840864L, -1565744820L, 
543323104L, -1225342558L, -1200823896L, 1156316812L, -1774586436L, 
1660232306L, 1844423664L, -139814332L, 926425176L, -882068422L, 
-611640208L, 929203260L, -767763180L, 932176578L, 1253381856L, 
409132156L, 537789136L, -1904451166L, -353364952L, 844470028L, 
-1639512644L, 669132594L, 256184000L, -1908283340L, 1951870664L, 
-518788934L, -1699560816L, 888547052L, 1282003540L, 1888194194L, 
397235488L, 2086804940L, 2060775136L, 436157634L, -1647715288L, 
465478572L, -1777563972L, 2120075250L, 1654895152L, -783557724L, 
518727096L, -19757222L, 1099896976L, 1911777148L, 1013081364L, 
1666924866L, 10222848L, -1863556676L, 296951120L, 1835829538L, 
218034760L, 180542476L, 1111650908L, 1917646290L, -1274888704L, 
-1290694316L, 1069876456L, 1701828858L, 1330049744L, -401580244L, 
-1966850828L, -575228526L, 1465543008L, 2046109708L, -227415840L, 
-1399003550L, -1114247000L, 361994316L, 1023661948L, 796990770L, 
-637563280L, 434505540L, -1315157032L, -2032562310L, -1715878864L, 
1297096636L, -1646306732L, -1565011902L, -34662752L, -613004612L, 
-1311209520L, -112203422L, 2080721640L, -967568180L, 1887865340L, 
-1972473358L, -1655304064L, -1274810892L, 897714824L, -1376008390L, 
-1335461552L, -1446627220L, -1821194860L, -284185518L, -571076128L, 
701071564L, -742151520L, -2036027006L, 1809077480L, 1633270508L, 
103526716L, -1413518222L, -412082576L, 57398820L, -1431494600L, 
-863652582L, 395964624L, 1412394300L, -1502883948L, 2088908674L, 
1045950400L, -713970116L, -254287472L, 413664290L, 377889032L, 
1940415628L, -1647553764L, -1719168878L, -1302707840L, -706790380L, 
549222184L, 70893114L, -1157668400L, -1373331092L, 402894772L, 
525088274L, 320803808L, 2111935948L, 546555104L, -1299298270L, 
-1022488792L, 1789265420L, -47756484L, -1785750542L, -838462736L, 
308576836L, 700032600L, 209055546L, -1818858512L, -1976639812L, 
-1251386092L, -1064320830L, -341752736L, 159502716L, 2013286352L, 
-48813790L, 1763024552L, -1111780468L, -1941498692L, 1707403058L, 
-1277840832L, 960466100L, -1486707640L, -1372175942L, 414314000L, 
-1695479572L, -2103553708L, 889712402L, -1831799392L, -1658516788L, 
-1147608567L, 663812923L, 430591628L, -1342774502L, -443685489L, 
1134115545L, 1328813422L, -2077116164L, 1940161133L, 981163543L, 
-849749024L, -1586616386L, -1870604917L, -1892006387L, 1268226618L, 
2119561848L, 353655329L, -679086893L, 1994355700L, -534981502L, 
-1782907625L, -1779291167L, 451444006L, 753417252L, 2097034965L, 
1259631231L, -1705303272L, -1467565514L, 1576721603L, -687476475L, 
682485922L, 2132917904L, 2070264377L, 795755243L, 611763164L, 
1996334602L, 92051711L, -3752631L, -606572834L, 1944114316L, 
1313858653L, 1000348263L, -2147007600L, -1870977106L, 1752360539L, 
2086730301L, 10374314L, -590381752L, 1540735345L, -692836637L, 
-222237212L, 1545363730L, -2046370585L, -1313150287L, 103084278L, 
6470420L, 1694045221L, 1547006255L, 386991848L, -1503153210L, 
-770021773L, -775763755L, 1032180402L, -1320756608L, 1624627817L, 
1654394587L, 1885563436L, 1805918778L, 2117070063L, -1090322567L, 
-193788914L, -1332332068L, -1887823283L, 380840375L, 1398458176L, 
92159518L, 2106706155L, -1263224723L, -620572454L, -1359744872L, 
-1975204095L, 1056459955L, -1464801324L, 142623458L, 606675831L, 
-1283469631L, -1973156282L, -1118897788L, -1276164299L, 90092831L, 
735550584L, 1810188630L, 547792867L, -1357434459L, -74652606L, 
2005875248L, -208006567L, 248808395L, -2012437444L, 1753786986L, 
-1492096865L, -2113486551L, -1729997378L, -1242684244L, -946609667L, 
165439815L, 1723703856L, 90219342L, 206677883L, 126980317L, -1822959350L, 
676183080L, -876154735L, 1190134915L, 272737668L, 887538610L, 
-1802318585L, 1775474513L, -1419815210L, 523587508L, -1882382395L, 
-1570709745L, 652041608L, 1348728998L, -1548654509L, 328995253L, 
1830934290L, -1336689440L, 1482199369L, 2037853051L, -1471556020L, 
-1653512230L, 208074191L, -1600535655L, -669756498L, 1181128892L, 
-228314835L, -2046606633L, -1063916768L, -1297740674L, 220590667L, 
-204128179L, -733618566L, -1699477832L, 975307873L, -1815599597L, 
