.Random.seed <-
c(403L, 10L, 550576520L, -647333749L, -1156328855L, -90976712L, 
-468826394L, 1892426369L, -1210479085L, -91768382L, 2090332788L, 
1375294583L, -988430995L, 1026023940L, -85589718L, 744437397L, 
-1330799313L, 250882102L, 2026962016L, -174673245L, -78764607L, 
1346646448L, 1175711950L, 1957195321L, -1603858357L, 1046864378L, 
1893686524L, -1365102273L, -703263211L, 980913452L, 1943092738L, 
-1339185955L, 1943306199L, 833444542L, 1574558968L, -1966062885L, 
-2074396359L, -1021903736L, -302724042L, 1827412081L, 1011018403L, 
857411570L, -913546428L, 525265927L, -1450817059L, -4360492L, 
-825419270L, -370887355L, 22602143L, 1037091622L, -745710672L, 
-2097395629L, -279723151L, -142290272L, -58210754L, 1750494537L, 
1542386683L, -521914422L, 1772169516L, -157702865L, -430396443L, 
2119774876L, -760137998L, 1728210797L, -1502662489L, 1048875726L, 
587817000L, 820829227L, 206941769L, 2018920280L, 1862488582L, 
1297398753L, -784721549L, -766780958L, -41001644L, -1057680297L, 
1323653197L, -2066129948L, 585112010L, -799809483L, 181632655L, 
-2064429162L, -1737354432L, 1666801155L, 1249379361L, -244390128L, 
-813687570L, 876479641L, 1233326379L, 2133223450L, 1401316060L, 
-870432033L, 466812085L, -55174580L, -1906628958L, -720155139L, 
1662166775L, -629837794L, 1306747608L, 1571964475L, -406178855L, 
-602439320L, -250013546L, -182987247L, 893005763L, 844248018L, 
1123348068L, -838050393L, -502476035L, -917100812L, 514027994L, 
1990022437L, 222213183L, -1550023738L, -1588719536L, -2139923341L, 
-1217023855L, -47820608L, 172907166L, -1489193367L, -982890853L, 
-1355027542L, 1068175308L, -560610673L, -1168233787L, -890633604L, 
466472658L, -280950195L, 2083636999L, 462359278L, -1561665592L, 
1752047819L, 1935655209L, 22092152L, 1787244198L, 505583809L, 
-784977581L, -1111597566L, -1499265228L, 572712119L, 425137325L, 
343175620L, -1482894870L, 144789077L, 1440890863L, 602320886L, 
711256352L, -1683192093L, 1154391937L, -791074320L, -1829758834L, 
-1005740039L, 1716991371L, -1596059206L, 1580404924L, 1803711487L, 
-61800107L, 1595472492L, 1651084994L, -1755727587L, -2003652713L, 
383150846L, -664629064L, 1863088795L, -238610183L, 1562675784L, 
-377957002L, 1495819441L, 649365731L, -478541902L, -2083588092L, 
-280589497L, 598213149L, 1467324564L, 308721722L, -1659323771L, 
-1901368481L, -2010111002L, -1177932176L, 1709883795L, -442849743L, 
1625406688L, -962491010L, 1143283721L, 615034939L, 1938046474L, 
975900140L, 1088520815L, -1283764827L, 325225820L, 2098770226L, 
1860587565L, 2100375271L, -135199730L, 1166913000L, 1267267563L, 
61614217L, -1903678440L, 1297664838L, -1159308895L, -634771405L, 
1252746658L, 1945133204L, 1336002327L, 176156941L, 1872648228L, 
303921162L, -302748299L, 1224596687L, -2054156330L, 793350016L, 
742450115L, 1929250145L, 2101328848L, 1387723566L, 516859609L, 
-968002325L, 1889482074L, -1506859236L, -1776827873L, 607986293L, 
1599303436L, -2015083806L, 391436221L, 578547767L, 1708702430L, 
-1591654888L, -1395840645L, 1228972313L, 816213388L, 1242225504L, 
-1969858078L, 1477096360L, -1938574132L, -308961284L, -673045070L, 
548378096L, 982830020L, -54344360L, -1030858374L, -2102492240L, 
-2048611908L, -183429036L, -1675675710L, -548311008L, 135256252L, 
821408336L, -1860897822L, -728973208L, 291177548L, -470238980L, 
-1066103822L, -1388820224L, 6087028L, 1879845896L, -752640070L, 
-524766768L, 115194860L, 1256669588L, 626643410L, -2014678688L, 
356937548L, 1685059872L, -267223166L, 1142845160L, -2022981396L, 
-1271204804L, 437582706L, -1984471440L, -1034169308L, -517215432L, 
-191533926L, 1077261008L, -2124078916L, 2097704596L, 1698633346L, 
-1053677376L, -854908100L, 632118416L, -261513694L, 2067828744L, 
-1285391092L, -772494180L, 1521122834L, 888143744L, 954043924L, 
320252456L, -82594502L, -1010202160L, -2091223956L, -1334933196L, 
-606325102L, -1569879200L, 935957324L, -140077088L, 287455138L, 
-455293016L, 450964876L, -1304942404L, -1497724558L, 1107768560L, 
-2207676L, 774496600L, 1286776378L, 1258830704L, 246102076L, 
1669529364L, 1150494146L, 1417870048L, -659638404L, -216826160L, 
1372747938L, 607980584L, -348470004L, -308000836L, 1770555698L, 
-1103771200L, 1829308980L, 1594112968L, 1421981882L, 1968171408L, 
-624528916L, 446702164L, 2102644882L, 1085157152L, 1311009228L, 
-1447225888L, -1089030462L, 1701626920L, -454208852L, 713098428L, 
259852786L, -2059300560L, 523031716L, 1290151608L, -960840358L, 
1228371344L, 11801468L, -990410476L, 662266690L, 576838400L, 
-1065109572L, 844734288L, -1996324062L, 1659477320L, 1178208780L, 
1341778012L, -2137064238L, 444905984L, 2021854548L, 39762408L, 
-1601885190L, 843940048L, 1250102572L, 374170356L, 125122962L, 
-146418592L, -1200151284L, -1603841312L, 1260112226L, -748103000L, 
101139020L, -1838993028L, -905714382L, 2129793136L, -1367390396L, 
-1287709224L, 237857914L, -210735568L, -1549522244L, -1877778604L, 
728257602L, -1122820704L, 723610300L, 1297185232L, 144842082L, 
834457576L, -2125592628L, 1259491068L, 1692189170L, 1612925056L, 
780231924L, -1315174776L, -1698736326L, -608332976L, 1346504300L, 
1697267860L, -1789185710L, -107479328L, -1940696372L, -1020768096L, 
-2101527678L, -734358808L, -666225940L, -486499268L, 1785467506L, 
430740592L, -1610160604L, 1487504440L, 1884821530L, -1931273520L, 
29185084L, 2047755412L, -1715503998L, 152225728L, -1392895684L, 
-1655352688L, -1781740510L, -79567864L, -605697908L, -267985892L, 
267777682L, -696408960L, 212971540L, -898726616L, -857600454L, 
-207420208L, 1246172268L, -273296716L, 703232018L, 1090365408L, 
1692651468L, -805032480L, 1810300450L, 1895762216L, 2096066828L, 
1026623036L, -1651420942L, -1130255632L, 922202948L, -696296872L, 
1931256378L, -1536391440L, 171003068L, 976596500L, 1292697794L, 
92364896L, 1714441596L, -1121207088L, 1241443362L, -790545752L, 
1929658252L, -754730564L, -575028174L, -1454233792L, -328992588L, 
160289608L, 857402042L, -1635348720L, -1326229268L, -306383788L, 
402511634L, -278973536L, -937517108L, 1438690144L, 331514050L, 
-563681780L, 1538277274L, 115009295L, 1382079833L, 951392238L, 
-728564100L, 1656096493L, 1838133655L, -1419699616L, -1902702530L, 
1686042891L, -511558771L, 881572026L, -182501640L, 1826632865L, 
-60198829L, -581543052L, 1598040322L, 1086245271L, -1588399263L, 
-690165850L, -1328782940L, 818919509L, -1461867265L, -1835896424L, 
762432182L, 594297667L, -93405563L, -1269591262L, 41248784L, 
-1896115271L, -200903573L, -654162084L, 780639882L, 403860095L, 
1567560649L, 2118094942L, -167234804L, -555042083L, -205138969L, 
2010146832L, -122739410L, 377223643L, 1290149565L, 1774324778L, 
768675016L, -698758671L, -2064283805L, 544636772L, 240490130L, 
186446695L, 468016433L, 922809974L, -1085667436L, -1950051419L, 
1055941807L, -259352216L, 1071030598L, 64010483L, -1507948971L, 
1389685298L, -1572874240L, 530918633L, -432469157L, -324432468L, 
-615852614L, -222088337L, -1686084359L, -685540978L, -355586980L, 
1066630861L, 1352776247L, 1437700288L, 1959591838L, -545938325L, 
771326957L, -1188149670L, 1782941976L, -1235241343L, 1912146995L, 
1191598676L, -1573179806L, -758554377L, 770339649L, 1614817734L, 
-1645079804L, -593029451L, -166387297L, -1568383496L, 571323350L, 
-1453289885L, 1222299173L, 149372354L, 1439265456L, -1525794087L, 
19512395L, -128671044L, -1261477654L, 1069366559L, 702227881L, 
449954622L, 20717100L, -1390269315L, -2008435001L, -2019364944L, 
1430577614L, 1296218875L, 1386588509L, -1088251254L, -1439438680L, 
-209380335L, 155258115L, 329744388L, 1571401778L, 353753223L, 
102159569L, -1074721194L, 1855864372L, 1172813125L, 280065935L, 
-677420280L, 1054401830L, 512843219L, 1028773685L, -242893166L, 
1753959008L, -1557165111L, -1340806405L, 463967436L, -1203655334L, 
-1008582577L, -1956123367L, -1631885522L, -862504644L, 622759597L, 
940656983L, 533440672L, -36252162L, -811538229L, -1447856435L, 
1439711738L, -1448117704L, -1667459103L, -661565293L, -2040548684L, 
598548418L, -2030826537L, 1511384097L, 1631384550L, 172850916L, 
