.Random.seed <-
c(403L, 90L, -1439116441L, 1459291547L, -1653984707L, 389037095L, 
374267986L, -566691826L, 1603179889L, 1645799194L, -1977787349L, 
-2050420863L, 1275508680L, 1914014864L, 1725522391L, 723397551L, 
870927571L, 1493447355L, -18103632L, 1459593747L, -535665464L, 
531201342L, -68295056L, 1171396964L, -482964990L, 1366312195L, 
-2099683679L, -256043487L, 689380417L, 441447629L, 1190188734L, 
-2145733314L, -1100273318L, -1518296079L, 407859176L, -819928725L, 
1214924651L, 1575204137L, 1283395854L, 1534602402L, 612451693L, 
-1725396559L, -175129117L, 1105546702L, 831516876L, 395538220L, 
497697183L, -1368176001L, 1699619853L, -482140146L, -346673137L, 
22020749L, 1489096277L, 134530826L, 1276619608L, -1590205562L, 
-232338268L, 1687740282L, 777653360L, 1118660897L, -1343944011L, 
-1348828464L, 1787513378L, 1242883675L, 861655441L, 1756402962L, 
-1158611134L, 844380969L, -73024607L, -1075759282L, -83399807L, 
1072208604L, 373274497L, 2043565524L, -1895010129L, -57687490L, 
-749703146L, -1066957795L, 3340000L, 1461266220L, 1864145245L, 
-464598816L, 1653013269L, -656323729L, -1752795259L, -1583856206L, 
452423455L, 347681038L, 360548150L, 1400294827L, -1350501548L, 
-307368041L, 1792964279L, 172974828L, 776899518L, 1099396973L, 
-763995026L, -1053460272L, 381497190L, -1692028414L, -500963935L, 
-1050263422L, -943557145L, 1721550955L, 510386069L, -1275024389L, 
-1343565062L, -834191112L, -9872962L, -856844215L, -1740740828L, 
700007957L, 751871791L, 105643162L, -2056528400L, -952989819L, 
330006231L, 798920407L, 30356209L, -1619318121L, 1030792496L, 
158542612L, 593205052L, 2009441531L, -1503257469L, -450602124L, 
-548630288L, -601620900L, -2008537348L, -1291468413L, -998966626L, 
1900974228L, -656709065L, 282008395L, -2094431753L, 987769309L, 
-24651565L, 1333238111L, -1232112774L, 246927037L, 1134703200L, 
855127397L, -1350885081L, -600741997L, -1236596951L, -1543515930L, 
575469369L, 1170652666L, 1886503748L, -245905000L, -918014414L, 
-1807263268L, 1973533795L, -253041480L, 772965176L, 817941936L, 
-142192463L, 1446492742L, -955252888L, 222438335L, 544854796L, 
-416229722L, -1588737484L, -1828161251L, 7773409L, -1020717600L, 
-598440091L, -419270445L, -1139855797L, 95456708L, -1964609584L, 
-1901540964L, -1815967355L, 509544322L, -1063118988L, 970270656L, 
741750474L, -1122916305L, 1372663700L, 1280943670L, -669160809L, 
-1629627070L, -808812679L, -1469408206L, 1517669910L, 996679915L, 
-1694577444L, 2109501250L, 1644199034L, -56608724L, -303818718L, 
-2131322019L, 2047526672L, 286755773L, 934210631L, 401595342L, 
228125035L, -151954244L, -346737232L, 1250045017L, -1747601119L, 
-1216891796L, 224692853L, -816175087L, 1252541435L, -2058188568L, 
-36635788L, 577612904L, -49817726L, -34031328L, -999985445L, 
2016468819L, -527354513L, 1729816595L, 280609506L, 1230913623L, 
-15724960L, 616734974L, -1861148112L, 1944963043L, 670340782L, 
-1959890909L, 1099996910L, 1966314725L, -1225002321L, -1970371549L, 
810428866L, -1897902984L, 1418658238L, 251941270L, -1782926780L, 
141060260L, -2049682192L, -587632495L, 819736501L, 341941637L, 
-27371908L, -1199623018L, -1589692068L, 1085656600L, 162959492L, 
2034751572L, 1403429837L, 1385727705L, -1294846226L, -497361227L, 
1640824244L, -455847125L, 578357544L, 30382470L, -1696729745L, 
-1059407247L, -1374106963L, 995114475L, -1767870684L, -1561161078L, 
2043577819L, -900232183L, 1042499463L, 2034328503L, -719445499L, 
989452652L, 899831236L, -1541531973L, -431256279L, -1033737935L, 
-247053724L, 1496194225L, -1642574849L, -993402033L, 1214620546L, 
105621118L, -1363524665L, -1252699651L, -187307008L, 2013126033L, 
160600532L, -597955206L, -2118773687L, -1483360129L, 1685347397L, 
-1760950945L, 89588994L, -1357903190L, 1479159280L, -1538172339L, 
-1769246504L, -53287927L, 1923290190L, 296197008L, 794492261L, 
-390562706L, -1712069331L, -972650784L, 2080140568L, 1676739283L, 
-1392132369L, 649217785L, -190894904L, 1456415869L, 558346525L, 
-1358726988L, 508145675L, 2126488955L, 1506988065L, 609182154L, 
386314359L, 1864990465L, -520855179L, -1076148392L, 2077289244L, 
1175633438L, 1270873347L, 1089737490L, -883093655L, 69735164L, 
1391479501L, -1373732785L, 524870238L, 1588490734L, -943622315L, 
-96412316L, 237219347L, -1945322752L, 854226018L, -1134639840L, 
118447031L, 2000828025L, -1409680647L, 591762579L, -1110762553L, 
-1271655549L, 1031723347L, 1091656361L, -293876007L, -1009415112L, 
884829070L, -1224856824L, -973084855L, 309626273L, -669007627L, 
2080999302L, -1653175402L, -1059360470L, -1804240762L, 880229932L, 
-2083472821L, -732454404L, -1670596144L, 858871898L, -296242903L, 
96600034L, -204628707L, 119685122L, 1147468990L, -1461199776L, 
172116922L, -1658160001L, -1234310517L, 302782321L, -201476583L, 
1682695884L, -2067836193L, -2001844602L, 1926123994L, -1750483686L, 
1650951842L, -1962129319L, -129671034L, 1870427976L, 397704263L, 
-366484531L, 880252640L, 74595095L, 1009898355L, -1517148665L, 
400291826L, -1669580373L, 1688427269L, 528696074L, -2111091738L, 
1966335446L, 1723275486L, 99481592L, -108086535L, 1848722972L, 
-1278691598L, -670742783L, 460414172L, 2069952997L, -431638439L, 
-1161679654L, 842750010L, 1717592058L, 195259736L, 1824188719L, 
2028953907L, 1623484539L, -1692704715L, 629226088L, -1049237064L, 
1579006354L, -1032627422L, -769706409L, -1282904896L, -2117638260L, 
2050574110L, 1664844040L, 2105536750L, -631915016L, 1834812417L, 
-539376089L, -65120619L, -1240817475L, -682158466L, -150541161L, 
1506661969L, 1450540864L, -775942191L, -946143044L, 815345655L, 
743919065L, -1825858714L, 1261766489L, 1691648852L, 54352816L, 
1817286496L, -1012612633L, -324332823L, -1142077267L, -538358788L, 
-921478752L, 445539624L, 179065923L, -310889248L, -834981140L, 
940959616L, -162493018L, 1959010309L, 504003428L, 1502992936L, 
-944496302L, 1615223954L, 1402534762L, 1854121271L, 308582117L, 
1193448524L, 1968329127L, 214210134L, 1530743983L, 1555380225L, 
-2132523544L, -1041547773L, 642014146L, -2088541749L, 980546742L, 
-2018702233L, -971367319L, 1067504210L, -281856495L, 1291981336L, 
-1229160442L, 605713266L, 2116312217L, -1943134686L, -1898184082L, 
28323469L, -440554646L, -674140047L, 803757195L, 1940188052L, 
2070378410L, 1554235153L, 825715196L, -147997147L, 1430916428L, 
-895185046L, 723677843L, 442638535L, -1221788197L, 809646013L, 
491110661L, -1129899316L, 170115057L, 1238388350L, 1166566296L, 
413226769L, -1983305682L, 2122215002L, -257909399L, -170050321L, 
-211250191L, 1415171629L, 979931250L, -1048691856L, 1537270423L, 
671838013L, -1896071171L, 1472941228L, 1324035642L, -1615100752L, 
-666305780L, 340821646L, 1979419921L, -248680423L, 628391975L, 
861848192L, 215361591L, -1538321384L, -824448330L, -284557542L, 
-689521867L, -476807154L, 923232651L, 243517405L, 2067720952L, 
-2050747273L, 464160023L, -690263568L, -616851378L, 2018998558L, 
1406429247L, 1844066577L, 322743013L, -1622314671L, -95437241L, 
-177273592L, 1411223998L, -1469425084L, 256066999L, -1482358070L, 
-1348614649L, 13626053L, -1511486514L, -2025041810L, -885355686L, 
1895612295L, 918874894L, 1626054259L, 1223444614L, 95637247L, 
-873588455L, 1573700815L, 17676741L, -1140808427L, 1033935266L, 
-1635299972L, 1019637763L, -133651006L, 914017723L, 436999336L, 
-1962046261L, 589312362L, -627643659L, 785837304L, -695579069L, 
408509813L, -1324979650L, 272284114L, -639597597L, 419162891L, 
-1325587269L, 1198132039L, -1080934319L, -462401708L, -980634992L, 
-2133503784L, -1657424883L, -1667359851L, -344352232L, -2142591387L, 
154104439L, 837811217L, -1847183698L, -1276813891L, 726716876L, 
961092750L, -1893033407L, 332994170L, -13074034L, -395455709L, 
-791462158L, 1153382955L, 362439869L, 1942169732L, 189291045L, 
-1763117768L, 849785055L, 2033788721L, -1545953351L, 2029733852L, 
-45161092L, -1548682057L, 1720374125L, -847663493L, 363104467L, 
