.Random.seed <-
c(403L, 10L, -710718777L, -1451054691L, 1835711764L, 1115362234L, 
-1838123515L, 1387837407L, -593654170L, -503342608L, 1023473427L, 
1511274673L, -2100728992L, -804153090L, 1409337481L, -1950165061L, 
175559050L, -561594260L, 1400480239L, -1823442395L, 2104200924L, 
1179018418L, 96053165L, 1157503847L, 2133244046L, 333608296L, 
-1559861909L, -995621111L, -513377896L, 1391698118L, 2122842657L, 
1881475763L, -1283508190L, 385712660L, -1476770153L, 111384717L, 
1098956196L, 1934557066L, -1455297547L, -802192817L, 649966934L, 
-207114240L, -96874173L, -63742751L, -101566896L, -1055602002L, 
1461374553L, 936990315L, -1273996326L, 573451420L, 230925983L, 
705866997L, 333860236L, -501737374L, -109692867L, -529251657L, 
163727710L, 1159057560L, -1078125573L, -1923151463L, -16352728L, 
-190948650L, 631131985L, 201527811L, -1689393774L, 970973988L, 
2022749671L, 438633021L, -522109772L, -2094269670L, -824504219L, 
1113250047L, -285009530L, 1673752336L, 2104032179L, -1653884847L, 
2042850304L, 911404254L, -333299927L, -1146428709L, 2081249770L, 
-774364788L, -1851226417L, 1610832517L, -1533939396L, -109454318L, 
1734898445L, 78544967L, -1405423058L, 984005512L, 1164859019L, 
557148265L, -1654918088L, 1931343078L, 1554201729L, 1388764179L, 
-1495516222L, -1736932236L, -242435465L, 696935277L, 710849540L, 
-2100465878L, 641756309L, 349399855L, -1921123786L, 949255776L, 
66411683L, -1443711039L, -710966352L, -744626482L, 1207530553L, 
-1281439157L, 2009833466L, 2025028348L, -746238145L, -649273323L, 
1090040620L, 563763202L, -1822432547L, -1538684457L, -1924447042L, 
610680568L, 1922346203L, 195112761L, -1213592952L, -1575522762L, 
1240735345L, 1390296227L, -292588046L, -1334495932L, 1680406023L, 
1393079261L, -949019436L, -2096102406L, 2118677317L, -428365921L, 
-2053804762L, 801781168L, -762188205L, -809571983L, -1190920032L, 
376295486L, 590182217L, 1529929211L, -557121078L, 630206252L, 
-329511121L, 2093481445L, 1004912796L, 121431282L, 943398253L, 
1825237671L, -263420722L, 484190760L, 482802219L, -444444599L, 
1375670616L, -1292777466L, -917194271L, -2052668557L, 389683170L, 
262815572L, 729936471L, 1488101965L, 1183860196L, 131014602L, 
1783505461L, 1432070287L, -1555703402L, 741369152L, 281278467L, 
1025665569L, 82341136L, -1121279250L, 766295705L, 20905771L, 
734820890L, 153774300L, -49240865L, -41868619L, 1982198860L, 
2031503522L, 1410795517L, -1993050889L, 1283760670L, -774333224L, 
-1953275845L, -1172231719L, 2065092456L, 1863189142L, 1732725777L, 
-52322877L, 1026564562L, -1652119452L, -1298823257L, -1860957955L, 
1352588532L, -299353126L, 371658533L, -107915713L, -758112826L, 
-752666032L, 260716147L, -1629996399L, 718045888L, -347593570L, 
-1723725719L, -1490066277L, -207823446L, -1958081076L, -2115755889L, 
1823563973L, 555159676L, 1257090258L, -1717550003L, -387689209L, 
-1129957138L, 1034918344L, 1119518411L, 105934633L, -1167165576L, 
-1374466906L, 1271176897L, -1985587373L, -2084858878L, 95662388L, 
-1259922761L, 2040481453L, 1672955844L, 545538104L, -1588684006L, 
-385983280L, 1746783036L, 244905876L, 1525567362L, 353084864L, 
-1717652932L, -1529009776L, 905226786L, 186125576L, -1256301940L, 
-235403492L, -1986666350L, -1749868160L, -604274156L, -833141976L, 
-2052913606L, -570046000L, 1889260908L, -2317388L, 1630555154L, 
-32509472L, 360055756L, 1065582816L, -1333848030L, 1684729128L, 
459929100L, -95849668L, 722240498L, 252428016L, 1606351428L, 
1853988440L, 912274234L, -1332231696L, 942382780L, 1461570836L, 
-1330348350L, -1157865376L, -394573956L, 483269584L, -819720926L, 
1248650920L, -1671410804L, -1880204100L, 1896331058L, 1583092288L, 
1778878644L, -568497592L, 604302778L, -1600343536L, -120881428L, 
2121456980L, -444259054L, -1124951648L, 591265484L, 1617884768L, 
-1275747390L, 631423784L, -2084725844L, -981868740L, 1708895602L, 
1107189552L, 1058186532L, -982054088L, 520208090L, 16806800L, 
-159991044L, 1849676692L, 1429913666L, 133808384L, 352384060L, 
-2133838512L, -2003758942L, -1651802808L, 14646028L, 46183132L, 
-1821228718L, -1135345536L, -923534252L, 1218227176L, 1116456186L, 
1214979920L, -1713262804L, -179524236L, 1719078802L, 1902689376L, 
1626998156L, -1819755680L, 1491445218L, 1887232936L, 803893452L, 
-843088900L, 331796914L, 1686740464L, -1562742844L, 1318756696L, 
682689914L, -712970320L, -1380510276L, -928312236L, 1316759490L, 
1178658848L, 1234528444L, -1206282672L, -324784158L, 144943208L, 
-157622196L, -695790340L, -1404127246L, -523027200L, 1566348660L, 
1968785416L, -1143311430L, -1305270832L, 1002606572L, 1046392212L, 
-908371502L, 1466311008L, 578296652L, -1201780448L, 1303684994L, 
1363691240L, -1193873172L, -267655108L, 703942514L, 1039769200L, 
-582656988L, -1285683400L, 358290586L, 1772430032L, -705099588L, 
-1640606060L, -1193132414L, 1932708032L, 1196121916L, 655241360L, 
-599132638L, 1220738056L, 1709251852L, -2122834788L, 1919070738L, 
1901642624L, 879883796L, 1447982632L, 2118901050L, -366094896L, 
930902124L, -556620492L, 1910751890L, 1886443360L, 511987532L, 
-962785312L, -859403358L, -271733848L, -723527284L, 1796080828L, 
-46124686L, -217550608L, 1397456964L, -1543467688L, 51061306L, 
-1072685200L, 421260348L, -945403116L, 138761666L, 1538774752L, 
486601596L, -1207037232L, 1200247970L, -544643032L, -1075820276L, 
-2097196100L, 1238664498L, -187383360L, 2135421492L, 630376392L, 
-516660038L, -655648368L, 426631660L, -1091420588L, -1482888046L, 
-794281184L, -869277236L, 520551904L, -1257509182L, -93933528L, 
1709629100L, -709971780L, -1671490062L, -1986650832L, -475773788L, 
522216120L, -5441190L, -1986817648L, -29225092L, -244242156L, 
-1345966270L, 1164709632L, -2015779908L, -152519856L, -957493470L, 
-442047160L, -1574615540L, 1029824604L, -284428078L, 387823104L, 
-1447741100L, 676087272L, 1575969786L, -374444848L, 1977334060L, 
1942189812L, -839289454L, 908140640L, 1615394060L, -2077310240L, 
1338189154L, 325421736L, -997281204L, -139645572L, -1768398542L, 
2034654320L, 1055671108L, 813398488L, 721599610L, -1817559504L, 
709922158L, 1886248987L, -122334851L, -663894166L, 1565753864L, 
-1486559567L, 1684529443L, 411284004L, -251848494L, -579481305L, 
1033165681L, 1077021110L, -1392860844L, 1397071845L, -245270033L, 
1605255464L, -120809082L, 591218099L, -1751709419L, -1233110158L, 
-1027041344L, -596436951L, -297429861L, -196398740L, 1132132730L, 
1375378095L, 1117458873L, -1270162482L, -1890737380L, -242713971L, 
1337926391L, -568195584L, 767631454L, -840107221L, -409831379L, 
-1832902502L, 882041944L, 1102324673L, -1947513741L, 430814612L, 
1497451554L, 1159596855L, 1673776641L, 731242246L, -804408508L, 
-1532901771L, 386029535L, -55907528L, -658137834L, -894992093L, 
-1953903899L, 1904771842L, 1377503600L, 2015699225L, -34701045L, 
-748805636L, 1875491370L, 1054657119L, 1439111657L, 1390007038L, 
-1006347540L, -1412650435L, 431393287L, -1673028112L, -2119365234L, 
-38956101L, 1033047453L, 1391563594L, 504260456L, -1631008431L, 
805005891L, -1810837692L, -692657166L, 1853602247L, -1600327791L, 
-1460054250L, 533701492L, 1357142533L, -149304753L, 446539336L, 
1317390310L, -2090514157L, 383407733L, 490368082L, -1483151712L, 
-1731083383L, 784129979L, -1812750324L, -707015270L, -986190577L, 
173618009L, -1170780690L, -1601607556L, -872055571L, 976173975L, 
329229408L, 2119566910L, -1368289525L, -863980147L, 1353055930L, 
-751563528L, -601363807L, 179972691L, -205695628L, -313836798L, 
1191144343L, 1525792097L, 1145511334L, -1384702044L, 1315080789L, 
-1539319041L, -450322536L, 365981878L, 475059523L, -1925114747L, 
-1366430430L, 1935750672L, 1653265849L, 22636139L, -182265508L, 
-1560825718L, -506947457L, 435526089L, 576658014L, -896429812L, 
-1879604003L, 48468455L, 772655632L, -1927633106L, -1250366501L, 
603811005L, 1609494058L, -1544224056L, 350599153L, 1341765987L, 
-1424905884L, 32566418L, 1107624295L, 1479037745L, -622552970L, 
