.Random.seed <-
c(403L, 112L, 1028279579L, -1380837939L, 1544231842L, 604748162L, 
1474996478L, -1578860820L, 1083669971L, -1962723548L, -1197665601L, 
961028150L, -1791732059L, -1025097085L, 1030246936L, 764096493L, 
-2029781547L, -1088096442L, -463240328L, -604722611L, -1789622348L, 
-1570897658L, 1740362482L, 1353370344L, 1333232668L, -430143684L, 
1756110968L, -938562708L, -1286949363L, -890359084L, -1185397459L, 
-935108642L, -1400604140L, -1726889435L, -1500728307L, -1111757788L, 
64920988L, -1961150907L, -1447630546L, 1685677698L, -1465566605L, 
438056136L, -334452029L, -564923118L, 1757436080L, 1302017594L, 
-451395450L, 1621058034L, 1947677812L, -262348814L, -765659786L, 
532449510L, -618331268L, 1158447404L, 425194681L, -1909685442L, 
-1670497608L, -1597066416L, 1189259547L, 2087147515L, -96958195L, 
-846728812L, -1513879116L, -1731649305L, 1863208020L, 450417329L, 
-2115164628L, -586139487L, -1258402924L, -2142572700L, 883090483L, 
-853598108L, -1897422551L, 985335826L, 1001412767L, -1727083485L, 
859874808L, -1487338535L, 2130548315L, 1697350563L, 1851362783L, 
674584881L, 2095321843L, 617581228L, 613736741L, -767373047L, 
1004077909L, 1036679418L, 1658130562L, 521396486L, 1883174302L, 
1886258994L, -1201502984L, -569153906L, 963884443L, 1334686916L, 
-859698808L, 1869161552L, 431381022L, -2015915544L, -237878331L, 
-1640173671L, 1166394605L, -956335077L, 74348247L, 415337563L, 
865931573L, 318599437L, 1090900286L, -798968679L, -119500066L, 
1433865555L, -47733709L, -1856348986L, -1693586711L, 80189683L, 
689135322L, -1188430013L, -1654862707L, -631308692L, -1058013896L, 
-1331948321L, 1154870320L, -1582347012L, 1076745008L, -1234868340L, 
100022388L, -776796645L, 1921136007L, -34449054L, -2098066269L, 
449038579L, -203033526L, 929130597L, -2003990330L, 788052227L, 
-763511077L, -1679066022L, -1827683692L, 1828845673L, 10023004L, 
-292274718L, 1988448841L, -1378850827L, 1614047167L, -1759731253L, 
-374669029L, -2052899491L, 499622372L, -207580640L, 757258084L, 
-1098805224L, 1350083156L, 739674279L, -1179267476L, 35081451L, 
1462701685L, 826365064L, 626431573L, -254366034L, 846989570L, 
1441237390L, -825030946L, 2065533815L, 2003351029L, -711295141L, 
-1142200833L, -1620313696L, -1481536172L, -854333738L, -2084674121L, 
-5683604L, 147960240L, 1012112577L, -488988111L, -1557264696L, 
-1771553595L, -1987757250L, -1506979188L, 466862621L, 1380233307L, 
-1241264229L, -1340941867L, -1677124646L, 1486452439L, 1245044704L, 
1155480104L, -1513734206L, -588507026L, 955518335L, 1521762922L, 
1057953072L, -434452724L, 1794966406L, -1982915770L, -611915280L, 
277774824L, 1335382325L, 708114586L, -94666354L, 2028529841L, 
934489454L, 534669507L, -1799889395L, 1480093111L, 1703743081L, 
93833476L, 1514370777L, -171689568L, 716300553L, -176825203L, 
831507446L, 724338361L, -728742693L, -979123843L, 1171037750L, 
-1341601265L, 78062736L, -2129071392L, -718745276L, 245536506L, 
454521973L, -1264163984L, 1202065335L, -1980527708L, -222922007L, 
1650183205L, 529933396L, 1117073172L, -25140613L, -757679709L, 
2072526086L, -584502360L, 705612624L, 1834728206L, -1524651547L, 
633565448L, 143174825L, 824386754L, 354115371L, 1640710335L, 
718609663L, 1350026411L, -91677982L, 1670255809L, 1124863550L, 
-435853908L, 290090620L, -214157607L, -1018878342L, 2033390716L, 
-695496950L, 329011086L, 1442583554L, -2013198139L, 1000435094L, 
393609457L, -369073943L, -764198041L, -1797122737L, 774687306L, 
1819992027L, 746383256L, 2081432701L, 741992783L, -2019863541L, 
469235966L, -333550895L, -1263691540L, 1820365837L, -488449608L, 
-782200557L, 1202632680L, -2080432501L, -1989989405L, 678210085L, 
1929305338L, 853571000L, 1293155400L, 1275077819L, -1350346816L, 
-1766205894L, 465429272L, 1052298924L, 1565696813L, -392107367L, 
1690380763L, 286399074L, 1563878659L, 165596678L, -1583035099L, 
-51489565L, 1336109004L, 1177524089L, -1824715908L, 514140528L, 
146320649L, -328325586L, -498478153L, -889766326L, -1621338470L, 
-545443952L, 2062187692L, 1809575613L, -321547799L, -1855399239L, 
910251854L, 1834110722L, 1622885607L, 376708354L, -324025583L, 
1567010609L, 275659198L, 53320475L, -698316531L, 582859763L, 
355940964L, -945802395L, -153049760L, -543509233L, 103266332L, 
1967635996L, 278965608L, 201796617L, 314425475L, -2074790326L, 
126282906L, 649967293L, -68229883L, 149960817L, 1328360441L, 
118749583L, -1775820598L, -303572822L, 1541059L, -1117848528L, 
1460297273L, -514457317L, -1714432747L, 470952164L, -1850120446L, 
-1764269709L, -255659826L, -636133156L, 1314642320L, -284437195L, 
-2075003794L, -720804998L, 2139084762L, -116617995L, 175281123L, 
1082833079L, 547673404L, 1241976121L, 2046564700L, 794265742L, 
835932940L, 2119154256L, -1328352415L, -34342042L, 749848323L, 
-239718425L, -1271194514L, 849304462L, 1950736133L, -1066399921L, 
-1143182993L, -2144196655L, -1130795003L, 2062469681L, 185169730L, 
-861281587L, 1685268352L, -469644361L, -1947593344L, 1593466497L, 
-857214986L, -1803726857L, -6866010L, 1858662967L, 1691467690L, 
1918693072L, 1294962569L, -613862090L, -2088390114L, -914717995L, 
-390630868L, -504185248L, 522762957L, -1793000772L, 536765818L, 
-429357979L, 1208878659L, 239994791L, -1471665620L, 1552677896L, 
-792655161L, 520433748L, 950856858L, 1824642983L, 500920367L, 
-1618086575L, 995287252L, 1175247708L, -1172730651L, -175175479L, 
1108662512L, -1205497994L, -1225213490L, 593573213L, -1086451098L, 
1200671134L, -1656099094L, -152891393L, 1653248417L, 790641899L, 
89019576L, -197904257L, -823252015L, 212437884L, 1210665491L, 
913914469L, 10644156L, -141661672L, 1138214796L, 2004209210L, 
365178011L, 603913533L, 1336596632L, -984873008L, -1962983970L, 
1779956335L, -1304890405L, -866414553L, -1126442591L, 1086949320L, 
575522937L, 27035301L, -1720189217L, -1293256965L, 1128520516L, 
374206817L, -60553668L, 227810239L, -1695043259L, -38589194L, 
894317344L, 914978371L, 1119617725L, 468978445L, -450470769L, 
-2024030890L, 445458219L, -1163784662L, -1446532995L, -520790042L, 
-220098927L, 467353800L, -468138972L, -1491842185L, -2088533045L, 
728955699L, 1724709352L, 1669176254L, -11055501L, -1961709876L, 
2023152781L, -1531472530L, -1597682013L, 1404275461L, 379892478L, 
-1307608802L, -522191307L, -1304657978L, -643367061L, -1061148613L, 
1083947505L, -1458758108L, -1375571118L, -1944377531L, 730256166L, 
412227647L, -1738240794L, -1870288574L, 1550844568L, -934115133L, 
-1494882007L, 284191264L, 507663643L, 2135904037L, -1751977673L, 
1258737258L, -1964363117L, -1906945962L, -888917582L, 687005142L, 
-245753776L, 1412540016L, -784443082L, -916016342L, 1718503033L, 
1537151848L, -477291821L, -644317932L, -1029792967L, -1422860316L, 
594821976L, -192239851L, -1279860330L, 1365996702L, 527267277L, 
254307131L, 1103872753L, 523389010L, -2047575042L, 1466349641L, 
836962178L, -2101429222L, 1281935911L, -1667967369L, -523709581L, 
1437491289L, 280688430L, -1385392741L, -155390270L, -2125864212L, 
-743339820L, 1549520279L, -1866754637L, 1923666894L, -1404128168L, 
-646995480L, -2052674673L, 626103090L, 247677712L, 759427267L, 
-363715695L, 1799511297L, -1206459689L, 2005195376L, -1932728146L, 
-1523800812L, 664207626L, -1195677905L, -1047189261L, 280677899L, 
-769116770L, 2053711904L, -160613088L, 2136891846L, -1275812005L, 
-2036939396L, 254937887L, 1347730612L, 362388633L, 1721177132L, 
-1315685664L, 1067279415L, -38325365L, 1444826060L, 452296847L, 
-1520828143L, 1670453569L, 1925866191L, 213292391L, 1342088500L, 
-425496088L, -296577363L, -496302339L, -1925033400L, -1993292830L, 
-631972123L, -575282226L, -809312198L, -1533987128L, 1354293894L, 
1154059206L, 1444452115L, -1955921411L, 1162237106L, 775202696L, 
619381211L, -453486532L, -1812008548L, 1420073078L, 318473697L, 
649328306L, 2092706406L, 1444412073L, -427145272L, 799991841L, 
1948683420L, 128817849L, -1743071045L, -951543702L, 760470957L, 
145667131L, 461248286L, -192087034L, 988453401L, -335300553L, 
-1267771735L, -1879096313L, 1653571772L, 25862801L, 1517404699L, 
