.index2 <-
c(14L, 16L, 17L, 18L, 25L, 270L, 1837L, 1838L, 3262L, 3701L, 
3916L, 3926L, 4297L, 4298L, 4321L, 4322L, 5210L, 5870L, 5901L, 
5908L, 5912L, 5968L, 6011L, 6149L, 6371L, 6917L, 8469L, 8470L, 
8471L, 9233L, 9234L, 9235L, 9236L, 9237L, 9238L, 9239L, 9240L, 
9241L, 9242L, 9243L, 9244L, 9245L, 9246L, 9247L, 9248L, 9249L, 
9250L, 9251L, 9252L, 9253L, 9254L, 9255L, 9256L, 9257L, 9258L, 
9259L, 9260L, 9261L, 9262L, 9263L, 9264L, 9265L, 9266L, 9267L, 
9268L, 9269L, 9270L, 9271L, 9272L, 9273L, 9274L, 9275L, 9276L, 
9277L, 9278L, 9279L, 9280L, 9281L, 9282L, 9283L, 9284L, 9285L, 
9286L, 9287L, 9288L, 9289L, 9290L, 9291L, 9292L, 9293L, 9294L, 
9295L, 9296L, 9297L, 9298L, 9299L, 9300L, 9301L, 9302L, 9303L, 
9304L, 9305L, 9306L, 9307L, 9308L, 9309L, 9310L, 9311L, 9312L, 
9313L, 9314L, 9315L, 9316L, 9317L, 9318L, 9319L, 9320L, 9321L, 
9322L, 9323L, 9324L, 9325L, 9326L, 9327L, 9328L, 9329L, 9330L, 
9331L, 9332L, 9333L, 9334L, 9335L, 9336L, 9337L, 9338L, 9339L, 
9340L, 9341L, 9342L, 9343L, 9344L, 9345L, 9346L, 9347L, 9348L, 
9349L, 9350L, 9351L, 9352L, 9353L, 9354L, 9355L, 9356L, 9357L, 
9358L, 9359L, 9360L, 9361L, 9362L, 9363L, 9364L, 9365L, 9366L, 
9367L, 9368L, 9369L, 9370L, 9371L, 9372L, 9373L, 9374L, 9375L, 
9376L, 9377L, 9378L, 9379L, 9380L, 9381L, 9382L, 9383L, 9384L, 
9385L, 9386L, 9387L, 9388L, 9389L, 9390L, 9391L, 9392L, 9393L, 
9394L, 9395L, 9396L, 9397L, 9398L, 9399L, 9400L, 9401L, 9402L, 
9403L, 9404L, 9405L, 9406L, 9407L, 9408L, 9409L, 9410L, 9411L, 
9412L, 9413L, 9414L, 9415L, 9416L, 9417L, 9418L, 9419L, 9420L, 
9421L, 9422L, 9423L, 9424L, 9425L, 9426L, 9427L, 9428L, 9429L, 
9430L, 9431L, 9432L, 9433L, 9434L, 9435L, 9436L, 9437L, 9438L, 
9439L, 9440L, 9441L, 9442L, 9443L, 9444L, 9445L, 9446L, 9447L, 
9448L, 9449L, 9450L, 9451L, 9452L, 9453L, 9454L, 9455L, 9456L, 
9457L, 9458L, 9459L, 9460L, 9461L, 9462L, 9463L, 9464L, 9465L, 
9466L, 9467L, 9468L, 9469L, 9470L, 9471L, 9472L, 9473L, 9474L, 
9475L, 9476L, 9477L, 9478L, 9479L, 9480L, 9481L, 9482L, 9483L, 
9484L, 9485L, 9486L, 9487L, 9488L, 9489L, 9490L, 9491L, 9492L, 
9493L, 9494L, 9495L, 9496L, 9497L, 9498L, 9499L, 9500L, 9501L, 
9502L, 9503L, 9504L, 9505L, 9506L, 9507L, 9508L, 9509L, 9510L, 
9511L, 9512L, 9513L, 9514L, 9515L, 9516L, 9517L, 9518L, 9519L, 
9520L, 9521L, 9522L, 9523L, 9524L, 9525L, 9526L, 9527L, 9528L, 
9529L, 9530L, 9531L, 9532L, 9533L, 9534L, 9535L, 9536L, 9537L, 
9538L, 9539L, 9540L, 9541L, 9542L, 9543L, 9544L, 9545L, 9546L, 
9547L, 9548L, 9549L, 9550L, 9551L, 9552L, 9553L, 9554L, 9555L, 
10487L, 14743L, 14911L, 15070L, 15071L, 15552L, 16081L, 17092L, 
17094L, 17781L, 17975L, 21168L, 21171L, 21172L, 21181L, 21182L, 
21183L, 21262L, 21929L, 22338L, 22340L, 23570L, 23576L, 23834L, 
23836L, 25225L, 25226L, 25227L, 25228L, 25229L, 25543L, 25673L, 
25847L, 25875L, 25983L, 26434L, 26458L, 26751L, 26945L, 26966L, 
27849L, 28338L, 28606L, 28707L, 28848L, 29051L, 29342L, 29343L, 
29993L, 30157L, 30197L, 30265L, 30451L, 30511L, 31038L, 31365L, 
31733L, 32411L, 32898L, 33910L, 33911L, 33912L, 33913L, 33914L, 
33915L, 33916L, 33917L, 33918L)
