`AusCredit`<- list( X = data.frame(
X1=as.logical(c(1,0,0,0,1,0,1,0,1,0,1,1,1,1,1,1,1,0,1,0,0,0,1,1,1,1,1,1,0,1,1,0,1,1,1,1,1,1,0,0,1,1,1,1,1,0,0,1,0,0,1,1,1,1,1,1,1,0,1,1,1,0,1,0,0,1,0,1,1,1,1,0,1,1,1,1,1,1,1,0,1,0,0,1,1,1,0,0,1,1,1,1,1,1,0,1,0,1,0,0,0,1,1,1,1,0,1,1,0,1,1,1,1,0,1,1,0,1,1,1,1,1,0,0,0,1,0,1,0,1,0,0,1,0,1,0,1,1,1,0,1,0,1,1,0,0,1,0,1,0,1,1,1,1,1,1,1,1,1,1,1,0,1,1,1,1,1,0,1,1,0,0,1,1,0,1,0,0,1,1,1,0,1,1,1,1,1,1,0,0,1,1,0,1,1,1,0,1,0,1,0,0,1,0,0,1,1,0,1,1,0,1,1,1,0,0,1,1,1,1,0,1,1,1,1,1,1,1,1,0,0,1,1,1,0,0,0,0,1,1,0,1,1,1,1,0,0,1,1,1,1,1,1,1,0,1,1,1,1,1,1,1,0,0,1,0,1,1,1,1,0,1,1,0,1,1,0,1,1,1,1,1,1,1,1,1,1,1,1,0,1,0,1,1,1,1,0,1,1,1,1,1,1,1,0,1,0,1,0,1,1,0,1,0,1,1,0,0,0,0,1,1,1,1,1,1,1,0,1,1,0,1,1,1,0,1,0,1,0,1,1,1,0,1,1,0,0,0,0,1,0,1,1,1,1,1,1,1,1,1,1,0,0,0,1,0,1,1,0,1,0,1,1,0,1,0,1,1,0,1,1,1,1,1,0,1,0,1,1,0,1,1,0,0,0,1,0,0,1,0,0,1,1,1,1,0,1,0,1,1,1,0,0,1,0,0,0,1,0,0,1,1,1,0,1,1,1,1,0,1,0,1,0,1,1,1,1,1,1,1,1,1,1,1,1,1,1,1,1,0,1,1,0,1,0,1,1,0,1,1,1,0,1,1,0,1,0,1,1,0,1,1,1,1,1,1,1,0,0,1,0,1,1,0,1,1,1,1,1,1,1,1,1,0,1,0,1,0,0,1,1,1,1,1,1,1,0,1,1,1,1,1,1,0,1,0,0,0,1,0,1,0,0,0,1,1,1,0,0,0,1,0,1,1,1,0,1,1,0,1,0,1,1,1,1,1,1,1,0,1,1,1,0,1,0,1,0,1,1,1,0,1,1,1,1,0,0,1,0,1,1,1,0,0,1,0,0,0,0,1,1,1,0,1,1,1,1,0,1,1,1,1,1,1,1,1,1,1,1,1,0,1,1,0,0,0,1,1,0,1,1,1,1,1,1,1,0,0,1,1,1,0,0,1,1,1,0,1,0,1,1,1,0,1,1,1,1,1,1,1,1,0,1,1,1,1,0,1,1,1,1,1,1,1,1,0,1,1,0,1,1,0,1,0,1,1,1,0,0,1,0,1,0,1,0,1,0,1,1,1,1,1,0,0,1,1,1,0,0,1)),
X2=c(22.08,22.67,29.58,21.67,20.17,15.83,17.42,58.67,27.83,55.75,33.5,41.42,20.67,34.92,58.58,48.08,29.58,18.92,20,22.42,28.17,19.17,41.17,41.58,19.5,32.75,22.5,33.17,30.67,23.08,27,20.42,52.33,23.08,42.83,74.83,25,39.58,47.75,47.42,23.17,22.58,26.75,63.33,23.75,20.75,24.5,16.17,29.5,52.83,32.33,21.08,28.17,19,27.58,27.83,40,37.33,42.5,56.75,43.17,23.75,18.5,40.83,24.5,42,19.5,21.5,31.25,27.25,48.75,30.42,29.42,28.25,40.25,36.5,25.58,29.83,23.08,32.17,25.17,35.17,18.58,39.92,23.42,37.58,24.75,47,34.17,22.17,27.75,42.75,28.67,36.25,18.17,21.25,38.92,31.83,17.33,20.42,39.08,38.67,27.67,27.75,19,25,27.67,22.25,49.83,32.33,38.25,47.33,27.83,35.75,33.58,34.08,20.75,33.17,22.75,48.75,40.58,20.67,38.75,57.08,31.25,22,58.33,28.92,46,21,24.75,20.83,24.58,26.5,40.92,38.33,19.58,39.25,25.75,46.08,19.67,22.25,18.83,64.08,16.5,68.67,76.75,15.92,34.83,47.42,23.17,45.17,15.17,18.83,52.5,19.17,18,37.5,22.67,47.83,34.08,33.08,43.08,34.5,42.75,18.25,23.08,22.5,17.92,18.42,27.67,18.92,22.67,62.5,23.5,35.25,56.83,53.33,41.17,42.17,41.17,33.75,25.67,24.33,23.33,30.67,37.17,26.25,29.75,23,17.25,29.25,28.58,34.58,23.42,25,18.75,17.08,16.08,32.92,20.33,21.75,33.17,25.33,24.75,30.83,20.75,40.33,29.42,40.92,29.5,54.42,34,25,26.58,33.08,33.67,36.17,19.5,24.17,30.5,20,25.33,29.58,43.17,28.75,31.57,20.25,45,22.83,20.67,27.83,40.92,56.42,64.08,22.42,24.33,69.5,35.58,48.33,28.08,35.17,49.5,80.25,29.25,16.92,16,60.08,28,41.5,24.08,24.5,34.75,33.67,40.83,20.42,37.5,48.5,23,35,16.33,22.67,21.75,25.08,36.33,28.58,22.17,34.17,35,28.58,19.17,23.25,16.5,20.08,22.33,34,57.08,16.25,32.83,48.25,34.17,18.33,44.25,38.92,31.58,25.08,65.42,41.33,31.25,36.75,32.33,31.92,24.83,21.92,34.25,51.83,31.57,38.42,39.17,18.17,39,20,32.75,18.58,15.83,39.33,19.58,21.33,22.67,25.67,21.08,49,20.67,19.67,21.83,26.83,38.58,50.08,15.75,24.5,21,22.08,54.58,18.08,36.67,38.17,21.83,51.92,22.17,52.42,60.92,20.17,23.25,36.17,42.25,23.58,36,39.58,18.83,27.25,32.42,19.42,22.58,39.92,22.67,23.42,30,40.33,36.75,31,25.17,27.42,31.57,34.08,22.08,31.08,31.57,16,27.25,25.17,67.75,18.83,27.25,19.58,30.75,50.25,31.08,51.58,36.58,33.58,20.83,36.17,50.75,23.58,35.17,58.42,28.25,31.57,31.75,19.42,39.08,17.08,44.83,16.25,41.17,28.92,26.17,38.58,25.17,28.17,73.42,22.5,27.17,19.17,25.58,31.57,22.5,22.92,23.25,29.5,32,27,19.33,35.75,18.83,28.75,34.42,33.25,53.92,25.25,32.42,21.08,56.5,32.25,20.5,30.25,24.58,23.17,31.57,32.33,23.92,36.75,29.83,24.08,21.17,31.42,22.83,37.5,24.83,36.33,47.25,32.08,30.58,27.83,54.83,16.08,24.58,32.67,30.17,22.25,41.75,36.67,25.83,29.92,20.08,19.67,51.42,62.75,40.58,16.33,29.5,34,71.58,42,22.5,24.42,44.33,23,34.42,23.08,25.92,17.58,20.42,31.67,57.58,59.67,65.17,30.08,48.58,23.58,20.17,48.17,23.25,32.25,33.58,23.58,16.92,20.83,60.58,31.57,25,21.5,20.42,25.25,42.83,26.67,57.83,55.92,51.33,39.83,27.58,30.17,51.83,25,29.67,33.67,25.75,28.67,18.08,20.42,17.5,18.08,47.67,57.42,13.75,19.33,21.92,17.58,34.83,29.17,21.42,18.17,28,45.83,22.75,31.57,20.42,21.25,26.67,27.33,42.08,18.25,28.5,21.5,21.83,21.92,32.67,45.33,23.58,17.92,33,22.67,34.67,29.67,31.83,20.67,33.75,22.08,35.42,31.92,22.67,26.67,44,30.17,37.75,17.08,49.17,22.92,34.83,44.25,59.5,25.5,41.58,49.58,33.92,19.17,24.5,23.33,69.17,47.67,33.25,43.25,23,34.75,56.58,44.17,44.33,34.25,45,30.58,27.67,19.42,41.33,23.5,31.67,17.83,33.17,52.5,25.42,40.58,23.92,56,28.5,32.08,21.17,34.17,43.25,38.25,37.42,29.83,37.33,31.33,36.08,20.5,47.17,22,20.5,34.92,24.08,37.33,20.75,36.67,22.58,26.92,46.67,52.17,39.17,39.17,27.67,19.17,39.5,36.42,26.17,39.42,41.92,21.33,20.08,27.58,21.58,28.25,26.92,18.42,23.25,23.58,28.33,25.67,28.58,22.92,24.5,24.75,32,48.08,28.42,25.42,18.58,21.67,24.58,16.33,26.75,48.17,23.5,41,35.17,23.75,18.67,30.33,19.75,26.17,28.75,28.67,26,23.5,26.33,54.33,31.57,25.25,33.17,39.5,17.67,23.92,26.67,22.5,39.92,26.08,20,31.57,26.75,24.92,32.25,17.67,37.75,22.67,17.92,24.42,25.75,26.17,22.75,23,25.67,48.58,21.17,35.25,22.92,48.17,43,31.57,20.67,18.83,27.42,41),