`diabetes`<- list( X = data.frame(
no.pregnant=c(6,1,8,1,0,5,3,10,2,8,4,10,10,1,5,7,0,7,1,1,3,8,7,9,11,10,7,1,13,5,5,3,3,6,10,4,11,9,2,4,3,7,7,9,7,0,1,2,7,7,1,1,5,8,7,1,7,0,0,0,2,8,5,2,7,5,0,2,1,4,2,5,13,4,1,1,7,5,0,2,3,2,7,0,5,2,13,2,15,1,1,4,7,4,2,6,2,1,6,1,1,1,0,1,2,1,1,4,3,0,3,8,1,4,7,4,5,5,4,4,0,6,2,5,0,1,3,1,1,0,4,9,3,8,2,2,0,0,0,5,3,5,2,10,4,0,9,2,5,2,1,4,9,1,8,7,2,1,2,17,4,7,0,2,0,6,3,4,4,3,6,6,2,1,2,8,6,0,5,5,6,0,1,5,4,7,8,1,8,5,3,9,7,11,8,5,1,3,4,4,0,1,0,2,6,5,8,5,1,7,2,0,7,0,9,12,5,6,5,5,0,2,7,7,1,1,0,3,4,0,4,6,1,4,3,4,7,0,9,0,1,4,3,6,2,9,10,0,9,1,9,2,2,0,12,1,3,2,1,11,3,3,4,3,4,5,0,2,0,2,10,2,3,1,13,2,7,0,5,2,0,10,7,7,2,7,5,1,4,5,0,0,2,1,0,6,2,0,14,8,0,2,5,5,3,2,10,0,0,2,6,0,2,3,7,2,3,3,3,6,4,3,0,13,2,1,1,10,2,6,8,2,1,12,1,0,0,5,9,7,1,1,1,5,8,8,1,3,3,5,4,4,3,1,3,9,1,13,12,1,5,5,5,4,4,5,6,0,3,1,3,0,0,2,2,12,0,1,4,0,1,0,1,1,1,1,5,8,5,3,1,5,1,4,4,2,3,0,3,3,4,6,5,9,5,2,4,0,8,1,6,1,1,1,0,3,1,4,1,3,1,2,0,2,8,4,0,1,0,1,2,3,1,2,1,0,12,5,1,6,0,2,4,8,4,0,1,0,0,0,1,2,0,2,2,14,1,5,10,9,9,1,8,5,10,0,0,0,8,6,1,0,0,7,4,0,2,7,8,4,3,0,4,0,0,0,1,0,4,8,2,2,4,4,3,6,5,2,7,6,2,3,6,7,3,10,0,1,2,8,12,0,9,2,3,3,9,7,13,6,2,3,6,9,3,3,1,3,0,0,2,0,1,6,1,4,0,0,0,3,8,3,10,4,1,8,5,4,1,4,1,3,6,1,1,7,1,8,11,11,6,0,1,6,0,2,1,6,4,0,3,2,3,2,1,1,6,2,10,2,0,6,12,8,8,1,8,6,3,0,11,2,3,2,6,0,0,1,1,1,1,6,1,7,4,1,1,1,0,1,3,3,7,6,11,3,6,2,9,0,2,2,6,0,2,4,0,0,5,4,7,0,2,1,10,13,5,2,7,1,0,4,6,4,3,2,1,0,11,0,1,1,5,2,1,2,2,1,11,3,10,1,8,9,6,1,4,10,6,9,6,1,10,3,8,6,9,0,3,2,2,0,0,4,5,2,3,1,1,1,8,13,2,7,2,7,3,0,4,4,2,6,1,2,4,6,10,2,9,2,3,5,10,0,3,7,3,10,1,5,4,1,1,5,1,4,1,0,2,2,3,8,2,2,2,4,0,8,2,1,11,3,1,9,13,12,1,1,3,6,4,1,3,0,8,1,7,0,1,6,2,9,9,10,2,5,1,1),
glucose=c(148,85,183,89,137,116,78,115,197,125,110,168,139,189,166,100,118,107,103,115,126,99,196,119,143,125,147,97,145,117,109,158,88,92,122,103,138,102,90,111,180,133,106,171,159,180,146,71,103,105,103,101,88,176,150,73,187,100,146,105,84,133,44,141,114,99,109,109,95,146,100,139,126,129,79,0,62,95,131,112,113,74,83,101,137,110,106,100,136,107,80,123,81,134,142,144,92,71,93,122,163,151,125,81,85,126,96,144,83,95,171,155,89,76,160,146,124,78,97,99,162,111,107,132,113,88,120,118,117,105,173,122,170,84,96,125,100,93,129,105,128,106,108,108,154,102,57,106,147,90,136,114,156,153,188,152,99,109,88,163,151,102,114,100,131,104,148,120,110,111,102,134,87,79,75,179,85,129,143,130,87,119,0,73,141,194,181,128,109,139,111,123,159,135,85,158,105,107,109,148,113,138,108,99,103,111,196,162,96,184,81,147,179,140,112,151,109,125,85,112,177,158,119,142,100,87,101,162,197,117,142,134,79,122,74,171,181,179,164,104,91,91,139,119,146,184,122,165,124,111,106,129,90,86,92,113,111,114,193,155,191,141,95,142,123,96,138,128,102,146,101,108,122,71,106,100,106,104,114,108,146,129,133,161,108,136,155,119,96,108,78,107,128,128,161,151,146,126,100,112,167,144,77,115,150,120,161,137,128,124,80,106,155,113,109,112,99,182,115,194,129,112,124,152,112,157,122,179,102,105,118,87,180,106,95,165,117,115,152,178,130,95,0,122,95,126,139,116,99,0,92,137,61,90,90,165,125,129,88,196,189,158,103,146,147,99,124,101,81,133,173,118,84,105,122,140,98,87,156,93,107,105,109,90,125,119,116,105,144,100,100,166,131,116,158,127,96,131,82,193,95,137,136,72,168,123,115,101,197,172,102,112,143,143,138,173,97,144,83,129,119,94,102,115,151,184,94,181,135,95,99,89,80,139,90,141,140,147,97,107,189,83,117,108,117,180,100,95,104,120,82,134,91,119,100,175,135,86,148,134,120,71,74,88,115,124,74,97,120,154,144,137,119,136,114,137,105,114,126,132,158,123,85,84,145,135,139,173,99,194,83,89,99,125,80,166,110,81,195,154,117,84,0,94,96,75,180,130,84,120,84,139,91,91,99,163,145,125,76,129,68,124,114,130,125,87,97,116,117,111,122,107,86,91,77,132,105,57,127,129,100,128,90,84,88,186,187,131,164,189,116,84,114,88,84,124,97,110,103,85,125,198,87,99,91,95,99,92,154,121,78,130,111,98,143,119,108,118,133,197,151,109,121,100,124,93,143,103,176,73,111,112,132,82,123,188,67,89,173,109,108,96,124,150,183,124,181,92,152,111,106,174,168,105,138,106,117,68,112,119,112,92,183,94,108,90,125,132,128,94,114,102,111,128,92,104,104,94,97,100,102,128,147,90,103,157,167,179,136,107,91,117,123,120,106,155,101,120,127,80,162,199,167,145,115,112,145,111,98,154,165,99,68,123,91,195,156,93,121,101,56,162,95,125,136,129,130,107,140,144,107,158,121,129,90,142,169,99,127,118,122,125,168,129,110,80,115,127,164,93,158,126,129,134,102,187,173,94,108,97,83,114,149,117,111,112,116,141,175,92,130,120,174,106,105,95,126,65,99,102,120,102,109,140,153,100,147,81,187,162,136,121,108,181,154,128,137,123,106,190,88,170,89,101,122,121,126,93),
blood.press=c(72,66,64,66,40,74,50,0,70,96,92,74,80,60,72,0,84,74,30,70,88,84,90,80,94,70,76,66,82,92,75,76,58,92,78,60,76,76,68,72,64,84,92,110,64,66,56,70,66,0,80,50,66,90,66,50,68,88,82,64,0,72,62,58,66,74,88,92,66,85,66,64,90,86,75,48,78,72,0,66,44,0,78,65,108,74,72,68,70,68,55,80,78,72,82,72,62,48,50,90,72,60,96,72,65,56,122,58,58,85,72,62,76,62,54,92,74,48,60,76,76,64,74,80,76,30,70,58,88,84,70,56,64,74,68,60,70,60,80,72,78,82,52,66,62,75,80,64,78,70,74,65,86,82,78,88,52,56,74,72,90,74,80,64,88,74,66,68,66,90,82,70,0,60,64,72,78,110,78,82,80,64,74,60,74,68,68,98,76,80,62,70,66,0,55,84,58,62,64,60,80,82,68,70,72,72,76,104,64,84,60,85,95,65,82,70,62,68,74,66,60,90,0,60,66,78,76,52,70,80,86,80,80,68,68,72,84,90,84,76,64,70,54,50,76,85,68,90,70,86,52,84,80,68,62,64,56,68,50,76,68,0,70,80,62,74,0,64,52,0,86,62,78,78,70,70,60,64,74,62,70,76,88,86,80,74,84,86,56,72,88,62,78,48,50,62,70,84,78,72,0,58,82,98,76,76,68,68,68,68,66,70,74,50,80,68,80,74,66,78,60,74,70,90,75,72,64,70,86,70,72,58,0,80,60,76,0,76,78,84,70,74,68,86,72,88,46,0,62,80,80,84,82,62,78,88,50,0,74,76,64,70,108,78,74,54,72,64,86,102,82,64,64,58,52,82,82,60,75,100,72,68,60,62,70,54,74,100,82,68,66,76,64,72,78,58,56,66,70,70,64,61,84,78,64,48,72,62,74,68,90,72,84,74,60,84,68,82,68,64,88,68,64,64,78,78,0,64,94,82,0,74,74,75,68,0,85,75,70,88,104,66,64,70,62,78,72,80,64,74,64,70,68,0,54,62,54,68,84,74,72,62,70,78,98,56,52,64,0,78,82,70,66,90,64,84,80,76,74,86,70,88,58,82,0,68,62,78,72,80,65,90,68,70,0,74,68,72,70,74,90,72,68,64,78,82,90,60,50,78,72,62,68,62,54,70,88,86,60,90,70,80,0,70,58,60,64,74,66,65,60,76,66,0,56,0,90,60,80,92,74,72,85,90,78,90,76,68,82,110,70,68,88,62,64,70,70,76,68,74,76,66,68,60,80,54,72,62,72,66,70,96,58,60,86,44,44,80,68,70,90,60,78,76,76,56,66,66,86,0,84,78,80,52,72,82,76,24,74,38,88,0,74,78,0,60,78,62,82,62,54,58,88,80,74,72,96,62,82,0,86,76,94,70,64,88,68,78,80,65,64,78,60,82,62,72,74,76,76,74,86,70,80,0,72,74,74,50,84,60,54,60,74,54,70,52,58,80,106,82,84,76,106,80,60,80,82,70,58,78,68,58,106,100,82,70,86,60,52,58,56,76,64,80,82,74,64,50,74,82,80,114,70,68,60,90,74,0,88,70,76,78,88,0,76,80,0,46,78,64,64,78,62,58,74,50,78,72,60,76,86,66,68,86,94,78,78,84,88,52,78,86,88,56,75,60,86,72,60,74,80,44,58,94,88,84,94,74,70,62,70,78,62,88,78,88,90,72,76,92,58,74,62,76,70,72,60,70),