`voting` <- list( X = data.frame(
X1=as.logical(c(0,0,0,0,1,0,0,0,0,1,0,0,0,1,0,0,1,1,0,1,1,1,1,1,1,1,1,1,1,1,0,1,1,0,1,0,1,1,0,1,1,1,1,1,1,1,1,1,1,0,1,0,1,1,1,0,0,0,0,0,1,0,1,1,1,1,0,0,1,1,1,1,1,1,1,0,0,0,1,0,1,1,0,0,0,0,0,0,0,0,1,1,1,1,1,1,0,1,1,0,1,1,1,1,0,1,0,0,1,1,0,0,0,0,1,0,1,1,0,0,0,0,0,1,0,0,0,0,0,0,1,0,0,0,0,0,0,0,0,1,0,0,0,0,0,0,0,0,0,0,1,1,0,0,0,1,1,0,0,0,0,0,0,0,1,0,1,1,0,1,1,0,0,0,1,0,0,0,0,1,0,0,1,0,0,1,0,1,1,1,0,0,0,0,0,0,0,0,0,1,0,1,1,1,0,0,0,1,0,1,0,0,0,0,1,0,1,0,1,0,0,0,1,0,0,0,0,1,0,0,0,0,0,0,0,0,0,1,1,0,0,1,0,0,1,1,0,0,1,0,0,1,0,1,1,0,0,0,1,1,1,1,1,1,1,0,1,1,1,1,0,1,0,1,0,0,0,0,0,0,1,1,0,0,0,0,1,1,1,1,1,1,1,0,0,0,1,0,0,0,0,0,0,0,0,0,1,0,1,0,0,1,0,0,0,0,1,0,1,0,1,1,1,0,0,1,0,1,1,0,1,1,0,0,0,0,1,1,1,0,0,0,0,0,0,0,1,1,0,0,0,0,0,0,1,0,0,1,0,1,1,1,1,1,0,1,1,0,0,1,1,0,0,0,0,1,0,0,0,1,1,1,1,1,1,0,1,0,1,0,1,1,0,1,1,1,1,0,0,0,0,0,0,1,0,1,0,1,0,0,1,0,1,1,0,1,1,1,1,1,0,0,0,0,0,1,0,0,1,0,0,0,0,0)),
X2=as.logical(c(1,1,1,1,1,1,1,1,1,1,1,1,1,1,1,1,0,0,1,1,1,1,0,1,0,0,0,1,0,1,1,1,1,1,1,1,0,1,1,0,1,1,0,0,1,1,1,0,1,0,1,1,1,1,1,1,1,1,1,1,1,1,1,1,1,1,1,1,0,1,0,1,1,0,0,1,1,1,1,0,0,0,0,0,0,0,0,0,1,0,0,0,1,0,0,0,0,0,1,0,0,0,0,0,0,1,1,0,0,0,0,0,0,0,0,0,0,1,1,0,0,0,0,0,0,0,0,0,0,0,0,0,0,0,0,0,1,0,0,0,0,0,0,1,0,0,1,0,1,0,1,1,1,0,1,1,1,1,1,1,1,0,1,1,1,1,0,0,0,0,0,0,1,0,0,1,0,0,0,0,0,0,0,0,0,0,1,0,0,0,0,1,0,0,0,0,0,0,0,1,0,1,0,0,0,0,0,0,0,1,0,1,0,1,1,1,1,1,0,1,0,1,0,0,1,0,0,0,1,1,1,1,1,1,0,0,0,0,1,0,0,0,0,1,0,0,0,1,0,1,1,1,1,0,0,0,0,0,0,0,0,0,0,0,0,0,0,0,0,1,1,0,0,0,0,0,0,0,0,0,0,0,0,0,0,0,1,1,1,0,0,0,1,1,1,0,1,1,1,0,0,0,0,1,0,0,0,0,0,0,0,1,1,1,1,0,0,0,0,1,1,1,1,1,1,1,1,1,0,1,0,0,0,1,0,0,0,0,0,0,0,1,0,0,0,0,0,0,1,1,0,1,0,1,0,0,0,1,0,0,0,1,1,1,1,0,1,1,1,1,1,1,1,1,1,0,1,0,0,1,1,1,1,1,1,0,1,1,0,0,1,1,0,1,1,1,1,1,1,1,1,0,1,1,0,0,0,0,0,0,0,0,1,1,1,1,1,1,1,1,1,0,1,1,0,0,0,0,0,0,0,0,0,1)),
X3=as.logical(c(0,0,1,1,1,1,0,0,0,1,0,0,1,1,0,0,1,1,0,1,1,1,1,1,1,1,1,1,0,1,0,1,1,0,1,0,0,0,0,1,1,1,1,1,1,1,1,1,1,0,1,0,1,0,1,0,0,0,0,0,1,0,1,1,1,0,0,0,1,1,1,1,1,1,1,1,1,1,1,0,1,1,0,0,0,1,0,0,1,0,1,1,1,1,1,1,0,0,1,0,0,1,1,0,0,1,0,0,1,1,1,0,1,0,1,1,1,1,1,0,0,0,0,0,1,0,0,1,1,1,1,1,0,0,0,0,0,1,1,1,0,0,0,0,0,1,0,0,0,1,0,0,1,1,0,0,0,1,0,1,0,0,1,0,0,1,1,1,1,1,1,0,1,0,1,1,1,1,1,1,1,1,1,0,1,1,1,1,0,1,0,0,0,1,1,0,1,1,1,0,1,1,1,1,1,1,0,0,1,1,1,0,1,1,0,1,1,0,1,1,1,1,1,0,0,0,1,1,0,1,0,0,1,0,1,0,1,1,1,0,0,1,0,1,1,1,1,0,1,0,0,1,0,1,1,0,0,1,1,1,1,1,1,1,1,0,0,1,1,1,1,1,0,0,1,0,1,0,0,1,1,0,0,1,1,1,1,1,1,1,1,1,1,1,0,1,1,0,1,0,0,0,0,0,0,0,1,0,0,0,1,1,1,0,1,0,0,1,1,1,1,1,1,0,0,0,0,1,1,0,1,1,1,1,0,1,1,1,0,0,1,1,0,1,0,0,0,1,1,0,1,0,1,1,1,0,0,1,0,1,1,1,0,0,0,1,1,1,0,1,1,1,1,0,0,1,0,0,0,1,1,0,1,1,0,1,1,1,1,0,0,0,0,0,1,1,0,1,0,0,0,1,0,0,0,1,0,1,0,0,1,0,1,1,1,0,1,1,1,1,1,1,1,1,1,1,0,0,1,1,1,0,0,0)),
X4=as.logical(c(1,1,0,0,0,0,1,1,1,0,1,1,0,0,1,1,0,0,1,0,0,0,0,0,0,0,0,0,1,0,1,0,0,1,0,1,1,1,1,0,0,0,0,0,0,0,0,0,0,1,0,1,0,1,0,1,1,1,1,1,0,1,0,0,0,1,1,1,0,0,0,1,0,1,0,1,0,1,0,1,0,0,1,1,1,0,1,1,0,1,0,0,0,0,0,0,0,0,0,1,0,0,0,0,0,0,1,0,0,0,0,1,0,1,0,0,0,1,0,1,1,1,1,1,0,1,1,0,0,0,0,0,1,1,1,1,1,0,0,0,1,1,1,0,0,0,1,0,1,0,1,1,0,0,1,1,1,0,1,0,0,0,0,1,0,0,1,1,1,0,0,1,0,0,0,0,1,0,0,0,0,0,0,0,0,0,0,0,1,0,1,1,0,0,0,1,0,1,0,0,0,0,0,0,1,0,1,1,0,0,0,1,0,0,1,1,0,1,0,0,0,0,0,1,1,1,0,0,1,1,1,1,0,1,0,1,0,0,0,1,1,0,0,0,0,0,0,1,0,1,1,0,1,0,0,1,1,0,0,0,0,0,0,0,0,1,0,0,0,0,0,0,1,1,0,1,1,1,1,0,1,1,1,0,0,0,0,0,0,0,0,0,0,0,1,1,0,0,0,1,0,1,1,1,1,1,0,1,0,1,0,0,1,1,1,0,0,0,0,0,0,0,0,1,0,1,1,0,0,1,0,0,0,0,1,0,0,0,1,1,0,0,1,0,1,1,1,0,1,0,1,1,1,0,1,1,1,0,1,0,0,0,1,1,0,0,0,0,1,0,0,1,0,1,1,0,1,1,1,0,0,1,0,1,0,0,0,1,0,0,0,1,0,0,0,0,0,0,1,1,1,1,1,1,1,0,1,0,1,1,0,1,1,0,0,1,0,0,0,1,0,0,0,0,0,0,1,0,0,1,0,1,1,1)),
X5=as.logical(c(1,1,1,0,1,1,1,1,1,0,1,1,0,0,1,1,0,0,1,0,0,0,0,0,0,0,0,0,1,0,1,0,0,1,0,1,1,1,1,0,0,0,0,0,0,0,0,0,0,1,0,1,0,1,0,1,1,1,1,1,0,1,0,0,0,1,1,1,0,0,0,0,0,1,0,1,1,1,1,1,0,0,1,1,1,1,1,1,1,1,0,0,0,0,1,1,1,1,0,1,1,1,1,1,0,0,1,0,0,0,0,1,0,1,0,0,0,1,0,1,1,1,1,1,0,1,1,0,0,0,0,0,1,1,1,1,1,0,0,0,0,1,1,0,0,0,1,0,1,0,1,1,0,0,1,1,1,0,1,0,1,1,1,1,1,0,1,1,1,0,0,1,0,1,0,0,0,0,0,0,0,0,0,0,0,0,0,0,1,0,1,1,0,0,0,1,0,1,0,0,0,0,0,0,1,0,1,1,0,0,0,1,0,0,1,1,1,1,0,0,0,1,0,1,1,1,0,0,1,1,1,1,0,1,0,1,0,0,0,1,0,0,1,0,0,0,1,1,0,1,1,0,1,0,0,1,1,0,0,0,0,0,0,0,0,1,0,0,0,0,0,0,1,1,1,1,1,1,1,0,1,1,1,0,0,0,0,1,1,0,0,0,0,0,1,1,0,0,0,1,0,1,1,1,1,1,0,1,0,1,0,0,1,1,1,0,0,0,0,0,0,0,1,1,1,0,1,0,0,1,0,0,0,0,1,0,0,0,1,1,0,1,1,0,1,1,1,0,1,0,1,0,1,0,0,1,1,0,1,0,1,0,1,1,1,0,1,0,1,0,0,1,1,1,1,0,1,1,1,0,1,1,1,1,1,1,1,1,0,0,0,1,0,0,0,1,1,1,0,1,1,0,1,1,1,1,1,0,1,1,0,1,1,0,0,1,0,0,0,1,1,0,0,0,0,0,1,0,0,1,0,1,1,1)),
X6=as.logical(c(1,1,1,1,1,1,1,1,1,0,0,1,0,1,1,1,1,0,1,0,0,0,0,0,0,0,0,0,0,0,1,0,0,1,0,1,1,1,1,0,0,0,0,0,0,0,0,0,0,1,0,1,0,1,1,1,1,1,1,1,0,1,0,0,0,1,1,1,0,0,0,0,0,0,1,1,1,1,1,0,1,0,1,1,1,1,1,1,1,1,0,0,0,0,1,1,1,1,1,1,1,1,1,1,1,0,1,0,0,0,0,1,1,1,0,0,0,0,0,1,1,1,1,1,0,1,1,0,1,0,0,1,1,1,1,1,1,1,1,1,0,1,1,0,1,1,1,0,1,0,1,1,1,1,1,1,1,1,1,1,1,1,1,1,1,1,1,1,1,0,0,1,0,1,0,0,0,0,0,0,0,0,0,0,0,0,0,0,1,0,1,1,1,0,1,1,1,1,0,0,0,0,1,0,1,1,1,1,0,0,1,1,0,1,1,1,1,1,0,0,0,1,0,0,1,1,1,0,1,1,1,1,0,1,1,1,0,1,0,1,1,0,1,0,0,0,0,1,0,1,1,1,1,0,0,0,0,0,0,0,0,0,0,0,0,1,0,0,0,0,1,0,0,0,1,1,1,1,1,0,1,1,1,1,1,1,1,1,1,1,1,1,1,1,1,1,1,0,1,0,1,1,1,1,1,1,1,1,1,1,1,0,1,1,1,1,0,0,0,1,0,1,1,1,1,0,1,0,1,1,0,0,0,1,1,1,0,0,1,1,1,0,0,0,1,1,1,0,1,1,1,1,1,1,0,1,1,1,1,1,1,1,1,1,1,0,1,1,1,1,0,1,1,1,1,0,1,1,1,1,1,1,1,1,1,1,1,1,0,1,0,1,1,1,0,1,0,1,1,1,1,1,1,1,1,1,1,1,1,1,1,1,1,0,1,1,0,0,0,1,1,1,1,0,0,0,1,0,0,1,0,1,1,1)),
X7=as.logical(c(0,0,0,0,0,0,0,0,0,1,0,0,1,1,0,0,0,1,0,1,1,1,1,1,1,1,1,1,1,1,0,1,1,0,1,0,0,0,0,1,1,1,1,1,1,1,1,1,1,0,1,0,1,0,0,0,0,0,0,0,1,0,1,1,1,1,1,0,1,1,1,1,1,1,1,0,0,0,0,0,1,1,0,0,0,0,0,0,1,0,1,1,1,1,0,0,0,1,1,0,0,1,1,0,1,0,0,0,1,1,1,0,1,0,1,1,1,1,0,0,0,0,0,0,1,0,0,1,0,1,1,0,0,0,0,0,0,1,1,1,1,1,1,1,1,1,0,1,0,1,0,0,0,1,0,0,1,0,0,1,0,1,1,1,0,1,1,1,0,1,0,0,1,0,1,1,1,1,1,1,1,1,1,0,1,1,1,1,1,1,0,0,1,1,1,0,1,0,1,1,1,1,1,1,1,1,0,1,1,1,1,0,1,0,0,0,0,0,1,0,1,0,1,0,0,0,1,1,0,1,0,0,1,0,1,0,1,1,1,1,1,1,1,1,0,1,1,0,1,0,0,1,0,1,1,0,0,1,1,1,1,1,1,1,1,0,1,1,1,1,1,1,1,1,0,0,1,0,0,1,1,0,0,1,1,0,1,0,0,0,1,1,1,1,0,0,1,1,1,1,1,1,0,0,0,0,1,0,1,0,1,1,0,1,1,0,1,1,1,0,1,0,0,0,0,1,0,1,1,0,1,1,1,1,0,1,1,1,0,0,1,1,1,1,1,0,0,1,1,1,1,1,1,1,0,0,0,1,0,1,1,1,0,0,0,1,1,1,0,1,1,0,0,0,0,1,0,0,0,0,1,0,0,0,0,0,0,0,1,0,0,0,0,0,0,0,0,0,0,0,0,1,0,0,0,0,0,1,0,0,1,0,1,1,1,0,1,1,1,1,1,1,1,1,1,1,1,1,1,0,1,0,0,0)),
X8=as.logical(c(0,0,0,0,0,0,0,0,0,1,0,0,1,1,0,0,1,1,0,1,1,1,1,1,1,1,1,1,1,1,0,1,1,0,1,0,0,0,0,1,1,1,1,1,1,1,1,1,1,0,1,0,1,0,1,0,0,0,0,0,1,0,1,1,1,0,0,0,1,1,1,1,1,0,1,0,0,1,0,0,1,1,0,0,0,0,0,0,0,0,1,1,1,0,0,0,0,0,1,0,0,0,0,0,1,1,0,0,1,1,1,0,1,0,1,1,1,0,1,0,0,0,0,1,1,0,0,1,1,1,1,1,0,0,0,0,0,1,1,1,1,1,1,1,1,1,0,1,0,1,0,0,1,1,0,0,0,1,0,1,0,0,0,0,0,1,1,1,0,1,1,0,1,0,1,1,1,1,1,1,1,1,1,0,1,1,1,1,1,1,0,0,1,1,0,0,1,0,1,1,1,1,1,1,0,1,0,0,1,1,1,0,1,1,0,0,0,0,1,1,1,0,1,0,0,0,1,1,0,0,0,0,1,0,1,0,1,1,1,0,0,1,0,1,1,1,1,0,1,0,0,1,0,1,1,0,0,1,1,1,1,1,1,1,1,0,1,1,1,1,1,1,1,0,0,0,1,0,0,1,1,0,0,1,1,1,1,1,1,1,1,1,1,1,0,0,1,1,1,1,1,0,0,0,0,0,1,0,1,0,1,1,0,1,0,1,1,1,1,1,1,0,1,0,0,1,0,1,1,0,1,1,1,1,0,1,1,1,0,0,1,0,0,1,0,0,0,1,1,0,1,1,0,1,1,0,0,1,0,1,0,1,0,0,0,1,1,1,0,1,1,0,1,0,0,1,0,0,0,1,1,0,1,0,0,1,1,0,1,0,1,0,1,0,1,1,0,1,0,0,0,1,0,0,0,0,0,1,0,0,1,0,1,1,1,0,1,1,1,1,1,1,1,1,1,1,1,1,1,0,1,0,0,0)),