.Random.seed <-
c(403L, 467L, 814895715L, 1724743699L, 465607475L, 1282701343L, 
-1885946243L, -1564553085L, 1472588041L, -1372613998L, -526184177L, 
-1523104450L, -709520041L, 1193651513L, 2055916663L, 756418487L, 
1040371004L, 1390202423L, -1020603870L, 1733875340L, 300270091L, 
-398937679L, -201235334L, 265743607L, -1865774129L, 1249796277L, 
-2147284118L, 510126483L, 404487224L, 1647037311L, -199296644L, 
641345832L, -653386411L, 1519735121L, 886768791L, 1023922035L, 
-218450604L, -508380627L, 1689251726L, -1932494463L, -1284384438L, 
574381181L, -1780188414L, -521540454L, 959955317L, -1471460573L, 
146715600L, -1344326645L, -1902578713L, -1262849416L, 649144312L, 
-83994802L, -1807311438L, -151542730L, -1194716788L, -412671482L, 
684214505L, 342221188L, 190768351L, -1845768170L, 979427780L, 
-915579239L, 1839908343L, -2050750408L, -752442325L, 1707074124L, 
1826965807L, 1404347724L, 272945527L, 201443304L, -978372999L, 
1413772785L, -135920655L, -864504301L, -1834419633L, -336896933L, 
-783382000L, 1718074379L, -1224826203L, -334642510L, 1199814531L, 
1011812649L, 1240760820L, -1426952452L, 132704084L, -1481104859L, 
1989689626L, 389855423L, 1868368512L, -373036023L, 1420764139L, 
811384557L, 1796685636L, 2083303249L, -1636610781L, 1243120822L, 
-707361999L, -193256583L, -1503096116L, -352693147L, -870584118L, 
1481501065L, -1409064029L, 1392448524L, 441941136L, -211891311L, 
-1754372127L, 1352990376L, -1262638417L, -451416063L, -1085008247L, 
549008571L, -1186945573L, -1172154353L, -1000597504L, 721992239L, 
-22433190L, 1839100249L, -2259978L, -142959568L, -1787807254L, 
1673076857L, 1772724125L, 1033711513L, 1000387977L, 812745185L, 
1654723562L, 631028422L, -805734379L, 525640289L, -124420737L, 
-108278234L, 292572914L, 465577405L, -604103797L, -761642368L, 
-735616675L, -581823721L, 1310749508L, 747602017L, 791135265L, 
670150125L, 857231098L, 1955698606L, 338758158L, -2021016529L, 
553782517L, 530272749L, 1872050196L, -412244841L, 1668959091L, 
-632889121L, 1705499374L, -539426233L, 1656896327L, -1838125944L, 
943322622L, 2052899423L, 773925703L, 484003249L, -44465722L, 
-1443103388L, -901863673L, 771385616L, 283737192L, 1119403118L, 
-1446579450L, 1841850160L, 1163097845L, -664299042L, 756864811L, 
-934703927L, 1156541284L, -965246602L, -1725145601L, -464022167L, 
-1715280887L, -644500673L, -1778635563L, 1291096559L, -514193982L, 
839414360L, -877733483L, -2076375577L, -309687346L, 2117215115L, 
478354984L, -763484593L, -1268020019L, -2141020891L, -945213909L, 
969774971L, -1484961988L, -113927337L, -369059546L, -905202427L, 
622569182L, 1023389034L, 1739427013L, -223608716L, 492076158L, 
1854173206L, -1336943195L, 626487442L, -1448023219L, -552222262L, 
-562501480L, 2122503972L, 258409390L, 1985108688L, -979965364L, 
287882717L, -1703864037L, -155618306L, -160417444L, -234028738L, 
-457536310L, -2063217980L, -700234731L, -1586826978L, 1061886927L, 
-1863381525L, 152023734L, 92627967L, 1213904747L, 2072766414L, 
-878404567L, 1554157596L, 576301298L, 1681180871L, -2032860039L, 
-1289923671L, -41620654L, -66464843L, -39209919L, -1509447643L, 
-1230184557L, 433884994L, -1504864067L, 2126266973L, -1627084327L, 
416943873L, -167859180L, 114407554L, -914465987L, -2138339402L, 
-522234157L, -1577037271L, 935227826L, 1643210769L, 1388925008L, 
-267232510L, 1147022420L, 1881460820L, 1970243133L, 1879481370L, 
-816219981L, 5933633L, -1319005952L, -675452964L, 1430016933L, 
-1531778242L, 1488992895L, -1076774250L, 1010948585L, -451791946L, 
-141221709L, 592283022L, -969553507L, -1533536249L, -1532114680L, 
496469247L, -926498246L, 655574181L, 1460176090L, -149862630L, 
-133863012L, 727221185L, 1227896513L, -1908176091L, 1426709901L, 
-385202550L, -240401901L, 317463627L, 1148473963L, -936258873L, 
-1399786997L, 2063406768L, -729789606L, -472187787L, 1139723395L, 
130189252L, 508603079L, 1916737523L, 1056156192L, 1918875561L, 
1926846279L, 1904621239L, 1421268975L, 439347924L, 124512272L, 
-557530960L, -507873362L, -917496928L, -266647442L, 338241825L, 
-717289972L, 481640369L, -173436594L, 383071005L, 1922134721L, 
1191358635L, 96019518L, 511603083L, 1292264251L, -1776547956L, 
1399398269L, -1828055956L, -1869817174L, -1193653741L, 823550902L, 
-1577459888L, 994320423L, -96788036L, -923529974L, -902369806L, 
-883272968L, -358467854L, -2094247520L, 1058495431L, -292551674L, 
-1551491837L, 1512848932L, 1771950838L, -785781063L, 1721381945L, 
-1255878784L, 444357515L, 1112098123L, 1249496587L, 212026378L, 
1705899646L, 1116675593L, 575295902L, 390278964L, -1681971124L, 
-1792592245L, -114678773L, 1486985304L, -859161245L, 2061443220L, 
-1122238608L, 1927872889L, 1641496277L, -1248188158L, -282517139L, 
-1296675056L, -1789491468L, -758866636L, 1049598694L, -275911688L, 
-692157887L, -1262005478L, -1913841296L, -1559102945L, -279337738L, 
1048792012L, 610666946L, 1777832696L, -1863964203L, -288592515L, 
-1481153408L, -630493011L, 1380038990L, -1901132643L, 943551105L, 
1712068387L, 889221661L, 988093324L, 544673928L, -1696861896L, 
1988519335L, -281528236L, -165530353L, 488266732L, -1989791835L, 
3041211L, -717600369L, -871957081L, 1419435181L, 813986206L, 
1144345415L, -2057474774L, 2003081659L, -723243010L, -867240717L, 
1893628126L, -1595259549L, 1127107867L, 1094730757L, 1973453121L, 
1920545411L, -650101251L, 1075167754L, -27663507L, 1248123918L, 
-119931772L, 1606632948L, -2070028440L, 900295448L, -1219059172L, 
301996833L, 377384188L, -161804042L, 1379073150L, 1456119876L, 
209331698L, 1011409642L, -1007445452L, -1259245850L, 2051967822L, 
2006536313L, 931257118L, -156268611L, 1157937134L, 1699481539L, 
818074631L, -1327809608L, -1658123449L, 1234109564L, -787495605L, 
-581877903L, 564656846L, -1039400034L, 966981214L, 1653101601L, 
-2127973286L, -849729441L, -1976963906L, -1929683153L, 1653325216L, 
778602255L, -1234493846L, -1578042804L, -1600819399L, -1340378163L, 
-276267437L, 746757336L, -200450768L, 1831484027L, -681683612L, 
-1850588020L, -1497409620L, -191774102L, -1419713140L, -1013890839L, 
-1075895927L, 1934980963L, 736847954L, 1249693207L, -26150642L, 
2017713932L, -1371313413L, -1357236436L, -368335962L, 1069226206L, 
998854680L, -1855535501L, 1900998204L, 1797303506L, -253387580L, 
1189404094L, 591269780L, 605340067L, 1155724592L, 150441927L, 
-801491783L, 1886877312L, -2089998105L, -2120691763L, -196268073L, 
-1796684433L, 628085066L, 1731527020L, 29049870L, -1043310960L, 
1569237553L, 67348916L, -632693545L, 1197678827L, -1930358988L, 
-1845779276L, -553439186L, -1663040653L, 1491364086L, -1390534573L, 
1191312270L, -17055621L, -1164354876L, -2037085181L, 1428652209L, 
-1323477295L, -1036398160L, -520032065L, 625650536L, 113493224L, 
-477971052L, -1467548155L, 144553218L, -1103316547L, -476184470L, 
1682256519L, 564248388L, -1658155480L, -862280659L, 1936004506L, 
-1391734259L, 1458475504L, 1891874572L, 1930793811L, -2115121784L, 
-1632021341L, 1626151787L, -256111494L, -1038056019L, 1978049734L, 
29305251L, -424051843L, -168659849L, -1680968720L, 1421009155L, 
1453082118L, -593484335L, 730689351L, 1171391861L, 2036511465L, 
2002936134L, -2077848533L, 1698666696L, -2132159819L, 1710912562L, 
-1055827648L, -1504255084L, 1027272174L, 301269396L, -1294335107L, 
-2100184697L, 1231492376L, 1653292115L, -440218775L, 1750463570L, 
1216744925L, 1146955071L, -936782735L, -485060563L, 460459646L, 
1954943056L, -17332586L, 922960413L, -1529097838L, -882055704L, 
-1804516052L, -1614910358L, -1957076280L, 1084320166L, -1420264684L, 
1481051073L, 1735097867L, -502029923L, -1592868726L, 383486556L, 
-1694334187L, -1699332983L, 1943221459L, -1986608491L, 1134154698L, 
2105501116L, -1946568744L, 2102300643L, -306305244L, 663804549L, 
356239646L, 1004459493L, -1886024009L, 1739600148L, -1442088379L, 
-846134184L, 1028777946L, 649298292L, 2057543241L, -1782841869L, 
650412063L, -149351892L, 1752069814L, 511251915L, -1914521455L, 
1763325431L, -1923037678L, 1317187531L, -1981230329L, 135104798L, 
