.Random.seed <-
c(403L, 209L, 161176459L, -252515267L, -1010459303L, -1401787822L, 
-646610792L, -45297399L, -351591930L, -744143283L, -934835051L, 
239560725L, -81225945L, 1287496155L, -1072580637L, 245866135L, 
672069164L, -125049351L, 1231102457L, -1505971873L, 1695779515L, 
665345303L, -285659836L, 955614645L, -707142391L, 1206708697L, 
2049643047L, 71315542L, -2135180743L, 741052459L, -957015524L, 
756250379L, 550881653L, -1843168311L, 1956400561L, 1419461740L, 
-187204728L, -841088570L, 1443985475L, -831280116L, 854059525L, 
-1088193292L, -1907727467L, 923046254L, -258366171L, 1198148390L, 
-47152502L, 2065899549L, 437821992L, -1958390191L, -1079359496L, 
1734115448L, -1992826294L, 541730579L, 457500239L, -2058592399L, 
2121020062L, 2045394252L, 43090513L, 729572855L, 910851244L, 
1561564459L, -1567335867L, -1724398685L, 1111637195L, -1239524746L, 
-188723055L, -1288170585L, 759587258L, 144375891L, 200455014L, 
-67868225L, -13491440L, -769595815L, 1764650064L, 1683414317L, 
-1537474308L, 385273382L, 2021190221L, -1939176719L, 2102449078L, 
-44840693L, 1183243798L, 1328019967L, 1781954897L, -1224341715L, 
-1714887496L, -1041722086L, -592052187L, -123039676L, -852847733L, 
-1074544008L, -2024089625L, -1228332032L, 1876859967L, 46827091L, 
-311816402L, 769557519L, 264276374L, -1741555553L, 133458250L, 
41712490L, 1204667454L, 1990387923L, 278391027L, 1286570588L, 
-409772485L, -2069744222L, 1875717093L, 2119056970L, 2032665904L, 
-884456467L, -822501577L, 1356254144L, 1868618195L, -1777039321L, 
2065103081L, -1269910630L, 1730810347L, 1653269673L, -1633530012L, 
1418395965L, 2072394527L, -1293976832L, 842723296L, 450959626L, 
541680024L, 1477872392L, 41346019L, 27108572L, 909749370L, -896428130L, 
701295867L, -527693386L, -1981308925L, 913078841L, 380500488L, 
-1576065669L, 1427171995L, 2066162365L, 1520373458L, 704136173L, 
1150773825L, 1835817254L, 456871132L, -2104454726L, 1535415982L, 
827750746L, -25164964L, 1890926769L, 1202101757L, -1512576372L, 
1181479063L, 894731499L, -1377757520L, 945396812L, 1938133484L, 
-684364764L, 740446912L, -421145026L, -1268642210L, 405619498L, 
-1531223391L, 31672091L, -752469091L, -1425483866L, 766756818L, 
-62401055L, -449842831L, -1968632360L, 719045820L, 366254626L, 
-969653315L, -1683681991L, -554853657L, 1278005311L, -1750002248L, 
731741904L, -997799384L, 1651613806L, 1344378485L, -1426306022L, 
1743008815L, -1035245108L, -239696849L, -1712123299L, 1690509372L, 
-1132923881L, 871092755L, 1634187884L, 2093521694L, 1394557837L, 
1034393728L, -573248149L, 158482260L, -1676836037L, -625775617L, 
-20244883L, -1585780370L, -1823730869L, -75625092L, -1367053143L, 
1616401156L, 724729462L, 2113547244L, 890859414L, 679695397L, 
-259766017L, 407575645L, 1405330789L, -357158174L, 1871676324L, 
1006906542L, 1434226680L, 1452628725L, -1517770133L, -1053219329L, 
-677988798L, -2109911900L, 1582304612L, -30735389L, -1131880445L, 
1418989061L, -234034519L, -430038315L, 1054390371L, -1969854429L, 
-464457601L, -2108751086L, 218468276L, -1959156512L, 1004753653L, 
834659977L, -634763567L, 2055747057L, 1792204131L, -778497555L, 
-2081073695L, 1985011796L, 1569918989L, 1237924373L, 964506165L, 
-1859817718L, -350373907L, -1935225752L, -1341490036L, -1434219184L, 
-1631679824L, 121077130L, 1726938851L, -444568908L, 855434342L, 
66326869L, 1823149402L, 1593747566L, 1137488018L, -1145787617L, 
1401125878L, 957413683L, 598922989L, -500694593L, 651714191L, 
1067901289L, -246411467L, -1136937891L, -784542344L, -1336573054L, 
2138592847L, -1309771832L, 1528076793L, 564604197L, 1867025874L, 
-2091442028L, -1253546086L, -670563653L, -379037582L, -4514606L, 
629776163L, -493624662L, -773905633L, -580718013L, -118716608L, 
62008028L, -705618717L, 541688250L, -966491643L, -2004738449L, 
806009190L, -1462432447L, -778618885L, 2082508964L, 271401425L, 
-547504137L, -436183072L, 1840107424L, 1473903352L, 2102462764L, 
337396650L, 1100397307L, -82264683L, -1689046774L, 1245750014L, 
-885101054L, 819439679L, -571607529L, -992728461L, 1846117746L, 
-396863293L, 2013893253L, 2003849619L, 1555244755L, -1749362270L, 
1471655923L, 1325769035L, 1566797492L, -1962266927L, 1303785315L, 
2070745654L, -1983255744L, 1810842742L, -428683074L, 1556948492L, 
-1620618071L, 1494658657L, 520892451L, -1990633568L, -1253702339L, 
-311830055L, 1277726031L, 1736852713L, -1865239977L, 1052632688L, 
-900106173L, -1988935649L, 2096816679L, 72238207L, -1454824445L, 
1709338162L, 1782268184L, -1919225452L, -1522571341L, 347597903L, 
1302954582L, 1786887387L, 976726158L, -1838556844L, 2083504207L, 
-594492345L, 1411221360L, 44066888L, -883359243L, -1697924862L, 
297198207L, -810462587L, 1541934666L, -990657623L, -191482012L, 
886088630L, -1252785371L, 1940176814L, 191279159L, 565021647L, 
-190642793L, -1940622219L, -545385072L, 1231675126L, 88609680L, 
955437634L, -926072965L, -1681866403L, 916645531L, -1975713960L, 
-181037838L, 2145153657L, -208137308L, -922583745L, -813494641L, 
-992413975L, 855071007L, 1865799214L, 1652479910L, 712326653L, 
916178155L, 45581093L, 107264719L, 518624265L, -2129539782L, 
1559899414L, 1426315091L, 352117678L, -1421349257L, 1672364159L, 
236286193L, 49037269L, -2128755899L, -1684665303L, 355806607L, 
1274880682L, 986030846L, 750184815L, -68008816L, 1386728631L, 
-196033395L, -935848796L, -467989569L, 424985130L, -1423177070L, 
450049987L, -1095315026L, -252797485L, -2004277471L, 1752157570L, 
-1080371949L, 574429083L, -157159776L, -837471408L, -1229169248L, 
-1129005836L, -1970632879L, -543953862L, -242047738L, 322338445L, 
-747473769L, 367547757L, -193097691L, 1876471654L, -145357186L, 
-734747790L, 1565284927L, 1542734619L, -655062223L, -2072263287L, 
-391158061L, 1432060924L, 1431678648L, -280086525L, -1608696534L, 
-817655599L, -1693483040L, 1336169820L, 543032855L, 678998965L, 
110192795L, -968728648L, 747732907L, 931167921L, 123313172L, 
303621980L, -1963547710L, -1057910230L, -250147300L, 1451238972L, 
-1095795993L, -848453294L, 1746456865L, -919600413L, -1514033735L, 
-816196027L, -955625081L, -1366524668L, 298648990L, 513786552L, 
445728638L, -745523869L, -784191558L, -1659887318L, 91241694L, 
-1365930196L, -1464423063L, 562084718L, 1308635688L, -1145823966L, 
-1674178010L, 1649792343L, 1632942049L, 1463988341L, -482032258L, 
2081621178L, 825827244L, -637534214L, 2093267405L, 728752894L, 
-1585365187L, 420211347L, -1160970771L, -1308724649L, 499206871L, 
-528109690L, -1812422221L, 2140050157L, -2140445533L, 899758222L, 
900677854L, -1906794084L, -1546649073L, 70285374L, 2072334230L, 
-153673115L, -1505373137L, 325745670L, -1259010288L, 2134537460L, 
1182316147L, -1580935785L, -1933599367L, 219179903L, 995104628L, 
1245011094L, 1457901622L, -1768571069L, -493691099L, -1302746270L, 
1955285958L, 45734007L, 1882949697L, 1599169869L, 898779685L, 
-1187542935L, 375086120L, -1181304835L, -137526422L, -1233441643L, 
1347318639L, 1705481345L, 1988255507L, -426056383L, -1816374101L, 
433514469L, -1611996617L, -1777271331L, -2133719750L, -826367064L, 
-1672823562L, -271246141L, -546469555L, -412333644L, 888554808L, 
1029166596L, -2026686799L, -1833267117L, -1569426540L, -528433398L, 
865781286L, 1060296935L, 30764067L, -926640806L, 714156016L, 
1931467526L, 1851562177L, 1290188117L, -1778697745L, 759603926L, 
186494057L, 702910736L, 670571689L, -679534225L, -1739253934L, 
-1371832566L, -1926617885L, -409474213L, -341894425L, 1975502469L, 
373921525L, -985304871L, 494959582L, 2092240587L, 1588076091L, 
-637736962L, -1749724362L, 647433872L, 508170014L, -54571559L, 
-1110972434L, 893103847L, -1523088356L, 1534139401L, 87346735L, 
-73447980L, 1926165737L, -624494729L, 465952539L, -2094371855L, 
-672632045L, 1801927002L, -162248526L, -261521217L, 1628205347L, 
-520295659L, 1791032236L, 1314609095L, -1276467996L, -1349708284L, 
427349651L, -957246986L, 1429795922L, 375687647L, 289461440L, 
-8137879L, 1125429823L, 335197814L, 1217271991L, -749997908L, 
991631046L, -2040000261L, -1843814642L, 1146153657L, 1109387527L, 
