.Random.seed <-
c(403L, 10L, -1678146972L, -1201684057L, -687735043L, 2019666676L, 
577224154L, 1350045989L, -1097930689L, 1375487942L, 1270094928L, 
1540763763L, -115039087L, 975656128L, -2080860514L, 1577790057L, 
1615874715L, 1124247466L, 24826828L, 1892707983L, -1991479611L, 
-1788443012L, 1721936594L, 1774386765L, 807752455L, -352495890L, 
-613346360L, 17188043L, -1986454231L, -365859464L, -1567731034L, 
1036661953L, 193889619L, -491224574L, -300287180L, 526407863L, 
-1094655827L, -2033451580L, 440593898L, 157586005L, -636429329L, 
-1418462218L, 1240010016L, 219030243L, 166310785L, 273294832L, 
-699196274L, -393485319L, -1015234165L, -471736902L, -764566340L, 
1015601151L, -1093831339L, 497182316L, 1076794050L, 1351193885L, 
-814781545L, 1279172350L, -1590534984L, 1556516507L, -1818731271L, 
-826696120L, -391227018L, -1513193295L, -1655360285L, -192789582L, 
283737092L, -1711702201L, 42522141L, -580572012L, -5956550L, 
349214341L, 2085496671L, 1000695782L, -625472912L, 705944979L, 
405269041L, -2115516192L, -50224770L, -1991130103L, -1027914693L, 
-448697846L, -785878548L, 587900527L, 1782122917L, -2028277412L, 
-1155838670L, -1798581203L, -877532441L, 1417625614L, -896421400L, 
-883633173L, -58364791L, -1261676520L, 699148102L, 1684436385L, 
-628134861L, 1502912930L, 951309460L, 1262494487L, 1300524301L, 
-1898853340L, -1469367286L, 749650293L, 2039494863L, 914480086L, 
-1338977408L, 1400211395L, 1773547873L, -2083276848L, 546193198L, 
1774125785L, 1875837163L, -1147997862L, 867490588L, 1033399839L, 
1739232885L, -1882070260L, -336642334L, 662328253L, 191956023L, 
750307038L, -892464616L, -686695045L, 1292539161L, 568662440L, 
-27767466L, -1914040879L, 74548611L, 916995090L, 1409759140L, 
-923791513L, -143610691L, 552946740L, 1234206618L, 1466080229L, 
-1368991873L, -496949498L, 1666052240L, -1909814989L, -989503791L, 
-216265600L, -702898850L, 608776873L, 140066139L, 1984790378L, 
660813324L, 1269497423L, 903844613L, 1601307580L, 455636626L, 
1710364045L, 354166215L, -170387794L, -1403420920L, 696311051L, 
1861589993L, 1531976888L, -1116857498L, 547950593L, 783285907L, 
-1433624254L, 384913140L, -1824048393L, 1862732525L, 1265468804L, 
1989258154L, -1193152235L, 765475759L, 1511760822L, 838195680L, 
937081123L, -1441952191L, -2059951824L, -1053199538L, 1827682745L, 
-1620671541L, 2129131642L, -637916804L, 1043667391L, -393849195L, 
-1495642964L, -364136830L, -322331043L, 2116501847L, 611863614L, 
-1030422408L, -42751141L, -543131975L, -1138144504L, -384450122L, 
-864534799L, 1214511395L, -1541584014L, 521953732L, 714422663L, 
-1312054435L, 306752852L, 2127036282L, 1009135301L, -1587797985L, 
-238106714L, 1957402928L, -1591356461L, -515724815L, -691736800L, 
1391208894L, 1071217097L, 1494179195L, 1438804810L, 390224812L, 
806879919L, 2107875429L, -226504676L, 860552818L, 1161830637L, 
1147498791L, -1846543026L, -1454944856L, 818100651L, -1348840759L, 
274035416L, 925482886L, 222433889L, -1022546957L, -1502388638L, 
-520279852L, -1181552169L, -1376947251L, -1724990300L, 1377537720L, 
-362287782L, -1945293424L, 95886204L, -398376684L, -2134551742L, 
-1101821184L, 1244739516L, -1542084784L, -1332219102L, -722750136L, 
-229211636L, -218072996L, 1558009042L, -539368960L, 1657984340L, 
-173923864L, -2071999494L, 445690064L, 1002155308L, -356842764L, 
170176914L, 1567417440L, -1937281780L, -342261024L, -238014110L, 
1159371432L, -916102580L, -1451325060L, 1378467122L, 982917232L, 
-1023099068L, -416180776L, -2088960902L, 103960112L, 471257788L, 
-2006436012L, -598698942L, 658759072L, 2106985148L, -792817200L, 
1788024162L, -1009336344L, -3473460L, 1971586812L, -328558094L, 
355635328L, -1365648140L, -1750622584L, -1785360582L, -1311900848L, 
1861836396L, -849307500L, -1814566574L, -1272998176L, -2067916084L, 
-1299025760L, -2142692478L, 285430504L, -1055788308L, 1762331708L, 
-2131834254L, 2005124208L, 1487035940L, 1475623992L, 1917544474L, 
1057037008L, -1594086340L, -600185708L, 2000018562L, -1690157120L, 
-1504464580L, -1886864752L, 1141990434L, 840352776L, -1446795124L, 
327955484L, -463278446L, 1760093312L, -1565085676L, -1645150936L, 
1429007930L, 385797328L, -1896438676L, 544785076L, -951201774L, 
-1567008800L, -312780852L, 1125285344L, -847866334L, 1929478440L, 
1036671244L, -173529540L, -559959822L, -102006032L, 1384055620L, 
-1769541032L, 944544314L, 1785446128L, -698334020L, -928999916L, 
429586626L, -606070688L, -1232628356L, -1138256688L, 1829059618L, 
1921647272L, 190625676L, -1583476292L, 1353454642L, 2108028736L, 
178665652L, -372831416L, 488438458L, 582219536L, -479698708L, 
-1404443564L, 346558226L, -1540113504L, -816820276L, 1718717280L, 
460837058L, -598366680L, -1311513172L, 663207740L, 255874930L, 
-30561488L, 1963545124L, 148273208L, -1519950630L, -2090710640L, 
168257276L, -339365996L, -1247917246L, 1495835136L, 1350588988L, 
1328176720L, -1766229342L, 367180616L, -345128436L, -1702757156L, 
308783698L, -409556864L, 1407183700L, -1116669464L, 1129913082L, 
-1899509936L, 1241013292L, -1319025292L, 625399442L, 1716882016L, 
-139734388L, -1860121760L, 97301218L, -1363230552L, -374001460L, 
-104711684L, 1493508018L, 300017136L, 998933956L, 183283544L, 
1610300282L, -1469426256L, 297384380L, 1476319316L, 821144514L, 
-335535328L, 770654140L, -347395504L, -1945084446L, 1098633576L, 
-278528692L, -726836996L, -1046564110L, -6879488L, -571308428L, 
-1109247992L, -1739298374L, 991037392L, -54527508L, 1826299796L, 
1638576850L, -1862386080L, -1087974068L, 1148339488L, -1605119358L, 
479033832L, -585840660L, 755902012L, 476839538L, 117965680L, 
1469933860L, -700779976L, -1844866662L, -1164060208L, 1261280700L, 
-749356908L, -1451377534L, 2092766656L, 958489404L, 1495643280L, 
-538528990L, 1448439304L, 1807891724L, -747350628L, 571784722L, 
-276780160L, 757072660L, -18165464L, 809905210L, 2116443088L, 
1582641772L, -675714508L, 1343978130L, 1406917984L, -1702192820L, 
-313751584L, -1511856734L, -1304719960L, 629180044L, -1774678596L, 
-1277661582L, 195746800L, -1065929148L, 271419480L, -1940342726L, 
96523184L, 1091667406L, 1048147707L, -1971720867L, -961911158L, 
-465001304L, 1402888209L, -129404669L, -1351164924L, -897428430L, 
1408539783L, -153216815L, 1731983958L, -1841978828L, -347420347L, 
-942304369L, -292530424L, -1227063002L, 1177043411L, 648514357L, 
-526808430L, -677925280L, -47073335L, 2079885051L, 98568396L, 
-2014953126L, 170044495L, 1636040985L, 754350894L, -1283619524L, 
-1016003923L, 850713943L, 302693536L, -796747266L, 1683023051L, 
1315222221L, -1872753158L, -1712611784L, 1512899553L, 1812835475L, 
-564296012L, -1510425662L, -1862320169L, -838389727L, 1646532582L, 
40579812L, 1361823253L, 715161151L, 974556632L, -912567306L, 
1442892803L, -133660859L, -385533086L, -2082683696L, 1930825721L, 
-502451413L, 412334236L, -509421878L, 1704136639L, 452156169L, 
1367348254L, 643620300L, 151664541L, 1842741799L, -1179398064L, 
619010286L, -1063172709L, 1020611581L, 1403377386L, -1847746168L, 
-766202063L, -666320989L, 1191958436L, -2039741870L, -548267609L, 
1332563441L, 992164150L, 544625108L, 18675557L, 841869167L, 1331186088L, 
-1971933434L, -1227982285L, 550119573L, 734615794L, 1930436928L, 
1556123305L, -500771045L, 1739710700L, 762682618L, 1154069807L, 
978587961L, -2061184178L, -1520678500L, 715096845L, -126769801L, 
-930270848L, -52959266L, -1211621205L, 1586693037L, 1161996314L, 
-1346949416L, -71360703L, -1812250637L, 1775960596L, -1019737182L, 
-221186889L, 70622849L, -53270906L, -513966396L, -251265035L, 
407586399L, -1544560456L, -163568234L, -815036509L, 572697445L, 
1223502466L, -2141739024L, -1393573479L, -1873457269L, 1935297148L, 
1570830506L, -14968097L, -653358999L, 1900348030L, 1120098924L, 
-1419225411L, -216953977L, -1417175184L, 273180174L, 1613970235L, 
-1632499683L, -408260406L, -1831883800L, 1596790993L, 40158403L, 
-308159548L, 1921548402L, 828657991L, 1355513105L, 1975134358L, 
-1523077644L, -752279675L, -1530044721L, -1734206520L, -2128897434L, 
