.Random.seed <-
c(403L, 497L, -1043646243L, 1414533096L, 2005403103L, -885541325L, 
1030074171L, -1206804034L, 808849043L, -970172723L, -871364297L, 
1199643637L, 405635566L, -125230416L, -2146081392L, -514022639L, 
-1423869639L, -703510664L, 1443089691L, -1150567442L, 1726318142L, 
-2067642378L, -70659534L, 1191792472L, 880015056L, 1053106210L, 
-1132796998L, -910790884L, -506824499L, 129276161L, -660798146L, 
-828591907L, 551331650L, -1502075267L, 559981604L, 378195574L, 
1081185541L, 1036403973L, -353922366L, -621213881L, 1641120008L, 
171392141L, -1933590829L, -2064416590L, -1975347445L, -1399857461L, 
1544893939L, 1692650880L, -1905142700L, 1740086361L, -687146306L, 
1033280557L, 1243929526L, 2049896639L, -1432571745L, 950233104L, 
-1978020333L, 774923701L, -159198942L, -93743302L, -1860608093L, 
-263745185L, 1114072547L, 1258331510L, 531633039L, 1141890394L, 
541385110L, 859195385L, 1880191465L, 960208012L, 1100715815L, 
1323572471L, -1302704003L, -2006023059L, 1053110219L, 2099100663L, 
-310198873L, -540221471L, 1439331673L, 458749236L, 632156290L, 
-1901988489L, 1580089850L, -1516784982L, 413794501L, 1053301479L, 
-1526764432L, 950821209L, -492043021L, -1020773787L, -136336236L, 
1037271897L, -236892968L, -1118031059L, 1175870617L, -2117776738L, 
-906343643L, -325627620L, -605299557L, 1349910428L, 2045096416L, 
-303478714L, 1739267856L, -815946683L, 1957133330L, -95863067L, 
1436976508L, 2084227942L, 507765596L, -332710062L, -331407015L, 
-845140989L, 240416224L, 1080736722L, 165455190L, 1360833527L, 
1589349163L, 502597426L, 1458625996L, 343952947L, -1130188100L, 
426778832L, 1231907644L, -128035943L, -934661392L, -2047570222L, 
-2141696082L, 520134437L, 2061298865L, -2049520152L, -2129078234L, 
-1295272885L, -460788088L, 1550957264L, -905428170L, -1004609275L, 
-1326471127L, -1480982806L, -759460032L, 987425872L, 585684295L, 
-1186986192L, 123194405L, -846052932L, 2078354085L, 744860420L, 
386521501L, -2067099915L, -671644795L, -1040911531L, 1804420582L, 
126642967L, -2083554748L, 103569480L, 118519714L, 1008544408L, 
-1454760004L, -1474734529L, 1815479501L, 1025221525L, 1683838706L, 
1853266988L, 137535933L, 1098894909L, 420355263L, 2089838291L, 
-7471710L, -267413582L, 1132991852L, -917945174L, -212598829L, 
-2029454498L, 137539418L, -1356870256L, 137181227L, -1649640948L, 
483239863L, 609276662L, 97167334L, 1174329394L, 1865921756L, 
1201479804L, 437929210L, 787049309L, 722315614L, -360606328L, 
-1244126640L, 1962115756L, -634188662L, 83672218L, -1301716979L, 
-209566747L, -17960006L, -1964899114L, -842690343L, 1429537888L, 
1715909996L, -1123466913L, -551136745L, 858120581L, -1211077439L, 
-2046336830L, 165185649L, 2040758932L, -111226588L, 409848134L, 
692067092L, -1920679975L, -1530502386L, 952307067L, -1962563776L, 
-772022354L, -1276338995L, -1699569033L, -1932100487L, -1147764849L, 
512954886L, 1427056157L, 680391894L, 739290657L, -506858668L, 
934981929L, -1292899622L, 2138230183L, 706355309L, 1578995607L, 
-1865017181L, 986728476L, 326928168L, -1300524613L, 202297877L, 
874675241L, -640612091L, 1144509960L, 1680867698L, -168343462L, 
-719745824L, -370299195L, 1290578232L, -782763396L, 476162275L, 
-381040671L, -1690559819L, 275756178L, 1447420973L, 2117860436L, 
742023111L, -394606880L, -1378650409L, 546234031L, 359881067L, 
594052559L, 791189206L, 1142199145L, 1316091903L, -1068503357L, 
-1326088808L, 2142929753L, 421031533L, 23711857L, 1823536753L, 
1863153694L, 265698288L, 1445092213L, 365906074L, 216543447L, 
-275754250L, -1417008365L, 507618594L, -304701645L, 1298700760L, 
-2100287645L, 1836761218L, -946341108L, -2050568323L, -1571511077L, 
1485249620L, -366038191L, 447447069L, -583410974L, -983618035L, 
750520926L, -1621528665L, 148790604L, 592811836L, -759004148L, 
1580347276L, -1527396547L, -796664759L, 1259203146L, 605788384L, 
-974761904L, -166447635L, 1752766664L, -1090210027L, 702169045L, 
1037091158L, 1011462476L, 304194575L, 859847944L, -1555971051L, 
-1796068896L, 1068266634L, -1598434020L, -958704230L, 306596547L, 
-169875221L, -1841494063L, -558255020L, 556916809L, 300710763L, 
1528952222L, -2098158381L, -1965765292L, 514529400L, -156802834L, 
824495864L, 1942607902L, 671699739L, -401317967L, 1460453926L, 
1646173317L, -1970818322L, -2002515014L, -274159956L, 132532029L, 
2145501382L, -787897278L, 1637468649L, 949173433L, -280113363L, 
-65670910L, 514734957L, -62074869L, -905575482L, 1314589244L, 
77870176L, 1953845996L, 1984309876L, -1799177138L, -313305481L, 
1753703206L, 1922731560L, -459970377L, -1177292978L, 213379489L, 
269332641L, 198127341L, -1430712675L, 1353718151L, -2059748808L, 
-1490410712L, -2143780359L, 177518572L, 1466073911L, 1606214773L, 
-615999107L, 2096481619L, -1614797043L, 293715381L, 1822464760L, 
-1187563323L, -1453530421L, 1335189419L, -105661435L, 1097641713L, 
1674403085L, 1807222365L, 1687330646L, -882644205L, -1228255076L, 
1744890026L, -1988490894L, -282150759L, 723711767L, 1068879399L, 
-1986222923L, 928846604L, 1901048537L, -1356636399L, -727753536L, 
-391743962L, -1018448729L, -1056062620L, -1727900899L, -925467011L, 
-361443866L, -1413087822L, -1601423482L, 2129231689L, 1597965839L, 
-35038658L, 1548367038L, -1109377532L, 2053215243L, -1377838248L, 
-1831804720L, -1131324528L, 120239833L, 2136795681L, -1253638177L, 
173724905L, 2072277392L, 1381579755L, -22822914L, 978696170L, 
592347102L, 1078886848L, 943052704L, 735231676L, -919808841L, 
538161155L, 1445366778L, 1397985965L, 1053454715L, -623251236L, 
1651510932L, -1536626385L, -1604585626L, 740478172L, -974078771L, 
269961046L, 2015643507L, 1537418047L, -45893295L, -1451030676L, 
-1795842644L, 805445302L, 1950339213L, -1425008359L, 650642460L, 
-87822645L, -1136611435L, -83433305L, 784358564L, 457321902L, 
-547637286L, 1764376998L, 1106798081L, -1958208493L, 246529928L, 
596661054L, 1179444026L, -461924453L, 1818771829L, 540408979L, 
671102252L, -848632304L, 813295588L, 1625652944L, -2031816785L, 
252910387L, -1847124972L, -1591144720L, -1004279056L, 1821497199L, 
1976920388L, -697131096L, 1574618508L, 1089133182L, -187696734L, 
-892709401L, 1586185017L, 2007973395L, -271786401L, 1342835180L, 
593709528L, -1805746092L, -1726233164L, 441088335L, -1104867526L, 
-1544301453L, -395754354L, 1829563555L, -105135800L, -618889320L, 
-1853197530L, 1908314828L, 34812694L, 633126056L, 1082204343L, 
-727779035L, -1960090790L, 1709754397L, 1284415252L, -1842186614L, 
-693539726L, 102216376L, 503621721L, -75224346L, -602623219L, 
-191022390L, -69488557L, 1615712299L, 633552349L, 1481870349L, 
575417126L, 974078018L, 990445279L, 501345860L, 1168764225L, 
-131934070L, -766080156L, 90093013L, -1413344381L, 1973140924L, 
489261535L, -517006262L, 759038627L, 1310313950L, 1582372688L, 
-400249463L, 1373292306L, -1588842348L, 176767770L, -91867884L, 
1665903304L, -1781307922L, 728398769L, 1179256196L, -1675742654L, 
54023688L, 853042512L, 1581327717L, -1291291621L, -526316411L, 
-10098278L, -1888514478L, -1080442088L, 1318329002L, -1763250206L, 
-966782091L, 1526244466L, 2052261066L, -1562806640L, 309122619L, 
1509425972L, -430029124L, 536241976L, 1282671391L, -120337708L, 
887829689L, 1229501256L, 2126386597L, -1937113798L, -1506749972L, 
-1429648186L, -1281271489L, -1659347967L, 1721046625L, 222412087L, 
-2021915804L, 1103663383L, 1450005116L, 500508782L, -1222485358L, 
-1365510358L, -1959080510L, -262267996L, -1897448390L, -1583347603L, 
-423196655L, -2102107939L, -1217743661L, 1601789534L, -984792063L, 
-2041477247L, 1924003816L, -1355347007L, -1397691222L, -1307189903L, 
-2029103520L, -150700782L, -961672080L, 867635990L, -1665358692L, 
-2035128293L, -1815235060L, 566648081L, 988420160L, 1083686387L, 
2129272L, 1832457258L, 1161642337L, -1456518576L, 1805538013L, 
-304799952L, -2099313550L, -629364201L, -201415888L, -656071397L, 
2080617438L, 1107545282L, 1933276845L, -1111966601L, -958276395L, 
