.Random.seed <-
c(403L, 3L, -1899338946L, -861238408L, -28399525L, 967569337L, 
-787206648L, -198673226L, -1355944975L, -176089565L, 91211378L, 
-904651580L, -238429561L, 231887453L, -2072816556L, 1963540090L, 
-1835647547L, -471908577L, 1154935462L, -326087632L, -1186468141L, 
-1960866575L, 1032636448L, 1484041918L, -1958491447L, 868171899L, 
2074148426L, -2007569748L, -1450451537L, 602320229L, -1355793636L, 
1055072114L, 778073069L, -1219382233L, -1973244850L, 684314792L, 
-741261653L, -1521607735L, 533428184L, -768270714L, 490366817L, 
2046253811L, -313506462L, 577426388L, -1859397929L, 2007932109L, 
1543339108L, -656403894L, 1682356149L, 30395151L, -1972258794L, 
1640809152L, -213117821L, -208633695L, 238364304L, 1582134638L, 
225469209L, 735537067L, 1546110362L, 465789276L, -387057569L, 
-1737074635L, 643013580L, 737300258L, -1948020355L, -1784685961L, 
18613150L, 1813484120L, -2016273477L, -1293423271L, -72849688L, 
217749270L, 1314781329L, 436065603L, 664703058L, 2132021988L, 
1310360871L, 1371422077L, 770249844L, 360840794L, 2071653029L, 
614502591L, -920620218L, 2134811088L, 1621312499L, -352756975L, 
-683947200L, -1863765218L, 1293499369L, 2008371483L, 1104595754L, 
-787526580L, 479724559L, 1044164421L, -1469560580L, 2090710866L, 
988215501L, 2097588359L, -1057375378L, -1230525112L, 393132363L, 
-1966904151L, 845598200L, -168389338L, 1956824641L, -2011279405L, 
1917109634L, 1130359220L, 114865463L, 1461813293L, -1651913404L, 
-1986344342L, -535501611L, 1806324335L, 612906870L, -70739808L, 
162451811L, -2105048575L, -390426256L, 642674958L, 656974713L, 
1773497099L, -1442343878L, 1202647868L, -1259657089L, 338381781L, 
-2002246164L, 1473619778L, 1911097501L, 63525143L, 803227774L, 
-760127432L, 1080497947L, 1333859449L, -817611576L, -454800138L, 
-453726927L, 214338915L, -1470279886L, -991614844L, 4510919L, 
1970493341L, 190595860L, -743132742L, 1706346501L, -1872781857L, 
1536938086L, 555671536L, 1164409107L, 386008753L, -554782368L, 
518366974L, -1298578807L, -2029265477L, 1009010570L, 708202092L, 
-29405201L, -822360027L, 843409628L, 183062194L, -779656787L, 
-45922969L, 2014565006L, 1901050728L, -1704557717L, 444423433L, 
544191384L, -984022330L, -1278113759L, -1334174541L, 1221959202L, 
-1019346924L, 595010711L, -2103505267L, -1315225692L, -2112781942L, 
1583570421L, -268603313L, 2129151830L, 756284928L, -984076477L, 
-1889163551L, -1554357168L, 1513876654L, 1035688025L, 588929131L, 
82361818L, 1714497180L, 1593604255L, 1857876725L, -1218990196L, 
1159757410L, 524444221L, -1915999049L, -1252707490L, 1036916376L, 
-1663838725L, -1885091943L, 1960521768L, -2058880810L, -1082491567L, 
-1648587773L, -1375612014L, -1627733724L, -2128873497L, 532286525L, 
-1949353292L, 1922324762L, -20432283L, 196046591L, -1808845946L, 
-215984880L, -152760909L, -729764271L, -1928884736L, 1189268190L, 
666159401L, -675818277L, -556141590L, 614146956L, 1694377167L, 
231722117L, 1173964604L, -746457582L, 1400329485L, -1764884921L, 
-1079770066L, 987654536L, -1580199797L, 544914528L, -1485384372L, 
1228016416L, 305953410L, 2016272872L, -294591508L, 239892028L, 
-988504462L, -1684262032L, -424366812L, 1062713912L, 1365774746L, 
656115152L, 1886528956L, 878364308L, -263585150L, -1650584128L, 
-1412067524L, 10457744L, -1523857630L, -1761012216L, 1034896140L, 
1001003932L, 1866916882L, -419253376L, -1114985708L, 585995560L, 
1043820602L, 1351848912L, 28170860L, -2141414348L, -879208302L, 
1208394080L, 291704140L, 1915080160L, -1874119774L, -1504048216L, 
-1526182772L, -276962372L, 300162162L, 1826486256L, 1199871044L, 
153286744L, 906543162L, -1559089040L, -1282976196L, -101722348L, 
2087135938L, 1190671072L, 1666575484L, 1619090640L, -719115358L, 
-1615884760L, 1055865100L, -1203570756L, 691308850L, -686579520L, 
1557602868L, 132844232L, -1654187334L, -828791664L, 1651005164L, 
258948692L, -1375975790L, -877267168L, 1089054668L, 990363872L, 
-1901150526L, 825295912L, 694864812L, -1856177476L, 523291122L, 
-2014063056L, 637511588L, -1423552072L, 317862746L, -1171786608L, 
580729724L, -12544236L, 1730874690L, 1543020288L, 1478087612L, 
-1267077296L, -204015326L, 916914760L, -1039912948L, -535505828L, 
2049245650L, -1716675072L, -1552068268L, -2006765336L, 1942786298L, 
1832797904L, 974745900L, -1626664716L, 2132069778L, 620956000L, 
-1402615796L, -1133149472L, -1443661214L, -1642335576L, -485807540L, 
-1493246084L, -1051638478L, -1443473808L, 89854788L, -1837422632L, 
1406588794L, 1683367472L, -1638049860L, 1924077140L, 283320386L, 
-615960416L, -1089202500L, -178824752L, -655117470L, 2000859880L, 
2133221580L, -1931542020L, 1967104498L, 1097009792L, 181353972L, 
1350117000L, 982622010L, 1828402000L, 670002284L, -831147628L, 
1898648658L, -1223556640L, -548270900L, -2114648928L, 1040475522L, 
921536744L, -137021716L, 638584124L, 1055104114L, 1808300144L, 
-1824313308L, -1364345800L, 981954330L, -140251952L, -1054376132L, 
-857516140L, -1867398270L, -1164301888L, 1085955644L, -1854896752L, 
844062242L, 585393416L, 2019221132L, 1400033052L, -766213998L, 
-1217570432L, 1232672276L, 21499688L, -1924740550L, -1294426672L, 
469854572L, 21226420L, -727943150L, -1169996320L, 906164172L, 
1358987488L, 1332230178L, -468242136L, -225538548L, 1548928828L, 
-106875918L, -453965072L, -184218044L, -1054141864L, -1861107910L, 
1922176496L, -1061366084L, -1910933228L, -646245694L, -1194597280L, 
343454588L, 1728628688L, -1780305630L, 1215773352L, 430234508L, 
-673314628L, 1082154802L, -1041208768L, 1402444980L, -269757880L, 
1644049850L, 1303937552L, 1704501996L, -1249705644L, -1042718446L, 
1677200800L, 1075974860L, 324066912L, -1375193150L, -1880320216L, 
-35909716L, 1367511868L, -1019090574L, 596155184L, -1596646108L, 
1315728184L, 2057883354L, 1947551632L, 1809084156L, 1424620436L, 
263327810L, 82613504L, -1925405636L, 158720336L, -1804746590L, 
1874334024L, 139560716L, -1863941412L, -277799598L, 1596265600L, 
1598607444L, -1576882200L, 1951918330L, -1579197616L, -631693524L, 
-977860236L, -765621358L, 366188640L, 1685454220L, 557128544L, 
1903144939L, 1830277340L, 1444458762L, -1847459841L, 1044009545L, 
1069766622L, 264042380L, 1505879901L, -464494745L, 469410960L, 
573557422L, -1344313509L, 1889810237L, -620771926L, 1677699656L, 
1805249137L, -657306653L, 265230052L, 2084056594L, 793115111L, 
-612846159L, -2068941834L, 1491672596L, -1623916251L, -1240749521L, 
281309160L, 110745798L, -1069892237L, 1422861781L, -1323013710L, 
-869570688L, 1560304489L, 1260023771L, -1960331476L, 956963130L, 
2125793263L, -1305991L, 334738702L, -1500177188L, -889130163L, 
1775917751L, -961185728L, 631306526L, -1871584277L, -2039820435L, 
259663322L, -635496552L, -411904511L, 1016584115L, -439384364L, 
950656994L, 644285047L, -2088166463L, -242456250L, -149088124L, 
-1374921163L, -554564065L, -1009426056L, 526123094L, 1691626723L, 
-1944081755L, -651692222L, 1867646256L, 1552176473L, -1237657909L, 
-1415377092L, 1230014314L, 1370899871L, 1263901737L, -2044412226L, 
-975589460L, -1893821187L, -1142730681L, -1972261072L, -760301490L, 
-75475845L, -1653434403L, -1020402166L, -1985316056L, -1434876527L, 
1121753987L, -75227004L, -174567758L, 1914130951L, 500605521L, 
1950087638L, -108895052L, -157105979L, -406826481L, 657312392L, 
-324128858L, -1461508269L, 287717557L, -8612334L, -1209252896L, 
-174721463L, 1228604539L, 2076878156L, -1674014502L, 690307279L, 
-793453415L, 802349230L, -1328587332L, 1414563373L, -70999593L, 
-44472288L, -540930690L, -976620725L, 2033645901L, 1446819706L, 
1758525880L, -1369076895L, -612529389L, 896123700L, -987217598L, 
593696087L, 1956409505L, -844719770L, -1651750044L, -920427883L, 
798655423L, -1060268200L, 1285270902L, -853725309L, 417019333L, 
-1704457502L, -1525157040L, -705376647L, -672034389L, 1921247004L, 
-146263990L, -1055812545L, 1976325257L, 2020794526L, 524913996L, 
-421208803L, 829651111L, 1844058064L, -1500283026L, -1374939621L, 
-100360323L, 999007594L, -1032283128L, 1846379697L, -1896602845L, 
