.Random.seed <-
c(403L, 49L, 962026503L, 844058419L, -278828795L, 1608924357L, 
621116503L, 1047287602L, 1705318931L, -1374966726L, -95816719L, 
1685446599L, -2102378655L, 1764532782L, 238340965L, -1468595785L, 
2020542905L, -512831705L, -1499638423L, -1720583460L, -1161119253L, 
-1086597266L, -710454913L, -1177076870L, 1819782823L, 786106009L, 
1932112980L, -2063825888L, 846243048L, -526105755L, -88514976L, 
94957664L, -369271464L, -1134071263L, -739683600L, 271819612L, 
-735283342L, -2069581955L, 1368374033L, 368221594L, 102171713L, 
-768534890L, 1737968773L, 225967180L, -769608885L, 2068823713L, 
1199130528L, -1016962836L, 102448510L, -168210613L, -1665748665L, 
186908291L, 1652886279L, -199344360L, -1620639059L, -413934098L, 
-642591337L, 1496777386L, -38185639L, -1427914249L, 421815581L, 
1680899318L, 2038728470L, 1405761540L, 423909201L, -106156995L, 
-403012723L, 731877291L, 1864805134L, 1175283415L, 1357017562L, 
831232138L, -2048709494L, 1133140305L, -1986476693L, 909916143L, 
-707962721L, -618093555L, -1434356552L, -1145683705L, 984879727L, 
502811728L, -288774248L, -1896457339L, 920985995L, 289835748L, 
-1096111678L, 175769219L, 1879542939L, -32246828L, 1214566593L, 
1334333506L, -1258464807L, -1881882516L, -680931045L, 504642870L, 
1658946848L, 1381897820L, 403617024L, -1067409794L, 2097298661L, 
723901538L, -1129164897L, -1769385273L, -1573748903L, 916087337L, 
-180932611L, -592585769L, 1419470989L, -372683702L, -271561928L, 
-1855367322L, -1419630416L, 1426687746L, -165291991L, 588160862L, 
667652452L, 817323230L, -1405773749L, 901308705L, 712408890L, 
-443116189L, -217053929L, -920375243L, 804992388L, 353462047L, 
1098473193L, -406021805L, -724586016L, 530868183L, -1337345060L, 
921533731L, 495203627L, -948050567L, 831540724L, -1593196886L, 
1148355499L, 1389839028L, 1536601223L, -2017771575L, 461905299L, 
609343801L, 1734085866L, -836933689L, 874257793L, 1650737247L, 
-298874862L, 175396382L, 844085052L, -1124130382L, -785750566L, 
-405321845L, 451643133L, 1111848963L, 135349063L, 1803106355L, 
-987994246L, 1081102305L, -1581576236L, 683661209L, -1274525565L, 
-597551462L, -1425529801L, 80771725L, 1354971752L, -56402895L, 
-1193004529L, 1727628903L, -1631774977L, -1631640895L, 1835609614L, 
350921747L, -1301821652L, -1830378039L, -2134822242L, 100744613L, 
387812055L, -1675366005L, 2110681731L, -22754034L, 833999317L, 
-990870061L, -1842961113L, -1980345736L, 212071344L, 1916670851L, 
-489331838L, -1102486967L, -64852940L, 677139921L, -1474154067L, 
854319769L, 2066894715L, 1450026233L, -344976911L, -2144512405L, 
1224587160L, -661034481L, 307313314L, -1254655408L, -699179594L, 
-1343018943L, 779088883L, 602733924L, 963560085L, 1662718431L, 
278034292L, -360115499L, -870031483L, 2124733846L, -1838371167L, 
1239158096L, -730714214L, 436222946L, -694975240L, 950546513L, 
1920865232L, 1826319087L, -1721521026L, -996160662L, -742609253L, 
-133124210L, -1389988561L, 611683087L, -427258923L, -1847091578L, 
-608566454L, 138155030L, -1369205678L, 1068204529L, 383098020L, 
-1720149213L, 2059811696L, -413889065L, 2016172161L, 515805963L, 
100567699L, 1734126248L, 216197215L, 1078924849L, 978904978L, 
991250342L, -1216261377L, -1036622473L, -1385162182L, -1107527850L, 
1768097948L, 1391878290L, 969767146L, 486208480L, -694935920L, 
1865662211L, 1036268754L, 326485255L, -1834817656L, -503068854L, 
1056884911L, 399593237L, 1033383600L, -1827396280L, -2067519631L, 
22963233L, 2099502010L, -1065964970L, 1664896614L, 453799372L, 
1548112906L, -747375147L, 1575968264L, 95467723L, 1620212500L, 
514543814L, -1765999445L, -977736495L, 2003828685L, -1193053456L, 
1404151242L, 683644272L, 1172169336L, -887949833L, 33272714L, 
1454738847L, 375278315L, -1180196830L, -387038355L, 521743241L, 
-1219740020L, 2144822920L, 91380989L, -1550651078L, 1235373712L, 
1902505413L, -2143335770L, -156590812L, -701835218L, -1020239897L, 
-70632279L, -925985942L, -649545937L, 2098236079L, 28295495L, 
80105586L, 2028852459L, 285365043L, 460797308L, -1780798247L, 
18788544L, -1367812291L, 2066324724L, -1505733611L, -1745878825L, 
2961071L, -2096648676L, 848262253L, 2086205712L, 1952362625L, 
-301572577L, -2098151843L, -2013880406L, 1992271414L, -1429419054L, 
515121983L, 761722253L, -815060187L, -226373694L, 1188849409L, 
1906171957L, -646979677L, -343163343L, -1194122207L, -734792295L, 
1397283655L, 279273024L, -1248179982L, -1040393430L, -2066680212L, 
-1804184106L, 484887063L, 1204955310L, -1201270264L, 691697552L, 
-2060135444L, 1194947670L, 331042680L, -1934751608L, -849670038L, 
-1747402787L, -3002685L, 736227835L, -950448546L, -701809251L, 
1704294989L, -1341705080L, 773494244L, -186739163L, 1284241884L, 
783448694L, -378508671L, 745031568L, 1776596498L, 2085057740L, 
-507629070L, 1317881453L, 1615122273L, 1263857753L, -1418281127L, 
1077677397L, 397558378L, 1935822024L, -1691605750L, 245900259L, 
1830924697L, 454893498L, -2103894243L, 224769879L, -1874772835L, 
658437756L, -1510503012L, 977139808L, -899250868L, -700551494L, 
75304890L, -2036319206L, -964701873L, -744660149L, 88983782L, 
79456635L, 351907157L, -1646972717L, 1359471921L, -1961214266L, 
-312517962L, 2071640060L, -1298601150L, 1984640356L, 1747956434L, 
1533134306L, 1301816533L, -1543089383L, 359689321L, 1751936707L, 
421379151L, -958468869L, 760611597L, -43317332L, 863824786L, 
-1585194080L, -2109746020L, -748804885L, -969524852L, -1503392632L, 
-1160663200L, 1369413927L, -78799216L, 1384647393L, 758699429L, 
-1099912219L, -61681083L, -1655590286L, -1224995228L, -232024661L, 
-1797674499L, -980084895L, -687246620L, -1062660329L, 1456690861L, 
1594822219L, -1612313782L, -2058375782L, -747668096L, 546090702L, 
28803090L, -1578007740L, 1852856535L, -2024113782L, 1016728974L, 
1159509290L, 42745987L, 1879335555L, 1915942554L, 2077847084L, 
-1168234860L, -1854905792L, -872725418L, -1060737715L, -1023488878L, 
-2061020971L, -1931039451L, 1301233738L, 185814805L, 1021923449L, 
938137544L, 649544844L, -2096331304L, -1395543842L, 813614652L, 
1615110111L, -461830939L, 1380170080L, 1989334195L, -1808087412L, 
1833661167L, 393256793L, -1582301019L, 1220155399L, -1992978452L, 
796396017L, -1741699331L, -839838185L, 480895633L, 1007027249L, 
-977280906L, 947902142L, -554079910L, -1932153326L, 33372457L, 
-1390915439L, 1541953045L, 1504530546L, -470668090L, 46903922L, 
-1920299626L, -1917501450L, 965759966L, 462265703L, 1715204894L, 
1968146155L, 150891078L, -1205785090L, -203694271L, -1053989915L, 
1165827652L, -2092903261L, 1063176701L, -352175170L, 1673827952L, 
-1520888802L, -383455696L, 1549938363L, 898006422L, 273302830L, 
2111948455L, 91400894L, 914997644L, -22803927L, -2028682215L, 
203096295L, 1945269839L, -1201976719L, -554413062L, -1484241736L, 
1872994758L, 1810772367L, 1090965588L, 1919523533L, 523241707L, 
-397578223L, 1868175760L, 660092142L, 1096400231L, 2139759788L, 
492679296L, -1950687990L, -2101469865L, -1445725065L, -377090480L, 
1094867080L, -1461148099L, -935985823L, 696344574L, 2057106789L, 
-672386717L, 67844318L, -1485312373L, 1896399650L, -1654650594L, 
-653851757L, -1048190218L, -468043350L, -1606929930L, -1721099488L, 
654503294L, 1273304285L, 1596502076L, 1454362104L, -712962817L, 
-1462357762L, 1524719478L, 1780780945L, 520136778L, -1377051859L, 
854732410L, -600697302L, 1602968112L, 1987244972L, 160906545L, 
2110541409L, 445462126L, 401146784L, -1432414477L, 1990920764L, 
1730395026L, 648907607L, -955698982L, 1093150224L, 1462147005L, 
-1898284618L, 481006348L, -2028341307L, -1132925433L, -943313176L, 
-1378446253L, 101392756L, -1778631286L, 1519349773L, -1973342274L, 
1681772042L, 2054872857L, 352200065L, 1612674897L, 1734474602L, 
923119156L, 843084736L, -1100692442L, 1505135378L, 282056385L, 
1428899449L, -1331389624L, -29231854L, 1627723499L, -475656012L, 
20579182L, -1099023615L, -2088198189L, -2026184072L, 1174650756L, 
1238617900L, -627054318L, -845261344L, 416519577L, 644386649L, 
633316078L, -335814952L, -1265710231L, 1951513304L, 741045455L, 
