.Random.seed <-
c(403L, 489L, -2124887019L, 546306488L, -72849122L, 1603416156L, 
-1588255298L, 231163376L, 1379171598L, 1372066979L, -320482207L, 
1421198180L, -773749957L, 1317544617L, 87724129L, -1715977624L, 
1615845103L, 675248861L, 461372445L, 662375012L, 1869777531L, 
-1397062176L, 437938232L, 1827879441L, 30177460L, -589538279L, 
512395877L, 2098042902L, 612066519L, -595817133L, 247147907L, 
1475821552L, -1879877837L, -1138261580L, -356795868L, -1336092282L, 
-1915228787L, -1411689830L, 339906231L, -812552042L, 228326908L, 
-26354230L, -1064662755L, -904661932L, -73616577L, 997668726L, 
406115252L, 1310827386L, 522454636L, 805250679L, -858748824L, 
-691252594L, -716888632L, 1825159018L, 296224217L, 287017132L, 
-1697471061L, 581066907L, -1038849014L, -1943140700L, -1036466719L, 
-1324849408L, -671110570L, -1542309851L, 30217401L, 1384965300L, 
-2019369797L, -29910306L, -1091302207L, -1518958188L, 1632169175L, 
-2063770721L, -2142144281L, 400788097L, 1026144442L, -579188349L, 
-1150636903L, -599703344L, -1397467153L, 461031965L, -278425904L, 
1176107610L, -807753030L, 31943377L, -674778091L, 146102465L, 
-1653704482L, 1623573448L, 150919636L, -85186850L, -1384237081L, 
701191991L, 635929983L, -403425924L, 765114322L, 1229422018L, 
-875929609L, 1714321836L, -2075461017L, -1371650072L, -2047563592L, 
1812579624L, 743811998L, -1351419507L, -1531930357L, 1392127209L, 
74195114L, 1537949794L, 1332393984L, 1174355128L, -62504187L, 
-4201007L, -378192885L, -2040209168L, -261448442L, -960591952L, 
1297969369L, 577961533L, 814881832L, 983732148L, -1244416611L, 
-920327347L, -90053091L, 1449143264L, 1424906145L, 2076405984L, 
-701607488L, -280430964L, -1539219025L, 1935368998L, 373097094L, 
629873487L, -918999752L, -365144515L, -1392447238L, 390935596L, 
44939099L, -698517750L, -1055749295L, 1249614640L, 1952631263L, 
942350351L, 634702627L, -403698988L, 682832189L, -1399604332L, 
1823736025L, -2011015283L, 1496254545L, 480888985L, -860521049L, 
-2094826093L, 893965445L, 1849235169L, -428899889L, -621238306L, 
-1617508118L, 763599098L, -1043450193L, 1888734993L, 260965978L, 
-2079696867L, 537850333L, 1985832875L, -1860046287L, 807892319L, 
-1206613002L, 1025534704L, -472148560L, 1823108249L, -1675572288L, 
-428927002L, -1419930617L, -697065271L, -1222505468L, 1444568415L, 
-1799999770L, -2034855123L, -510587802L, 747178449L, 1100126035L, 
656305645L, -1242436669L, -1743022331L, 42443602L, -2083697093L, 
-764104220L, -1160483367L, 2122688376L, 1991437734L, 515470154L, 
-1562161942L, 888919252L, 252847124L, -290878691L, -1832010884L, 
2096632236L, -1762000114L, -1506521499L, -577405774L, 535189292L, 
1014216110L, 154785919L, -599473492L, 936561106L, -261356537L, 
674131478L, 702912311L, -980943825L, 1196948096L, 1579133348L, 
-352528039L, -963792132L, -874058638L, -1019064651L, 1490292708L, 
445960456L, 1800952264L, 1554267288L, 2051935729L, -1957037173L, 
-246431700L, 1664402893L, -785156969L, 111761335L, -392046873L, 
1939418933L, -1829434798L, 1407728156L, 819100235L, -1451240846L, 
-540557746L, -670173125L, 107057922L, -1116845883L, -993727052L, 
-932674980L, -95387681L, 1857450710L, 18138424L, 1665508198L, 
1288383389L, -380729420L, -1529771025L, -1040730513L, 398756496L, 
-2088304898L, -614125520L, -561568320L, 518636601L, 56081523L, 
262035436L, -1403681534L, 978132600L, -2096766686L, 107359382L, 
-43620639L, 1634273014L, 1830844832L, 185736404L, 1022930190L, 
395796524L, -132110152L, 753015216L, 1046600449L, -85587110L, 
-754735185L, -1442470776L, -1866315323L, -1958785879L, 2017551666L, 
2075196827L, 2104800043L, -220106834L, -854340590L, 1652059866L, 
996616368L, 1365552773L, 755094412L, -970107296L, 1791867892L, 
-1214594999L, -521199082L, -545054106L, -46183923L, -1871543649L, 
1898288075L, -634822415L, -1861804253L, -1747551792L, 819831478L, 
-1563010800L, 1086780119L, -1879255455L, -82226845L, 1953481385L, 
-1338902942L, -364412306L, -1949678201L, -3354510L, -822036764L, 
-855252616L, -1941675954L, -1359220850L, -334409242L, -1551726086L, 
225650429L, -887727899L, -113305219L, 94712928L, -573657185L, 
245445623L, 457656841L, -1620547940L, 1778796366L, 1310558239L, 
-1301576584L, 1562508454L, 69293114L, -1949692494L, -1339933952L, 
355017917L, 287265388L, -349441737L, -1534158688L, 1101943091L, 
870732930L, 2069179264L, 1888661391L, 1788688742L, -2006750670L, 
1019819437L, -1741713234L, -482234222L, 1576728866L, 577416378L, 
-386058025L, -458456368L, 1662894233L, 1162186328L, 1000870970L, 
1740771538L, 1687007952L, 2120907159L, 772599143L, -795234100L, 
648464701L, 1903962076L, 1408340543L, 1562556106L, -1310011360L, 
240776903L, -920984778L, 1998767108L, 1513751242L, -1166912847L, 
-1797626368L, -538251602L, -1566414455L, -1139761682L, 1341817130L, 
836763762L, -884095888L, -1688824617L, 1676069872L, 656923221L, 
1338133966L, 1352626981L, 1447176682L, 1620459190L, 1658315953L, 
-1845911802L, -480850586L, -754875580L, 614667733L, 1683373948L, 
-1699029753L, 2110098876L, -1992034001L, 126945356L, 1096524991L, 
-1505377283L, 407474890L, -1289894793L, -1970083205L, -332700725L, 
1956847815L, 69732524L, 1342590532L, -692801707L, 712818353L, 
188910266L, 47457430L, -1556294643L, 654878310L, 1038613305L, 
-184132706L, 692862623L, -702129543L, -1408984439L, -278002377L, 
-177505715L, -2063002074L, -505092634L, 80259575L, -1733593983L, 
1968924221L, 1848555298L, 129309805L, 283501922L, -1324900100L, 
-1140219627L, -1789581243L, -934290819L, 1681086724L, 1742037439L, 
1947790427L, 844695683L, 1543769699L, -566256330L, 1518663238L, 
497213881L, 1354622400L, -1629263386L, -578741672L, 114240868L, 
979185427L, 1514833868L, -1310617852L, -696282378L, -253347973L, 
-807261465L, 2072837678L, -173246781L, -898465453L, -1560234781L, 
260818529L, -920898550L, -1483263L, -1913481694L, -1615531708L, 
-1978000342L, -912442080L, 1415651924L, 896757497L, 226826723L, 
1499540800L, 352727230L, -1174985292L, -2119075861L, -285503655L, 
802331210L, 1906507962L, -306175057L, -1919936542L, -1822899700L, 
630121685L, -294813487L, 816099521L, 1257932456L, 85332417L, 
1791419984L, -1054897860L, 944173675L, 680904848L, 475866814L, 
421595099L, 965123059L, -1356589388L, 34451165L, -409949075L, 
605419885L, 1264770887L, -1562882048L, 482921637L, -644572847L, 
725933730L, 2072785929L, -1017269813L, 1142883331L, 1414499530L, 
1784771539L, 1715351885L, 1250928040L, 1751307991L, -1449483443L, 
-1664268395L, 205121465L, -670820825L, 266934284L, -884461327L, 
1461707724L, 477448227L, 265841922L, -545056641L, -505996476L, 
971421224L, 883720323L, -1819915125L, 1090453210L, 1535971030L, 
-92615354L, -990323147L, -1078502018L, 2073944483L, -160206912L, 
1144537097L, 1829937763L, 1853043047L, 346998680L, -489121341L, 
-202332657L, 1017432627L, 1102173729L, -2070118895L, -1417965107L, 
882853816L, 1169910136L, -1511632167L, 491595626L, 1159397073L, 
681268269L, 1466026857L, -1083638483L, 1286532900L, -500048396L, 
-2102098442L, 696429076L, 513762752L, 1837537674L, 391644682L, 
-999972410L, 1863073962L, 515966203L, 550483054L, 2089584675L, 
1776265318L, 716431083L, 67546075L, 639886128L, -559970820L, 
-1906247633L, -2031197944L, -631670827L, 1542985263L, -315782407L, 
79536530L, -475896801L, -2125969871L, 1887557877L, -1333505166L, 
-1317388732L, 12761094L, -1314072247L, -1421279074L, -1451330610L, 
-1712306538L, -168610750L, -1586396782L, 2020283272L, -777786702L, 
-814906019L, -505759240L, -1077940266L, -1017778943L, -1388039485L, 
1079974603L, -1367794665L, 1987638562L, 895954471L, -1948980896L, 
-311985688L, 1518909179L, 1880774538L, -69874536L, -1317057723L, 
-1019123496L, 1582751849L, -613491363L, 738939492L, -210683961L, 
300964539L, -2079561300L, -1600342052L, -1433010387L, 933139689L, 
800986428L, -769603508L, 1270769188L, 1447594475L, -1009194378L, 
2089392554L, 1193883575L, 1699402861L, 856653753L, 1694661098L, 
