.Random.seed <-
c(403L, 10L, 1922139224L, -1832533754L, 1520647393L, 345439347L, 
2094016738L, 1053765716L, 901813591L, 1624655181L, 1728362724L, 
2103035082L, 926411061L, -2005516401L, -1694868330L, 1769067584L, 
-1676106493L, 347662625L, -1746394608L, 1945807342L, 476249497L, 
1434372651L, 580459290L, -1480769060L, 1436030943L, -659075147L, 
-1487177396L, 1340420002L, -1673165059L, 2070398967L, 1293787422L, 
-1245238312L, -1529139909L, 467233497L, 1214629480L, 1830393750L, 
-1578638575L, -1887392573L, -1239644974L, 934687076L, -238246745L, 
2138335741L, -208337932L, 586079450L, 2045693477L, 1935754047L, 
-227405626L, 413822288L, -1846618765L, 346406801L, -148123200L, 
1666569118L, 1906429289L, -1509452389L, -47581014L, 865396428L, 
1671825295L, -895466555L, 1168205692L, -1409067054L, 2094626637L, 
-1466358265L, -1246710290L, 767246536L, 1268420555L, 981117481L, 
-491759496L, -1354279514L, -824827967L, 739050579L, 475589378L, 
787197492L, -1650218057L, 1958181805L, -1992298300L, 2145912042L, 
661637973L, -1475937041L, -445426954L, 1596595744L, -151067677L, 
599861377L, -1038518544L, 1588123022L, 1069669113L, -1951491957L, 
-1176231750L, -1261063236L, 1540417791L, 1709456469L, -1367554196L, 
-516360254L, -261324771L, -1404780393L, 488422910L, -1887662664L, 
-314293861L, -1816983559L, -1092759736L, -1941513610L, 1032065969L, 
1707491L, -859286862L, -1944932604L, 509252679L, 390832925L, 
-1313031788L, -530809542L, 1424449925L, -557895073L, -1192078106L, 
993240944L, 2002020499L, -644766415L, -1771015200L, 728998014L, 
1009482505L, 761568571L, 1269018890L, -1162256148L, -700363409L, 
-1391062363L, 842640476L, -311481294L, -407147731L, -1130057241L, 
-2126525170L, 719020776L, 547106027L, -1622841975L, -392645352L, 
165181510L, 528343201L, 662841139L, -120473950L, 146867604L, 
1711688727L, -1528898547L, 190118180L, 1753011466L, 562607221L, 
-658481201L, 1509490902L, 152944768L, 1303248579L, 763971681L, 
-1361643312L, 560378414L, -161885223L, -388768789L, 934558298L, 
1470385180L, -1536780001L, 1601636725L, 1430030348L, 1492668898L, 
-1170855235L, -362912457L, 1193789918L, -263237864L, -643955077L, 
410649L, -388238168L, -217592234L, -284005679L, 1007848067L, 
253247762L, -1781734236L, 1729311847L, 815185341L, 972046132L, 
-1039246182L, 2101781221L, -47555457L, 1216599558L, -1610522224L, 
747969587L, 1102623697L, 780466560L, 1509545054L, 331482025L, 
1497127515L, 6307434L, -771980532L, -588290737L, -1617682939L, 
-1785420612L, -1484991086L, -255029619L, -1128659769L, 68870574L, 
1968294920L, -1075445749L, 1429026025L, 1418286008L, -2128831386L, 
217545985L, 1473518483L, 1857469506L, 850134004L, -1073050121L, 
-1731538451L, 1983898244L, 265606314L, -2037693931L, -1240744273L, 
104987830L, -1586902304L, -1240336861L, -795346623L, -1934728144L, 
-1665696178L, 376892089L, -1510748469L, -1036798086L, 1376599676L, 
175553215L, -1360798827L, -1381950548L, 579080578L, -286075043L, 
-193512873L, 177254718L, -1939549832L, 1851271771L, 1669586361L, 
715849736L, 1996964534L, -26519055L, -371503192L, -127381620L, 
-2006340932L, 2021198706L, -949206800L, 745454660L, -951984808L, 
926486586L, -646352016L, 1996215356L, -1297790188L, -2061460030L, 
1964510432L, 559535996L, 375437008L, 943610530L, 2090791976L, 
849543436L, -1909720132L, 94008626L, -664016960L, -1225923020L, 
-1835689016L, -1817766726L, 1972660112L, 254093804L, 623391828L, 
790542994L, -1709597920L, -667090484L, 307833824L, 143595202L, 
-1916488152L, 2119126700L, 1176680124L, -344284686L, 1930246448L, 
625936548L, 998632120L, 1006448474L, 1270267280L, 1864043900L, 
-608030444L, 930143554L, 786424576L, 879946684L, 667706192L, 
2036028706L, 1608739144L, 2095008780L, -1022931876L, -487131950L, 
1017500672L, 1225533268L, -720303640L, -1118577670L, -1717384496L, 
-1680104148L, -706822924L, -1450597486L, 1512082528L, 1842075916L, 
-1188287776L, 2117326178L, 1378113192L, -1451413940L, 1725215612L, 
1222721330L, -1900010896L, 2087129412L, 2071390168L, 335524986L, 
662968880L, 800517820L, -430342316L, -1128182206L, 1188183968L, 
686161084L, 1298149840L, 463376738L, 1642768360L, 2141404108L, 
-652194052L, -1564310542L, 614249600L, -800653068L, -318480248L, 
520507706L, 1664824144L, -1343897492L, 868441236L, -1465096878L, 
-530009376L, -2111869748L, 414096544L, -847766142L, 883035368L, 
-1757238036L, -1212258244L, 2135460978L, 855112816L, -1646611932L, 
-997468616L, 1311920666L, 1616794832L, -2007685572L, -372449132L, 
-1254364030L, 376327104L, 1170846012L, -1712492912L, -1880849374L, 
16035848L, 603600012L, -2104671204L, 1585737874L, -1233918848L, 
-1877795820L, 10442536L, -1388394438L, -448710448L, -2003306388L, 
1641746100L, -207000558L, 945968096L, 253453260L, -1033428512L, 
-1075697630L, 1124459816L, 1991815436L, -1300848068L, 1799026930L, 
1391590640L, 1339447108L, -1866523560L, -21596614L, -219131664L, 
677246652L, -711994860L, -493519678L, -319813024L, 123658620L, 
-488813360L, 1417832482L, 1762751656L, 264839564L, 267063740L, 
-150467534L, -1436133568L, 1239962292L, 1111833928L, 90560186L, 
-92437744L, 1806670060L, 2024877140L, -19772654L, -560812640L, 
-1606436916L, 528003936L, 766270658L, 2089239080L, -2047033940L, 
1982024508L, 1471799154L, -678232272L, -886406108L, -268811720L, 
2146846426L, -668204144L, -1680074500L, -76422764L, -999414974L, 
-1006134784L, -946445252L, -1854346672L, 928318626L, -1315702968L, 
466632204L, -1945993508L, 936673362L, -1527086976L, -685827244L, 
783459304L, -545758470L, 1881415504L, -463814612L, 597438836L, 
-321547630L, -1220484512L, 1060308108L, 992212320L, 1521633506L, 
-712245080L, -1700992308L, -680499716L, 392298418L, -2048894992L, 
1225606596L, 1877449048L, -1687931526L, -1777801808L, 1134324156L, 
460094036L, -799715902L, -526697696L, -1551365188L, 1777124432L, 
-1669390366L, 1165960040L, -619452596L, -588514564L, -849331470L, 
1830908160L, 869389428L, -324019704L, -35493446L, 1950267856L, 
1426828268L, 856131476L, -1212994350L, -1674065824L, -1964662452L, 
-1881282784L, 365996674L, -2034447896L, 1805423596L, 1151458876L, 
-541080071L, 1387864206L, -1109546660L, -2008497715L, -1343085257L, 
-2102421568L, -2081337186L, -395627157L, -590803731L, -1415754406L, 
-55960040L, 42769281L, 684761395L, -1073180844L, 1336617314L, 
-1441289L, 653775425L, -2009356602L, -1399855100L, -91297867L, 
-1930061665L, 1629979896L, -631952170L, 1209175395L, 117029L, 
-1487106366L, 143711152L, -952326183L, -1383362229L, 1976661948L, 
1839247338L, -83191777L, -1333264727L, -1520999874L, 1571303212L, 
1126914429L, 1719027655L, -1006006608L, 1034968270L, -884439557L, 
1794350685L, -51402358L, -1228279384L, -979988719L, 478604803L, 
-1904097020L, 1317444914L, -1106687097L, 1209473489L, -321318058L, 
-241018572L, 1045309509L, 1286287503L, -233579000L, -772537818L, 
2089452243L, -346909643L, 484543378L, -1960051872L, 908183241L, 
1426569723L, -1585797684L, -1737907110L, -594028209L, 1509574681L, 
1466633774L, 1464185916L, -2077720147L, -917368233L, -909759584L, 
1366479102L, -643558453L, 1856816589L, -1079613190L, -1617265864L, 
1226438881L, 1068776339L, -1728593996L, 1907262658L, -1487091497L, 
455832865L, -786860826L, -395599388L, 1069587733L, 1359107391L, 
1782565080L, -1121134346L, -59325693L, 769332293L, 1149054050L, 
484518864L, 72294649L, -1095349717L, 1491948956L, 1787129290L, 
1303125695L, 1784872969L, 1968546078L, -2054347572L, -55775075L, 
282690855L, 1885706064L, -1681663506L, -1839042917L, 1933172989L, 
1392707562L, -1376927608L, 829914673L, 299227299L, -673903452L, 
-386945710L, 805677223L, 581565681L, -1268069322L, -1232476972L, 
-1020647323L, -1377201553L, 548523176L, 1680402950L, 215853875L, 
-2026881131L, 146349042L, 150433856L, 1353306537L, 384237595L, 
-871289364L, -130052614L, 1127463471L, 2071852601L, -1954537394L, 
-1079261028L, -244659699L, 1013818999L, -2004173184L, -74294050L, 
1203224491L, -285347667L, -1187093222L, -2019704360L, 1289419329L, 
-1261063949L, -451637484L, -632396126L, -50847817L, 490974081L, 
