.Random.seed <-
c(403L, 1L, -754469287L, 1611343336L, 409493526L, -487257199L, 
-1171770301L, 1912392530L, -551743516L, 172658215L, -1911126403L, 
-2105337996L, 1780845402L, 312237477L, -1208624705L, -1974316474L, 
1432961232L, -882173197L, -1181066223L, 554658368L, 2113547806L, 
51538153L, 288959003L, 235297322L, -1119154868L, -383201521L, 
-1908977083L, 1447736316L, 2029890130L, 78436301L, 461046151L, 
-1059679122L, 1435307080L, 1176483403L, 50711465L, -655801608L, 
-597383642L, 458866497L, 810976467L, 1481803906L, 1205053108L, 
867844663L, -2103047891L, -677926332L, -1134618774L, 698909653L, 
1773016431L, -1126723466L, -1364018272L, -1496474525L, -1267422975L, 
817276017L, -681869298L, 1040064633L, 1635557387L, -707858118L, 
307916860L, 1885206399L, 1271565525L, -207851284L, 1889544770L, 
1944464797L, 478042135L, 1250057598L, -1127414984L, -189621221L, 
940074361L, -1188326456L, 1529946102L, 488153649L, 151442531L, 
1733499954L, -1123616380L, -1975353401L, -104074595L, -825282028L, 
-1338146630L, 1884515589L, -238545185L, -1119823002L, 487111408L, 
-1044772333L, 79602609L, -1317269920L, 980728830L, 1664959369L, 
-785980229L, 50479242L, 545588076L, -1286240017L, 722993957L, 
-731410980L, 1419762610L, 1845789357L, -318571929L, -1318188658L, 
1870077544L, -1192318357L, 770819081L, 114989720L, -624796218L, 
-605553375L, -1728418381L, -1335400158L, -1331723500L, 275028887L, 
-1529281651L, -1375879516L, -2002161526L, -1421445387L, 855771471L, 
-813242794L, -1203102464L, -630495165L, -1927984159L, -2049338544L, 
-739015250L, 1433553753L, 904126827L, -381400870L, -291954276L, 
-1338438241L, -1253810187L, 1894010508L, 113535842L, -456998083L, 
257192887L, -1741752226L, -1516227176L, 932069627L, -1897907047L, 
871193896L, 1413721046L, -843452335L, 1851376387L, -1744031086L, 
150192164L, 1334996711L, 909574973L, 385825716L, 1885202458L, 
1929468773L, 454411775L, -660223866L, -930483184L, 1044948659L, 
-2039147183L, -952021760L, 52615134L, -721726423L, -1367231525L, 
1212393706L, 412919436L, 656185807L, 144805253L, -259901892L, 
1297898258L, -1019430899L, -1339339961L, 1134027054L, -809662328L, 
2033388939L, 1276884329L, -336259272L, -1321068058L, -798057087L, 
-1603759853L, -1537478974L, 1043007860L, 1506439543L, 668410477L, 
-45273852L, 1301596202L, -397507179L, 1490086447L, 1002813238L, 
-495507616L, 994307491L, 1012500161L, 1906327216L, 1057765838L, 
-1045885639L, -137223861L, 19129082L, -879627268L, 298103871L, 
609520917L, 1241085484L, -1939924222L, 1716520925L, 2070229719L, 
-957362754L, -1817188360L, 690938843L, -1407115719L, 394962824L, 
959805238L, 476603761L, -1435672669L, -42236174L, -2072318396L, 
1792192775L, -1290172195L, 40492500L, -1401556742L, 763709509L, 
677236895L, -1612686810L, 2098024112L, 1913205587L, -210690447L, 
-1975950432L, 85467966L, 1438370377L, -2108875013L, -1321877814L, 
-1893490644L, 324474927L, 2037868773L, -2137833060L, -1512731662L, 
-381151635L, 1907909543L, 1977957838L, 252377896L, -1670852309L, 
-2017195191L, -1655173032L, 2056799494L, -1789116222L, -1060713432L, 
969283500L, 2004478652L, -365339662L, -1733880272L, -2113794140L, 
-1235989064L, -1006397606L, 779030672L, 1452657532L, -954228460L, 
-1658222270L, 1088180480L, 2030001596L, 1816371536L, -1843308254L, 
-247588280L, 790360076L, -282237348L, 562055634L, -2059274752L, 
-142400172L, 1145646312L, -352497414L, -1243289904L, 800762668L, 
-1647709964L, 1529141650L, 454049120L, 94821388L, -470139680L, 
1398927970L, 824009896L, -132252596L, -1149253764L, 64641330L, 
-1918295440L, 1459512132L, -266976296L, -1497902214L, 707156016L, 
-281571396L, -1006931372L, 1785573442L, 1038397088L, -1790836036L, 
1300466640L, -1258963614L, -1602793752L, -46011188L, -544841220L, 
1718746610L, 1035248768L, 1180117492L, -10663288L, 1368169274L, 
1540590928L, 1389014124L, -1801103980L, 415719506L, -67600928L, 
-106998580L, 1692532384L, 1116959106L, 51947752L, 335252204L, 
-1393187524L, 1796911218L, -1682288016L, -209544668L, 804792376L, 
-504641254L, 1738212560L, -2092971716L, -1454541932L, -694548606L, 
1556007872L, 1494652476L, 1502511504L, 52762658L, 1404704008L, 
1956374668L, -1973326052L, -891448174L, -2026302080L, 194338836L, 
1593411368L, 1872873018L, 1904955856L, 500873580L, -494976076L, 
-1761785326L, 273516512L, 1157016012L, 1160870112L, 2134723618L, 
-1492380888L, -1769178612L, 948589372L, -1665765390L, 643023600L, 
-351184316L, -1563345320L, -1856686278L, 6262768L, -1644158276L, 
1656182036L, 1687264450L, 1675476064L, -633313924L, 1100947408L, 
-859590366L, 1114937000L, -100722804L, -303807300L, 1324120882L, 
14870080L, -1616616268L, 646632520L, -214608454L, -1716078064L, 
348650732L, 1324015956L, 611005202L, 431123872L, -1140466996L, 
-925033888L, -2111524926L, -492473560L, 1458813356L, 2128198972L, 
1727953778L, 1780084016L, 2085283620L, -794434248L, 1201063642L, 
-1266106480L, 2144623356L, -2009719916L, 1199699010L, 457315584L, 
-1356306372L, -356229808L, -745814878L, 1105431368L, 2034040588L, 
1996013276L, -1688965294L, -977889664L, 1701009492L, -623107096L, 
1863740154L, 621696336L, 361594668L, 951788404L, -307715182L, 
-1529474464L, -1827178612L, -1025583264L, 1314161634L, 1732451240L, 
-1528935220L, 449542652L, -1009576014L, 351446512L, 843335108L, 
-394815144L, 1081855354L, 418594224L, 1230742460L, 2137256020L, 
479137730L, -408412128L, -21450564L, -1769629104L, 747030498L, 
-225411480L, 752627276L, 519557372L, -1811408910L, -1726651136L, 
-715824268L, -410345464L, 1921962426L, -1867391536L, -2088430612L, 
-207385708L, 415013842L, 1946281824L, -455933620L, -1656114912L, 
-1625723006L, -583629080L, 1032558828L, -1416694212L, -92392590L, 
1821832816L, -815291356L, -1639878856L, -337626982L, -2058506544L, 
-539784004L, -127210860L, 190800514L, 414838976L, 42804540L, 
-505825136L, -1774889438L, 77394440L, 618036492L, -1484225892L, 
-1595558382L, 313596288L, -640329196L, -487809496L, 1364394298L, 
1911811024L, -1700802964L, 1239442228L, 1693770386L, -555375264L, 
1812815180L, 1402418144L, -1031254110L, 640597928L, 526100364L, 
1588828831L, -1895979223L, -1245045826L, 945212076L, 1583126525L, 
-1267523769L, 1756831792L, -647059122L, 699724155L, 2095548125L, 
-757973238L, -2067810776L, 465411729L, 1797633667L, -1365973116L, 
1216830898L, 1683886855L, -453826223L, -1575980842L, -819044940L, 
-268355131L, -794560241L, 559105928L, 17102502L, 1045309011L, 
-83060811L, -1711540974L, -1812017440L, -329526455L, 1598459259L, 
-858191796L, -2018700838L, -1103336497L, 1436738969L, 1225768366L, 
-1771107652L, -462066899L, -47261481L, -1330388704L, -1867585922L, 
106131531L, 417057357L, 834967674L, -790501192L, -1300428191L, 
505982995L, 721165876L, 2128377922L, 1530624087L, -2036032607L, 
183950438L, -1227672476L, -1153495147L, 1038870719L, -1338910632L, 
-380793738L, -2079583101L, 1751839941L, -611978782L, -917309360L, 
-1054684807L, -639906133L, 963347996L, 1724199242L, -26697409L, 
1664288649L, -524851298L, -1008994740L, -2015920099L, -1931751001L, 
1511347408L, 682858094L, 1447342363L, 234267261L, 1808087146L, 
-459897592L, 886362545L, 758654499L, -249945308L, 600163282L, 
-1731280857L, 384998001L, -733065034L, -768071596L, 481401061L, 
-1429130001L, -1130776536L, 1699122310L, -1578416461L, 490784789L, 
-884200846L, -817121600L, 380013353L, 1714604443L, -191426964L, 
334082682L, -1102318673L, -200808775L, 1578748110L, 762962460L, 
553494925L, 486500343L, 1471245056L, -621735586L, 1265857067L, 
616258861L, 2076672410L, 1801944920L, -1514498367L, 1009510771L, 
1827652244L, 1034811170L, 641847863L, 616822529L, 310406662L, 
-1516284860L, -863640203L, 170551519L, 651926584L, 1879997462L, 
1192786979L, -258184219L, -131604990L, 1110570096L, -1111145959L, 
646441995L, 840232700L, -1732114646L, 27076959L, -146202391L, 
-306456578L, 689265644L, -1570001091L, 1940697863L, -813798672L, 
-826010994L, -618402629L, -521688931L, -17632182L, -1697304984L, 
-2128264623L, 77873475L, 668678212L, -83445006L, 1291567815L, 
1196408977L, -1012953578L, 1037962356L, 1441482501L, -1392900785L, 
