.Random.seed <-
c(403L, 11L, -1576574503L, -1956807189L, 1355946074L, 767171100L, 
-95978721L, -674320523L, -1174604276L, 574926818L, 835638461L, 
1362383671L, 619527134L, 102201624L, -1642312581L, 1783591449L, 
-1787366744L, -1705961386L, -1033669423L, 735416451L, 581280530L, 
-1358285148L, -1007361433L, 64355261L, 586839348L, 1669713562L, 
-308028187L, 898506367L, -779335674L, 1397877648L, 2045326899L, 
1001170385L, 1964406656L, -2077726114L, -2044178007L, -489176997L, 
336926826L, -1964476148L, 915968847L, -1874046971L, 1194454716L, 
301328274L, -1500310387L, -1090956601L, -1115077714L, -251535864L, 
-1374891509L, 2079687401L, -793236040L, -37991834L, 101742337L, 
-2021949037L, 1190009410L, 1501556212L, 886282231L, -2043507731L, 
1864508548L, 867465898L, 332853269L, 1455569071L, -64497994L, 
-1701075744L, -1523193821L, -935954623L, -1337525712L, -292329394L, 
-1417635655L, -846443317L, -2030923398L, 515443836L, -355473217L, 
-1625580139L, -2140250708L, 97138562L, 1841831261L, 1045369943L, 
-474188994L, -263136392L, -1985374117L, -1503125575L, 765763080L, 
-1472262986L, -448750607L, 132441635L, -837380494L, -1078440764L, 
417532551L, 1574142557L, 1434158164L, -235008390L, -1983664699L, 
1415679775L, -617612634L, -565035984L, -1631969581L, -739214095L, 
-671573984L, -111952194L, 1334778569L, -14094213L, 1413606986L, 
-1450566996L, 1205374383L, -1635173019L, -1004295396L, -2114302094L, 
1392436205L, -1300945881L, 1545550926L, -1371570008L, -1500991829L, 
872532937L, -577411112L, 1808789126L, -1878329503L, -1628787981L, 
937129314L, -537230380L, -1611815209L, 757386445L, -69989276L, 
-856243638L, 1943652277L, 717757199L, 1831872534L, 1381642944L, 
2053031043L, 268906657L, 1278752400L, 1479304558L, 1954599705L, 
1817630635L, -529336934L, -1819307684L, 850094175L, -955766731L, 
-1329845300L, -1488609502L, -484589187L, 1586063991L, -86576226L, 
1266270808L, -1409029189L, -482304679L, -544712984L, 2134746902L, 
-1274976111L, 373302595L, -610803630L, 851460836L, -528394969L, 
152612221L, 282436724L, 1985670746L, 989436581L, 1306534079L, 
-73768122L, -1000558128L, -447769613L, -1580782831L, -1069966528L, 
-134798562L, 1406217193L, -944971493L, -1927734486L, -1496081332L, 
1022710799L, -451469499L, 2020309244L, -1985312942L, -1381021491L, 
1784223879L, -1421079698L, -1248993976L, -599504565L, -996500311L, 
-1537688072L, 995747110L, -1595238847L, 1434787795L, 1149744514L, 
-1866475084L, 123282743L, -2048298963L, 335134020L, -1665680790L, 
-19180331L, 705618543L, -1059698826L, -1951487840L, -2128576157L, 
-679161343L, -281583248L, 448610574L, 1537946489L, -1656456437L, 
-1403706310L, -693451972L, 206952575L, -556287019L, -1569270292L, 
-151218366L, 2114115741L, 1056432407L, -459376514L, 1133203512L, 
-1767487717L, -153926535L, -871019320L, 1727732982L, -2143265487L, 
520830307L, 1883676466L, 1815206020L, 1706820807L, 1276176285L, 
1731048212L, -1453088326L, 1034401797L, 1551093215L, -663551898L, 
-20107280L, 99780883L, 1960228529L, 2054881632L, -1263880450L, 
152113801L, 1207578043L, -1583581302L, 1730685372L, -956082126L, 
-1661732032L, 849643188L, 894447944L, -2045533510L, 896718608L, 
27887852L, -1640523692L, 351825682L, -2107997792L, 204492748L, 
1360484192L, 1445033154L, 1295113768L, -297694804L, 29578044L, 
1412739954L, -2120018128L, -1754109916L, 1766620728L, 16995034L, 
-1374410864L, 106622204L, 1048106388L, 270930754L, 1979664896L, 
1705846844L, -1025119664L, 409043106L, -1749150904L, -91299316L, 
2008658652L, -1117394862L, -660198272L, -67276972L, -1714585624L, 
-224265478L, -1429815472L, 1098880044L, 99021172L, -1238370670L, 
974068320L, -765863796L, 995199328L, 311421154L, 298116264L, 
-990322996L, -214341124L, -1115081806L, -429655056L, 2133699012L, 
-1940116136L, -1188488838L, -197682768L, 189850044L, -1931997612L, 
627816898L, 1586711328L, -874652740L, 1434120272L, -760667166L, 
1422411624L, -1912381620L, 1874923260L, -1666707726L, 207932672L, 
1783915636L, 732687880L, -1784513094L, 2114913744L, 478752748L, 
-1884910700L, 1486696658L, 1544698976L, -1637518004L, 967314208L, 
-793937278L, -1277353496L, -357440532L, 1103042108L, 768392818L, 
805696368L, -289649372L, -674866632L, 1783730586L, -1383938608L, 
-1733990980L, 1052722836L, 1661174402L, 603297216L, -190763204L, 
136016528L, -1809422558L, 255907336L, -269122804L, -2022384740L, 
-781679598L, -827927680L, -140932332L, -82168536L, -1828417478L, 
1686877136L, -1212589460L, -1155646412L, -1799382894L, -1649098400L, 
-40653492L, 312036832L, 236663714L, 1513917352L, 1045712012L, 
1608975292L, -1595622286L, -1874962448L, -1727851452L, 1556461656L, 
779280442L, 463286384L, -1231464900L, -1601661164L, 1343597250L, 
-1553771808L, 901008508L, -1234076464L, 1681542050L, -95605208L, 
163117324L, -1847830596L, 650406194L, 1353916608L, -2038693324L, 
-1370322232L, -759350598L, 1328841872L, -755763476L, 1247108692L, 
1262814866L, 1623299872L, 970868684L, 579412192L, -871907646L, 
450987048L, 824904620L, 1991121596L, 2070923762L, 1233770032L, 
1046431652L, 1246925240L, 385577818L, -1338313584L, 857209724L, 
-570165484L, 63458626L, 1935687424L, -1502055492L, 201068368L, 
-1352247006L, 91824712L, -269455348L, -1157696420L, -133447214L, 
1113185792L, -584388268L, -1146916632L, -697626374L, -142113072L, 
-1302097620L, 403607796L, 1824140690L, 1895573856L, -1784780788L, 
1611424480L, -1131447710L, 1348276904L, 653650508L, 1998102396L, 
563922226L, -29510032L, -857763004L, -1182029864L, -174172294L, 
-919476688L, -441952324L, 749254228L, 759210050L, 216707232L, 
-500205892L, 726301136L, -62205086L, 1028911848L, 1545019596L, 
-578117124L, -263331342L, 1574251136L, -1287922188L, -942627192L, 
-2080825542L, 450319184L, -1269068692L, -798330476L, 770503762L, 
1067401696L, 1700261068L, 518079648L, -360708734L, 2115856616L, 
1794954988L, 148030780L, 1247599730L, -2020591504L, 1251520548L, 
-2077467592L, 1917644570L, -1701991216L, -227033284L, -142592108L, 
1579737986L, 1941989824L, -46334404L, -1629330032L, 844733986L, 
-852081400L, -1534886260L, -1995641060L, 1069285522L, 892533120L, 
957252036L, 502327541L, -1276434081L, -536419400L, 791430806L, 
1622888611L, 754113125L, -519073918L, -1713830672L, -648340327L, 
-879643509L, -877707908L, 1740802986L, -1385444385L, 340009321L, 
1476234622L, 1344605548L, -1414556227L, -1182951801L, 1442968176L, 
1863964942L, -1958656453L, -1890642659L, -713556022L, 1394100456L, 
-755512367L, 1246735811L, -661330236L, -1076597390L, -1966161849L, 
-1688812527L, 591046038L, 278903028L, 1984918149L, -215958577L, 
623964872L, -1330097306L, 957131155L, -1780964619L, -399295790L, 
1070834976L, 158829833L, 776395323L, 1971310476L, 714329626L, 
-701942129L, 516215257L, 1721951854L, -910539268L, 348634989L, 
-752260841L, -1355725600L, -531846466L, 1210591371L, -1200761075L, 
-615123142L, -1688055944L, -1966971615L, 1131181523L, 677369076L, 
957836674L, 154966039L, 1219878625L, 501418022L, 406474020L, 
534771157L, 1990670719L, -980883432L, 1075238710L, 386281923L, 
286146565L, -1075567710L, -449155184L, -1162917063L, 1770577899L, 
692879580L, 533790986L, 926846975L, -1184914871L, 1030408158L, 
861194124L, -420948131L, 1592381287L, 971289744L, -994665810L, 
-1191250085L, -588888259L, 1789015466L, 1414920776L, -1134077327L, 
1840495587L, 17049316L, 1519484434L, 715016679L, 1372628401L, 
1975198710L, -110719468L, 820924709L, -440780241L, 153436136L, 
-929388346L, 1778232691L, 2126394837L, 337541554L, -2029029504L, 
1272114025L, -1874960421L, 1682999084L, 104819002L, -1965615121L, 
2092196473L, -569432818L, 476794076L, 2133812045L, -1758385481L, 
1845577792L, 1164437790L, -518261781L, 1595473773L, 1448719834L, 
-464091240L, -198490623L, -2144147533L, -1890937132L, -1941721118L, 
-5483913L, -354399295L, -566216378L, -854890364L, -100159947L, 
1617843743L, 1211380088L, -2034642858L, 421141731L, 955407013L, 
1783031618L, 1294718256L, -1434450599L, 1092970187L, -1772134596L, 
