.Random.seed <-
c(403L, 10L, -50749765L, 1006557834L, -882506388L, 1044505327L, 
-2026914523L, 276179932L, -518805070L, 2110408877L, -1383729049L, 
952749966L, 888133736L, -244104085L, -1889628663L, 356946072L, 
288865222L, 432402209L, 365607859L, -1961659614L, 944047380L, 
1784579479L, -1993400947L, 280870052L, 521772682L, -240511755L, 
1826351951L, 629380182L, -536455424L, -1150225853L, 1904314849L, 
1824066896L, -138615890L, -1309294247L, 1508220779L, -1456484646L, 
1947615132L, 1870226335L, -1688942091L, -954733428L, 398734690L, 
1191807293L, 312926647L, 1499137630L, -1104965736L, 1147879163L, 
867874457L, 1572970280L, 1284167126L, 692394577L, -1362456317L, 
-300315502L, -1989426652L, 428358887L, -1639698115L, 1902028212L, 
-1164289510L, -1196940955L, -558534657L, -1956673914L, 54017552L, 
1964901555L, -446628015L, 1791537920L, 1228736990L, -164703703L, 
-1355365925L, 173633258L, 1611111564L, 969933775L, 1994029957L, 
-918112196L, 1923332370L, 902491661L, -1774445241L, -295340242L, 
-103101816L, -629703797L, -537322647L, 2066437432L, -1860896794L, 
-237498495L, -1473108205L, -1609240382L, 678792052L, -745687177L, 
1915703405L, 906931972L, 1849847338L, 1646871445L, -2127017937L, 
1875689782L, 2091376992L, -420184157L, 1825818817L, 626849968L, 
913770446L, -100656327L, -973638837L, -136533766L, -93457924L, 
1120031295L, -2087045355L, -788020180L, -321176318L, -672410147L, 
1312400599L, -1619095618L, -781211144L, -1845260837L, 820683833L, 
1016317320L, 640799030L, -355439759L, -490419805L, 2011837682L, 
537126980L, 1553042183L, -896365859L, -1230335020L, -787016966L, 
527959621L, -1802215777L, -2144558042L, -612495184L, -825603757L, 
415978609L, -1595373152L, 1830552894L, -1002617783L, -869199621L, 
-1638819638L, -114639316L, -864320977L, 1544829669L, 1180180380L, 
1326430706L, 335991917L, -1226312281L, 1149460430L, -502383320L, 
106045227L, 728974665L, -142349736L, -1849941242L, -2126475551L, 
856083059L, -2100268318L, -584225196L, -729319593L, 696322893L, 
227442404L, 797949642L, 1278476085L, -822217329L, 1532080790L, 
703711808L, 1029233411L, -16569567L, 2009189392L, 27786222L, 
1675439001L, -1659734997L, -1736642278L, -1019116580L, 1037460959L, 
-475000395L, 1191329612L, -2135681630L, 1195799805L, 311548407L, 
-127035618L, -331339304L, -1652718789L, 1703912665L, -1176000408L, 
2100346262L, -1127946991L, -595523901L, -1743337774L, 1115520868L, 
-707181913L, -1180177411L, 104865268L, -1620690214L, 721681445L, 
-310496961L, -2108053818L, -2093192368L, -842935437L, 727614865L, 
1871251392L, 121860510L, -873645207L, 1460989851L, 80844458L, 
1370464460L, 1454465423L, 1334228421L, -747447940L, 1568500178L, 
-559950515L, -1044297721L, 1459857390L, 1653591752L, 834347467L, 
-2005003223L, 1384809080L, 204091302L, -677385791L, 1558994515L, 
-133712638L, 1766552628L, 104875447L, 616458669L, 700164804L, 
-1185911062L, -533872299L, 1221015279L, 707020022L, 1822397472L, 
-1519647261L, -1991018879L, -2060091152L, 1901625230L, 288723193L, 
1947523723L, -2114405702L, 32503228L, -853538670L, -1393542784L, 
-363955180L, -230355160L, -543754694L, -1993465392L, -169447060L, 
-109242444L, -1406964206L, -1078062112L, 1705989580L, 1308439776L, 
-1436663774L, -1241094360L, 1338435084L, -434633924L, 513348594L, 
1808911088L, 705260100L, -881195432L, -467523782L, -1275116560L, 
1544476348L, 1478964500L, 407376066L, -447169440L, -1508337284L, 
1742464976L, 1228753186L, -1341981016L, -643716212L, 1522732220L, 
1011179314L, 1005646400L, 1310090420L, -1536961464L, -1299752518L, 
319999504L, 558577900L, -540202668L, 257935122L, -1907563104L, 
-2025043252L, -306592160L, 1325494210L, -1055358168L, 1996791212L, 
-1017802436L, -806826126L, 1389584688L, -1316323548L, -1059203784L, 
-1090389286L, -1804593264L, -1593249028L, 239763348L, -439158718L, 
1043410176L, 1538837564L, -240345776L, -838375262L, -1352726712L, 
169137932L, 680295132L, -240336046L, -2035539328L, 518621268L, 
-1336599576L, 1831278330L, 1706109264L, 1628709676L, -606341260L, 
-1058221166L, 434550368L, -1306189940L, 1842152288L, -1636800542L, 
-791335000L, -1289650996L, 1087057404L, -1088746574L, 918661616L, 
1274505668L, 1921479000L, 48014714L, -1528663632L, 1672548284L, 
-766627756L, -541195326L, -1181309920L, 861801660L, 1441753680L, 
983093218L, -1933560216L, 421644876L, 1031569660L, -1314508814L, 
1296153856L, -2026875020L, -1875795960L, -568797766L, 571350480L, 
-1304411156L, 671604628L, 1929391058L, 1143600992L, -1699539636L, 
2030533920L, 64951170L, -779556120L, 883094764L, 222542396L, 
-986653838L, -1730532752L, 446171172L, -1139886280L, -1745797990L, 
549696208L, -2039324484L, -1826576748L, -446151038L, 1964104896L, 
-250883780L, 728686736L, 1962433058L, 856659464L, 1884033292L, 
1131233948L, -932979182L, 1055108480L, -2121159148L, 681961000L, 
1589368122L, -1700739120L, 275317356L, -1788401868L, -1629973870L, 
-944522912L, -1812184756L, -726130720L, 486526882L, 1192196008L, 
-1276167284L, 354129596L, 1728699250L, 2134272240L, -1045047228L, 
269966680L, 610272314L, -1895849104L, 614163516L, -1661166828L, 
-1054275134L, -1191972640L, 840017788L, -2127565104L, -85424478L, 
-842669016L, 1281771788L, -138009668L, -1355272910L, 721215424L, 
-382479820L, -113079352L, -1503624006L, -1969049712L, -1259256340L, 
-290619308L, 645893778L, 903101216L, -1049805364L, 256322528L, 
2144752322L, 21719592L, 1074912940L, 751579836L, -24698382L, 
923117872L, 1603804324L, 1984975544L, -165680294L, -264196720L, 
-1924423300L, -1994892012L, -1251817150L, 455033600L, -853959748L, 
641764176L, 1226727714L, -389640888L, 269801484L, 1552201820L, 
813110482L, -943536128L, 272681812L, -276942360L, 1219913722L, 
92202704L, 203314476L, 1947850996L, -946661486L, -1871901600L, 
16207116L, -733616416L, -988287646L, -749583704L, 679488076L, 
181061500L, 42535730L, 1892896368L, 564567364L, -1148818472L, 
847962234L, -1940236752L, -762586436L, 1112061780L, 942094914L, 
-1550378080L, 1303238844L, 1403253200L, -1397897886L, 331785192L, 
1474660300L, -1413478660L, 1738502130L, 1818262656L, 628205812L, 
788390629L, -504586513L, 1755806248L, -223768954L, 1194977459L, 
-866558443L, 488476786L, -708977472L, 419434793L, -684292197L, 
-977026964L, 1029977210L, 1131527599L, -306250567L, -125458738L, 
-133807076L, -378914931L, 1366516215L, -755460864L, -432987298L, 
1178166315L, -1244300499L, -2004244582L, 1926673752L, -428656447L, 
-1096177805L, 1184205972L, 427522338L, -40474569L, -600868607L, 
2024483846L, 1999120964L, -1207098507L, 2014373599L, -2029698504L, 
-949040618L, 837156387L, 1920694757L, -273201150L, -1019428240L, 
-140941287L, -1479728629L, 100624636L, -484207318L, -1928287393L, 
-208438551L, -1584733698L, -1866994196L, 1063583037L, 1855784199L, 
1117177072L, -2122696562L, 776524475L, -562599267L, 1583713866L, 
956691560L, 1544596561L, 1255487299L, -923725244L, -972619534L, 
1042263239L, -2088077679L, -1131329514L, 130921076L, 522339589L, 
-1150600369L, -378596024L, -576452378L, -1354867181L, 713302389L, 
-1625623214L, -500427360L, 1027409033L, 768025787L, 1830754060L, 
798293658L, 914932751L, -1849802663L, 763440366L, 1450026876L, 
83284973L, 910302359L, -571824288L, 412712766L, -723083253L, 
-1872648051L, -1570524742L, -1703518216L, 608148385L, -1103817389L, 
-170111884L, 358981122L, -1838174057L, -607174047L, -1268507994L, 
225624740L, 529467221L, 1046219775L, 908958360L, -1107951690L, 
2043360323L, 1810591109L, 680310306L, 683240720L, -1874772807L, 
1444544875L, 782119004L, 1552121226L, -1515157121L, -43379511L, 
-1687918242L, 1167444492L, 1000484317L, -1974160153L, -79097584L, 
-1042862034L, 1423623899L, 1667825597L, 1878153514L, -2034725432L, 
202019569L, 636107875L, 750602340L, 914637714L, -270710681L, 
23599153L, -1004902026L, 1859245716L, 384146597L, 1020019119L, 
1125423720L, 1813439046L, -659470349L, -937019563L, -374609614L, 
-246055680L, 583728617L, -1271445413L, 939842220L, -1283701574L, 
