AgriComp <-
structure(list(Index = c(-0.757070116, -0.966721252, 0.877886971, 
0.526472762, 0.006297377, -0.820184984, 0.06156268, 0.398396439, 
-0.789080202, -0.020347529, 0.763531285, -0.975853966, 0.13709262, 
-0.527948764, 0.318587685, 0.314882375, -0.257709622, 0.648192111, 
-0.22297372, 0.351717211, 0.541927882, -0.535510886, 0.216086152, 
-0.412230726, -0.378342724, 0.555566623, 0.1464999, -0.020485521, 
0.083950748, -0.831711576, -0.139986538, -0.244277688, 0.223555442, 
-0.837937923, 0.090358355, -0.439752596, 0.137747276, 0.60264851, 
0.138645728, 0.36589045, -0.395656731, 0.2157309, -0.252102944, 
-0.242953906, -0.312200652, -0.833026388, -0.405929894, 0.379265197, 
-0.520802971, -0.850761999, -0.66096423, -0.976681614, -0.343162924, 
0.295612225, 0.297369922, -0.160784367, -0.694355804, 0.003510648, 
-0.127934687, -0.165874924, -0.997150891, -0.048087157, -0.145942874, 
0.245319207, -0.754988756, 0.710628939, 0.328667431, 0.102544542, 
-0.302580001, -0.258277777, 0.211183867, 0.631832183, 0.313179522, 
-0.170611563, 0.078610558, -0.337472267, -0.888601345, -0.322044272, 
-0.814831039, -0.352202913, 0.12035222, 0.16417968, -0.012276898, 
0.138590467, -0.019232022, -0.345925404, -0.229730211, -0.359370597, 
0.257279285, 0.428899702, 0.062117583, -0.179581188, 0.111079814, 
-0.36261681, -0.386489875, -0.073557171, 0.661316671), Country = c("Albania", 
"Algeria", "Argentina", "Australia", "Austria", "Bahrain", "Belgium", 
"Belize", "Venezuela", "Bolivia", "Brazil", "Brunei", "Bulgaria", 
"Cambodia", "Cameroon", "Canada", "Central African Republic", 
"Chile", "China", "Colombia", "Costa Rica", "Cyprus", "Denmark", 
"Dominica", "Dominican Republic", "Ecuador", "Fiji", "Finland", 
"France", "French Polynesia", "Germany", "Greece", "Guatemala", 
"Haiti", "Honduras", "China:Hong Kong", "Hungary", "Iceland", 
"India", "Indonesia", "Iran", "Ireland", "Israel", "Italy", "Jamaica", 
"Japan", "Jordan", "Kenya", "North Korea", "Kuwait", "Lebanon", 
"Libya", "Luxembourg", "Malawi", "Malaysia", "Maldives", "Malta", 
"Mauritius", "Mexico", "Mongolia", "Montserrat", "Morocco", "Mozambique", 
"Netherlands", "New Caledonia", "New Zealand", "Nicaragua", "Norway", 
"Oman", "Pakistan", "Panama", "Paraguay", "Peru", "Philippines", 
"Poland", "Portugal", "Qatar", "Romania", "Saudi Arabia", "Senegal", 
"Seychelles", "South Africa", "Spain", "Sri Lanka", "Sweden", 
"Switzerland", "Syria", "China:Taiwan", "Tanzania", "Thailand", 
"Togo", "Tunisia", "Turkey", "United Arab Emirates", "UK", "USA", 
"Uruguay")), .Names = c("Index", "Country"), class = "data.frame", row.names = c(NA, 
-97L))
