ChinaPop <-
structure(c(1.09, 1.43, 6.09, 6.02, 4.62, 0.97, 2.57, 2.67, 0.96, 
2.21, 5.02, 6.2, 5.98, 7.83, 5.83, 5.25, 3.05, 5.15, 7.02, 8.16, 
8.93, 3, 2.9, 7.38, 7.97, 10.79, 4.01, 6.02, 9.49, 10.98, 11.38, 
1538, 1043, 6851, 3355, 2386, 4221, 2716, 3820, 1778, 7475, 4898, 
6120, 3535, 4311, 9248, 9380, 5710, 6326, 9194, 4660, 828, 2798, 
8212, 3730, 4450, 277, 3720, 2594, 543, 596, 2010, 0.8362, 0.7511, 
0.3769, 0.4211, 0.472, 0.587, 0.5252, 0.531, 0.8909, 0.5011, 
0.5602, 0.355, 0.473, 0.37, 0.45, 0.3065, 0.432, 0.37, 0.6068, 
0.3362, 0.452, 0.452, 0.33, 0.2687, 0.295, 0.2665, 0.3723, 0.3002, 
0.3925, 0.4228, 0.3715, 76.1, 74.91, 72.54, 71.65, 69.87, 73.34, 
73.1, 72.37, 78.14, 73.91, 74.7, 71.85, 72.55, 68.95, 73.92, 
71.54, 71.08, 70.66, 73.27, 71.29, 72.92, 71.73, 71.2, 65.96, 
65.49, 64.37, 70.07, 67.47, 66.03, 70.17, 67.41, 48001, 18601, 
40036, 23197, 23660, 44404, 22832, 30888, 40549, 63909, 33115, 
29007, 21877, 19946, 50909, 48450, 36287, 34917, 66510, 22556, 
5524, 16122, 35297, 14897, 18117, 293, 28734, 13637, 4682, 4895, 
21340), .Dim = c(31L, 5L), .Dimnames = list(c("北京", "天津", 
"河北", "山西", "内蒙古", "辽宁", "吉林", "黑龙江", "上海", "江苏", 
"浙江", "安徽", "福建", "江西", "山东", "河南", "湖北", "湖南", 
"广东", "广西", "海南", "重庆", "四川", "贵州", "云南", "西藏", 
"陕西", "甘肃", "青海", "宁夏", "新疆"), c("增长率", "总人口", 
"城镇人口比重", "预期寿命", "高学历人数")), adj = structure(c(-0.5, 
-0.5, 0.5, 0.5, 1.3, -0.4, -0.6, -0.5, -0.5, -0.6, -0.6, 0.6, 
0.5, 0.5, 0.5, 0.5, 0.5, 1.8, 0.5, 1.7, 0.5, -0.6, -0.6, 0.5, 
0.5, 0.5, 1.7, -0.7, 0.5, 0.5, 0.5, 0.5, 0.5, -0.5, 0, -0.5, 
0.5, 0.5, 0.5, 0.5, 0.5, 0.5, -0.3, 2.1, -0.3, -0.5, -0.5, -1.6, 
0.5, -0.7, 1.3, -0.7, 0.5, 0.5, 2.4, -0.3, -0.6, 0.5, 0.5, -0.8, 
-0.7, -0.8), .Dim = c(31L, 2L), .Dimnames = list(c("北京", "天津", 
"河北", "山西", "内蒙古", "辽宁", "吉林", "黑龙江", "上海", "江苏", 
"浙江", "安徽", "福建", "江西", "山东", "河南", "湖北", "湖南", 
"广东", "广西", "海南", "重庆", "四川", "贵州", "云南", "西藏", 
"陕西", "甘肃", "青海", "宁夏", "新疆"), c("horizontal", "vertical"
))))
