.Random.seed <-
c(403L, 423L, -318968944L, 1596009799L, 1052431202L, 1569695746L, 
205632211L, -85831934L, 1733767586L, 677528335L, 1148989002L, 
-1613653713L, -1994023161L, -1356045869L, 868896644L, 167526424L, 
1923291994L, -1169497175L, -1843948199L, 268205371L, 551472679L, 
-90184913L, -236696886L, 189264179L, 1625073887L, 1941126044L, 
-662940447L, -1735691710L, -299880628L, -202045119L, 827626761L, 
-120962074L, -2069697256L, -1645334804L, -1996440418L, 1762780626L, 
-1468455172L, 1164790747L, 1489427939L, 1313136725L, 2121281746L, 
-1416571478L, -2028712154L, 232824627L, -1064949058L, -1745754534L, 
-781482353L, 688500503L, -769806803L, 1435581718L, 1201404385L, 
-496764019L, -59531127L, -1659911623L, -903698231L, -975035653L, 
-1142809243L, -1803510049L, -1978010575L, -2096651645L, 1824936190L, 
352854525L, 491960785L, -1993611469L, -120915266L, -758757367L, 
-745218730L, -1796752702L, -1944047435L, -624379390L, -499444803L, 
1549459094L, -1919659493L, -766696546L, -1430911177L, -1563503061L, 
1462470217L, -1337450503L, 2145684630L, 2034111782L, 684190135L, 
2059786584L, 1471435863L, 124863287L, 112012188L, -597353928L, 
-1129991996L, 2004282082L, 1778512701L, -2040342446L, -970671472L, 
84790985L, -1340674778L, -1580395323L, 1827494867L, -697786787L, 
613332931L, -1660897739L, -1670624511L, 603559743L, 2062590772L, 
-234265502L, -1555080889L, 1894039642L, 1675486212L, 269880769L, 
62258930L, 1872546179L, 1371201486L, -1590540238L, 576905245L, 
-1008716813L, 940040186L, -1452865094L, -1046217523L, -1265800840L, 
-1910640694L, 870193241L, -1858386969L, -1912698070L, -29987690L, 
-1367419178L, -744823554L, 1910682563L, -67684621L, -2014131334L, 
1235288117L, -1932736926L, -653097760L, 443442538L, 763950807L, 
690401967L, -1922675289L, 431737682L, -1771396893L, 1175753922L, 
-1377478615L, -130921722L, -1309109704L, 1944890235L, 384624952L, 
109798457L, 907011561L, -1806760847L, -1349106345L, 1720380420L, 
182042334L, -1566863600L, 513573302L, 774551370L, 484898859L, 
1967863268L, 1835268376L, -1485886060L, 427730534L, -1627452264L, 
307807504L, -2134240300L, 874091121L, -875798405L, -1009486218L, 
770897686L, 1228822880L, -1811632643L, 1347943887L, -157564629L, 
-1084985117L, 1011233705L, 226955631L, -1791980799L, -2322800L, 
311486939L, -1669612950L, 1243928021L, -1147048646L, -545202213L, 
217299842L, 547125031L, -621760464L, -1766095216L, 334407320L, 
446213261L, -1844855512L, -1536910188L, 360390812L, 1537776640L, 
825637929L, 1206477864L, -1060067527L, -1179908890L, 659184372L, 
-69830858L, -1289741719L, 2059185063L, -1443524792L, 156041972L, 
-1198576629L, 574827952L, 436811697L, -1635724923L, 976608290L, 
2111888177L, -1194909544L, -405672429L, -440771846L, -1239633262L, 
911618509L, -364469707L, -87816453L, -583663569L, 1350830398L, 
-276063911L, 14481814L, -538036802L, -230047176L, -338368451L, 
1792541152L, 837755796L, 112348319L, 55150764L, 1913400602L, 
-767647436L, -1776505078L, -985943196L, 995447053L, 1112438122L, 
-1563075534L, 168348935L, -1493884027L, -558531067L, 1001821884L, 
-1945942764L, 1493715469L, -1400720866L, 1201761478L, -829000757L, 
390248867L, 315484955L, -97119241L, 1049388272L, -585417902L, 
504779456L, 758689034L, 1475842924L, 709320251L, -912339198L, 
2132920327L, 2114343319L, -180996085L, 1397809092L, 829902310L, 
1872969610L, 875661913L, -1733180648L, 673516633L, -1854528736L, 
25649152L, 1476535371L, 1692519039L, -1488830615L, -411995131L, 
1666594951L, -976579276L, 548112978L, -1237891304L, -386625407L, 
938443575L, 1535059392L, 164221094L, -865849296L, -573399507L, 
1728432788L, -917635835L, -778058682L, -782988335L, 1956705949L, 
-164526796L, 907982075L, -1472184814L, 711875815L, 1665939320L, 
496456443L, -1641267167L, -748389897L, -1790863823L, -781668913L, 
-1829708584L, -491363825L, 1027687654L, 2096793049L, -825578416L, 
-1442524771L, -198505279L, 402538147L, -591152321L, 729148568L, 
-1630969211L, 1565598118L, 1531949660L, 1092436536L, -1288650738L, 
-1544326103L, 771503485L, -912248550L, -937827482L, 1357934281L, 
-1874672467L, -289410414L, -1205786334L, 1220928372L, -2032548330L, 
-386516221L, 1652353475L, -1236997615L, -411022872L, 1986511635L, 
1331460446L, 2081636162L, -1755770570L, -1383892898L, -1615663353L, 
82259281L, 425496546L, -541655439L, 1103071776L, -1066393092L, 
-523417135L, 674578716L, 652193396L, -1991343300L, -1281233145L, 
1247714166L, 2066602594L, -609757117L, -247146167L, 27696301L, 
699142212L, 392795432L, -401522383L, -1575034797L, 59299658L, 
2006120800L, 1025468413L, 925626798L, -1854303817L, 699368830L, 
-222539664L, 937257213L, -713489078L, 785844504L, 1819559672L, 
-1277382719L, 410809161L, 619181591L, -2054822908L, -1905048516L, 
819418049L, 1975904897L, -937508717L, -1751731636L, 584082533L, 
1333485287L, 1891462684L, -878069557L, -1805469816L, 1918270002L, 
846765028L, 348267576L, -1061392676L, -910124171L, -1820823876L, 
-823572363L, -889744190L, 1736965295L, -1312592838L, -143155400L, 
2060625709L, 1600148721L, -1016683079L, 546995112L, -374033531L, 
1912138042L, -1415671391L, -924197762L, 1113003213L, 838419478L, 
-1671780004L, 1767596346L, -1269954859L, -417193483L, -475948545L, 
-2064986128L, 1359793769L, -421084485L, -1409952308L, -412252434L, 
-995097311L, 545230153L, 2139712638L, 1091972037L, 1820835615L, 
1419078831L, -61544120L, 1610709512L, 1080889910L, -1058871314L, 
-1432298952L, -376202676L, -1767966317L, -1883012395L, -1332355521L, 
444015308L, 181316413L, 996036024L, 940993009L, 936345881L, 225382991L, 
660817882L, 1422863662L, 1563414769L, 1576019309L, 209395334L, 
1162623583L, 1368443507L, 22010167L, 1693047964L, 1553778086L, 
1572630465L, -1241334565L, -1381440796L, 1639084775L, 135794752L, 
631117938L, -378769217L, -161410477L, -311969921L, -1946481623L, 
-543017183L, -1102433629L, -13017850L, 1478463258L, -14118381L, 
1648546364L, 665931907L, 34035249L, -282434753L, -174358869L, 
1095013432L, -1730731769L, -1704866914L, -1532647966L, -1384315223L, 
477762363L, 1835875838L, 2061315790L, 1105216178L, -1347680445L, 
-1624567702L, -247204899L, -776270651L, -236036768L, -1168613110L, 
-1263603196L, -1391287809L, 1021000983L, -689784516L, -284313077L, 
-1517379797L, 754875213L, 10102421L, -644403104L, 1468014846L, 
-1399062976L, -2067828195L, -1703975771L, 577536920L, -583775406L, 
-414573446L, 1894050988L, 1056277502L, 355270323L, -628755727L, 
-2101581981L, 793883247L, 1007000947L, 666926109L, -577673005L, 
-1221369795L, 2044980900L, -1313112910L, 345692030L, 719756359L, 
1229184920L, -1888128383L, -1630569039L, -421456038L, -1762282897L, 
1937062203L, 432579594L, -1290629351L, -2027369674L, -1620742827L, 
243697837L, -557840645L, 78428378L, -2131671304L, -846244923L, 
39250413L, -2062299090L, 658682285L, 249105014L, -1003840368L, 
-1729488287L, -1922020377L, 1853634693L, -1547699782L, 998065755L, 
-240437721L, -1102989589L, -1564160661L, -1824956007L, -920072912L, 
1416016908L, -1789648648L, -366588914L, 288950756L, -1171206158L, 
2041109146L, 1656940659L, -1760202558L, -255067119L, -192276746L, 
315034147L, -238869949L, -1301979965L, 1964889057L, 1246669189L, 
438614464L, -527076312L, 1509724094L, -1815580416L, -946895647L, 
1146749277L, 1541665420L, 436893089L, -1132917685L, -1959620505L, 
1848910897L, 558699966L, -503155450L, -1454994888L, 1512153286L, 
-506654281L, 334529600L, 608861008L, 962339211L, -197949044L, 
1436850092L, -743863719L, -1840617244L, 766276920L, -84807389L, 
-1708822811L, 1937407428L, -132909417L, 1275067328L, 1312687017L, 
-759914023L, -39870214L, -722886162L, 198663906L, 1532543318L, 
-1065319165L, 2065759531L, -1817054351L, -1677043512L, 723693346L, 
-1807345970L, -1461188070L, 355973673L, 1984427704L, 1254724371L, 
-1581703903L, 1740917131L, -194094852L, 226732131L, 1068637595L, 
509496931L, -281948560L, -542481870L, -1761186237L, 1455257950L, 
