.Random.seed <-
c(403L, 361L, 1516965099L, -880448415L, 1188704871L, -296276570L, 
-2082050197L, -933112165L, 255760531L, -1030629721L, -1077641378L, 
276774738L, 1617349059L, -1574393911L, -1446433518L, -592132780L, 
-539546941L, -527871129L, 1708453965L, 1341046758L, -765424459L, 
601214479L, 1296530965L, 1084925068L, -898526960L, -1439958557L, 
2028338262L, 677801675L, 987589253L, 115503653L, -1256759461L, 
-996622661L, 1213263148L, -1811224686L, 2066500256L, -1755477418L, 
1740067265L, 463747037L, -53108022L, -1621313194L, -1937594787L, 
-405262095L, 702897961L, 1727513512L, -1149631892L, 448982913L, 
-791569748L, 658396696L, -205696202L, -174739046L, 509094039L, 
1014467757L, 145117079L, 2116969709L, 434732183L, 1582282073L, 
489197305L, 2001988108L, 1972114885L, 1313908454L, 1392298744L, 
-674366247L, 213206734L, 467879543L, -1420382532L, -1089766783L, 
1229086521L, -1613793658L, 1906498938L, -652067366L, -1484059862L, 
-1037244028L, -906441418L, 1109637885L, 1459815782L, 499772148L, 
-1789916389L, 595798764L, 9357105L, 239395348L, -1038234380L, 
-1319006220L, 1365421435L, -2056854142L, -2117698318L, -77288410L, 
753952498L, -109548390L, 1068392426L, 932203165L, -982532574L, 
-789474808L, -805917623L, 1354351358L, 690284714L, -1148475228L, 
-1621666682L, 977420899L, -114411719L, -1830790361L, 982104049L, 
-1017519516L, 1942968892L, -433974240L, 378129996L, -1223392767L, 
-1126299793L, -329085972L, -1238496217L, 70867921L, -1094781915L, 
-2055403129L, 973606595L, 1691304927L, 183483851L, -242948109L, 
-76563779L, -1056581045L, -912917058L, -1682314663L, -785520170L, 
-1188072628L, 1321826526L, -176702584L, -962088652L, -1571331973L, 
-445918307L, -874764164L, -205194604L, 73399255L, -957604505L, 
348675372L, 436014656L, 1981392638L, 1840791384L, 1959216468L, 
-536321243L, 310103352L, -500000678L, 2016241413L, -186508051L, 
569662338L, -1959554292L, -610228432L, 476096868L, -161235298L, 
1585026384L, 273408652L, 2130908693L, 225998807L, 806385211L, 
1981931593L, -1690033182L, 1502402127L, 894284921L, -663085970L, 
-607476589L, -1203886716L, 191523453L, -1118862478L, -1645569479L, 
-698568287L, 21853990L, 940243919L, -523508310L, 1832492842L, 
1469254832L, -1885059917L, 67783249L, 1529526011L, -23103166L, 
732596526L, 844103883L, -654296912L, 1315873385L, -963842017L, 
-961562508L, 125778564L, -1921506204L, -582413464L, 1936745470L, 
-24956218L, 1242543688L, -1320048257L, 1582594566L, 1474327830L, 
-1494053023L, -839649913L, 785950999L, 1850801712L, 1750524291L, 
-1144685349L, 426935188L, -1647519059L, 1884710388L, -1238763543L, 
-714811465L, -1206204571L, -713863945L, 1448010674L, -334540802L, 
1469210488L, 1795229245L, -1629180793L, 412702730L, -409284857L, 
-593180232L, -915862646L, -412693218L, 1255419144L, 981541903L, 
728369158L, 214131800L, 1013900239L, -616576006L, 25749001L, 
-1368311196L, -1634163221L, 1846201596L, 486317282L, -1521967758L, 
696140582L, 875668247L, -1055438654L, -1144703989L, 1753560626L, 
606446465L, -1865891724L, 1627006644L, -1388904301L, 1434006799L, 
438999193L, -349180796L, 9546971L, 2011659684L, -934039479L, 
158735630L, 360184200L, -744497588L, 1177370123L, -840276585L, 
801046222L, -1692958280L, 580772324L, 1848002277L, 1745431351L, 
-645460665L, -325286880L, 2114516195L, 2053807990L, 1632337540L, 
1719162323L, 1753187121L, -102017993L, 37341838L, -171005254L, 
1860439949L, 1606249032L, -379788209L, -519816895L, 131093252L, 
2103985606L, 1877580712L, 5584555L, -150964887L, 1228170911L, 
-876886666L, 1346452216L, 1445924739L, -106521985L, 176051595L, 
-110171944L, -1310074760L, -1685305161L, -189519843L, -1584057693L, 
-1295889137L, 453885965L, -673481747L, 1011998164L, 433950297L, 
1572593480L, 106083218L, -1821813395L, 1794618108L, -2074707140L, 
349594416L, 1751888074L, 1764947465L, -1108640621L, 1371606029L, 
81243360L, 1704031911L, 879337118L, 128335552L, 1119349824L, 
-2081938974L, -1147696260L, 429924848L, -1569382774L, -727941212L, 
980326569L, -664134386L, 1290538124L, 1039578711L, 12461538L, 
-1727655877L, 1775961295L, 1652655036L, -2027864215L, 152108214L, 
1182177733L, -69765134L, 1997615507L, 1165153062L, 1948991259L, 
1872240630L, -1706574482L, 1357971854L, 97612938L, -188044098L, 
-1078557969L, 424966246L, 903138895L, -1622376958L, -1667443346L, 
2015053550L, -1615680888L, -2095301639L, -614952930L, -779915750L, 
1144619945L, -338962586L, -1133972299L, -362719839L, -554593638L, 
1095587469L, 1029806152L, 1206395626L, 1813770511L, 1630813727L, 
1420276434L, 1167949992L, -2067575830L, 442028804L, -1689171083L, 
-1935165530L, 752909396L, 672461479L, 1352034470L, -1837778177L, 
-664898996L, 1493061355L, -31455459L, -1729746908L, 1681608470L, 
1904621436L, 1973051037L, 962503537L, -558535456L, -1968342694L, 
1243990046L, 1286591248L, -1094680901L, 823973473L, -716526713L, 
-1612511966L, -237620793L, 734584260L, 1871895214L, 840489572L, 
-1152403344L, -177370679L, -115997926L, -587768388L, -1350466365L, 
369697634L, -95195351L, -1073775750L, -1016123406L, 1365986234L, 
-498428150L, -1938199859L, 1917453356L, 1372602300L, -1753022848L, 
-277829693L, 2037167294L, 176404306L, 1573622187L, 793975525L, 
214080071L, 1992532251L, 57273425L, -1795148069L, -1794402560L, 
-1635202783L, -843851897L, -1317547879L, -497873373L, -484127110L, 
1467642386L, 900883096L, 2086916449L, -497470200L, -319219077L, 
1517749520L, -1359364108L, 83878663L, 213875395L, 1090293739L, 
-669812238L, -342538350L, -2051842917L, 1083896039L, -1581599093L, 
1168344649L, -947603172L, 1153091165L, -1354766396L, -56128287L, 
59268799L, -1819920115L, -1894384485L, -826584165L, -713016943L, 
1392099771L, -751145295L, 1050049269L, 168128833L, -108481645L, 
-1965878496L, 649065006L, -1112736535L, 1859795284L, 911607129L, 
1567999073L, -1451228424L, -392317031L, 1597978901L, -1618895851L, 
1112000992L, -1307629917L, 976433479L, -1994976909L, 594692493L, 
486267598L, -64189811L, 893457671L, 1928223888L, 185238340L, 
377675850L, -429893990L, -996501308L, -1795807934L, -191473195L, 
-360356076L, -1850595790L, 1945324030L, -250417094L, -2113339222L, 
522747167L, 806498061L, 529580448L, -1460190597L, -1943771735L, 
515151686L, -983034931L, -1982164286L, 539667558L, 1100968521L, 
1149565141L, 1953206176L, -1184979685L, 1213197925L, -463237431L, 
-1994787513L, 220816545L, -1861922027L, 1441696873L, 389638678L, 
124871016L, -36900197L, 649644341L, 343886109L, -571687556L, 
-757981273L, 1856959404L, -1159974352L, 69321599L, -783623851L, 
-37730280L, -1748834720L, -848415375L, 1798285361L, 1202089261L, 
1181237562L, 573112201L, -1668583192L, -143186046L, -1001465776L, 
-1518119378L, -473673L, -758990153L, 1467485876L, 1018595013L, 
820583067L, 233639125L, 485137409L, 2015556382L, -1079856817L, 
-356788655L, -1120080222L, -1668669285L, 1076652257L, -1398438870L, 
130586665L, -1487938650L, 181810369L, -567650681L, 652210724L, 
1942703503L, -480807945L, -1848370710L, 884440164L, 1304182942L, 
1194972330L, 1897654162L, 1995005462L, 2036069909L, -234459103L, 
-473419320L, 1865342243L, -653396524L, 1449638233L, -325129970L, 
-893673966L, 1791388907L, 226598463L, -1908845274L, -1795288505L, 
-630579026L, -699346285L, 523471404L, -1430602933L, 1351574287L, 
1785355909L, 804807117L, -2060927094L, 172347061L, -577478708L, 
758186682L, -363289306L, -1981818400L, -759735553L, 1690713254L, 
-1450700067L, 16165786L, 1865259280L, 1691123079L, 2008726653L, 
1289226587L, -295598434L, -1274544409L, -534526396L, 1348085501L, 
-368076657L, -551070082L, 1424962679L, -716965242L, -1523715872L, 
-1926766124L, 916625220L, 332320393L, 202189682L, 535197892L, 
1812438304L, -652648484L, -925340693L, -2089530407L, -1479207445L, 
275273925L, -374911109L, -1498536142L, -395553919L, -64321693L, 
520798284L, 774086899L, 106704771L, 84845615L, -1218219169L, 
1756421799L, -25966434L, -1485982159L, -1164739859L, -147678730L, 
