success <- c(158, 109)
n <- c(444,922)

