df <- 50 - 1; df
SE <- 10.5 / sqrt (50); SE

