x.bar <- 27.655
SE <- 0.009
MoE <- 2 * SE
x.bar - MoE
x.bar + MoE

