Resid.a <- 10.00 - 10.51 # predicted tip from Example 2.41
Resid.a
Resid.b <- 1.00 - 1.44
Resid.b
Resid.c <- 10.00 - 4.02
Resid.c

