df <- 8 - 1; df
SE <- 1.25 / sqrt (8); SE

