SSM <- 15317
MSM <- SSM / (2-1); MSM
SSE <- 19834
MSE <- SSE / (30-2); MSE

