SE <- 0.03
p1 <- 0.26 
p2 <- 0.32
p3 <- 0.20
MoE <- 2 * SE

