.Random.seed <-
c(403L, 10L, 698588476L, -1414229377L, 1926961621L, 743430124L, 
29321538L, -60623203L, 1300620055L, 1395012222L, 777929272L, 
-801499877L, 2121392761L, 135405256L, 809031414L, 487358257L, 
538343267L, 1041886514L, 1773866628L, -85202233L, 396167581L, 
-1758159596L, 697103290L, -171993595L, 2086426591L, 479506022L, 
227113456L, 2022463251L, -351364943L, 1291766624L, 1648900350L, 
-1217042295L, -271124549L, -295276150L, 1374675052L, 1986626031L, 
-884565467L, -2047037732L, 1203340466L, -1134590035L, -2089567385L, 
-889808754L, -1918479000L, 1736541547L, 1115645705L, 303405464L, 
-129105722L, -1363271135L, -1061901645L, 1639340066L, -1064508908L, 
1761470103L, -1102022515L, 1685233060L, -568270966L, 120032245L, 
-2073927089L, 1777751382L, -164032512L, -1186090685L, 1747483873L, 
2114016848L, -1979258194L, -212324775L, 1941468779L, 1628224474L, 
-1626944356L, -1290565985L, -1904259851L, 213708172L, 1609742434L, 
714397757L, 861086391L, -1249187490L, 1472409752L, 1339505659L, 
874490265L, -527246808L, 640973526L, -2135675055L, 1735029251L, 
1936393618L, 155304740L, 2041091559L, 354837053L, 1897716916L, 
1829968666L, -1576980379L, -218695425L, -1089537658L, 153915152L, 
-2121491533L, -645851055L, 973343744L, -734671650L, 559685417L, 
1490666203L, -1084294678L, -761380468L, 1557751503L, 1767144069L, 
-1781722820L, 1033026578L, 9278221L, -699244473L, -1796894162L, 
-1014867064L, 2113599115L, -588674967L, -1253043144L, -1389177626L, 
-159785855L, 1035336723L, 659102658L, 1877025908L, 781032055L, 
-2096594067L, 953013252L, -683585750L, -435499883L, 1217137455L, 
2137479734L, -137126304L, 1881226403L, -837216319L, 1178313648L, 
543016654L, 438211641L, -709498293L, -736968710L, -2063508740L, 
-1116868801L, 489062421L, 2071171884L, -1179928574L, 59343581L, 
-1321342505L, 1877353662L, 117350136L, 172018907L, -1987653831L, 
-495883640L, 1356549686L, 803880561L, -768631645L, -1432971790L, 
568825156L, -1456450041L, -1965665315L, 883440852L, -589896710L, 
1267864389L, 1978730399L, -1202844378L, -775793232L, -176337325L, 
781224305L, 65200288L, -49893314L, 572577609L, 105954811L, -600284726L, 
981700396L, -1263145169L, -1501897243L, 366567580L, 2137507058L, 
1305820525L, -1464989017L, 492152014L, -198145496L, -1148560853L, 
-751620023L, -966987432L, 222472198L, -914433567L, -1051122829L, 
676018146L, -1562009772L, 327766615L, -828358067L, 2122687972L, 
-1279295542L, -441171403L, -133937009L, -470107754L, 391939392L, 
1895585795L, -1639101919L, 12029200L, -81984786L, -208773479L, 
1101520683L, 1784879642L, -1579530020L, -299858721L, -1693482315L, 
239932492L, -1060345694L, -290379779L, -1391241993L, -1341373922L, 
-1582826280L, 956284987L, -1445180967L, 1151545192L, -1376935274L, 
-891212783L, 5930435L, -1191886382L, 2012612708L, 1484040103L, 
1999546621L, -2065728268L, -1096295462L, 491646757L, -2013383105L, 
-1254146618L, -1168287152L, 464410227L, -169682287L, -1027104064L, 
-994032482L, -130799511L, -1725561701L, -1729905238L, -2117571124L, 
-1781792625L, 1745518789L, 1236289012L, 2014503560L, 520189754L, 
-885219504L, 1291394156L, 1340566932L, 1738120274L, -1599870496L, 
1118631116L, 27803808L, 426092930L, -837994264L, 1605808876L, 
-265177796L, 1626668146L, -426023824L, 1401007140L, 506789944L, 
1455905562L, 808967376L, 1382353724L, 943191956L, 2068533122L, 
-142334528L, 510603836L, -862656112L, -1610864094L, -32830200L, 
771676812L, 1863894812L, -267542382L, 173285760L, 2005500436L, 
-1172978904L, -632355270L, 558533072L, 1888572780L, 895574964L, 
-1847210990L, 1845342688L, -54017076L, -387530528L, 1577998370L, 
-1928139480L, -1807256052L, 47248188L, -687799310L, -1477493008L, 
-755467708L, -90218920L, -265178310L, -1171963408L, -229089604L, 
-1570108140L, -1190232382L, -1183981472L, -775223428L, 1070537680L, 
923864354L, -92019032L, -475182196L, 479222972L, 399210290L, 
-259616192L, -1801189196L, 862857800L, -12374598L, -1976716784L, 
291258092L, -692544172L, 1738188050L, 1147689376L, 1917222604L, 
-908954016L, 625697730L, 1075692328L, 2031524780L, 1281843004L, 
220114290L, -469557456L, 1607443748L, -1852470472L, 1525989082L, 
-705825904L, 1125350140L, 1176802196L, -1464418238L, 654983424L, 
843330620L, 1192179024L, -1465003870L, -1828127416L, -1201571060L, 
-1129680164L, 1453654354L, 1426702464L, -1783972780L, -1308955672L, 
1609221370L, 137125712L, 1838231340L, -1928319628L, -845951086L, 
842120288L, -171211380L, -1283277984L, -1553766942L, 830727080L, 
-4951860L, 2132868092L, 1880740274L, -1600971280L, 924135364L, 
-600809128L, -2081356422L, -1737232464L, -1863526980L, 779490388L, 
51603394L, -227497952L, -2115655492L, -936995248L, -1719554078L, 
-1040504728L, 1812193356L, -691186436L, -1070499854L, 1509408000L, 
-2088217228L, 628492296L, 1928999866L, -1628314160L, -185053204L, 
-1119638124L, -373876270L, -744890016L, 6675276L, -1579382496L, 
-816224382L, 1042237160L, 893120748L, -882808772L, -909635726L, 
1566432880L, 1140202532L, 89917240L, -1980263270L, -304962864L, 
-1971664708L, -1009936748L, 1885650562L, 757991616L, -1484464324L, 
2053632144L, 198817314L, -1982088184L, -1451926260L, -1975903076L, 
826683922L, 1467597696L, 1468626452L, 873739816L, -1231512262L, 
-1886808624L, 296513644L, -785111756L, -1432403310L, -838101152L, 
-1688924340L, 1140264928L, -1104295006L, 802286504L, 1134533004L, 
1146668220L, -1259720334L, -619450128L, -759742396L, -1941861032L, 
-1825054150L, -1585078416L, -40408004L, 1336773396L, -1171565118L, 
2071353056L, 1490629500L, -948235568L, -850979678L, -48076760L, 
-1637938932L, 383325116L, 924402994L, -1377435200L, -167972300L, 
1648445384L, -283843398L, -1821648496L, -228941332L, 1140833876L, 
-120329070L, 1141979936L, -1640799796L, -218579488L, -137843006L, 
-801116120L, -1261805908L, 988049596L, 1103156722L, 1785322800L, 
1339163812L, -1757420872L, 1250539866L, 830624144L, -907374724L, 
-1902483180L, -2037797054L, 1966722816L, -1316822084L, -1709032624L, 
-901066974L, 1135174984L, -239811060L, 1514365020L, -2026981166L, 
993818112L, -1971308204L, 84657640L, 1910416378L, -2024695464L, 
351524726L, -1877088893L, -579215419L, -1885281054L, 871620944L, 
-892370823L, -1959885909L, -1555388132L, 667246154L, -1364149697L, 
-1574474103L, -602596706L, -1816090804L, -1583923427L, -1878557017L, 
-910395952L, 1869802862L, -2060222437L, 2035085693L, -1915754646L, 
1400332808L, -575715663L, -1737866973L, -1500589532L, -1658603310L, 
383447335L, -2104755343L, -1028331082L, 2026045780L, 592609253L, 
1644976623L, -1411112664L, -1111279226L, 1875387827L, 763390229L, 
-985851022L, 1789933504L, 2025060393L, 1621701787L, 1497256300L, 
-2034345606L, -1319159121L, -352521799L, 553581518L, 385155868L, 
834361997L, -1506966793L, 1131619840L, -874741666L, 714873643L, 
-1671391187L, 546062490L, -1040300968L, 784679873L, -138105741L, 
1782732180L, 595160098L, -1807815881L, -584012287L, 391069446L, 
1776112452L, -1497454987L, -613222433L, 215075640L, 818560278L, 
1891623203L, -1032836379L, -2064096510L, -854693520L, -1902558951L, 
1700684043L, -1162231300L, -1220273622L, -1837258145L, 1835809257L, 
-925060354L, 1397357292L, -1467987395L, -1704596985L, -287687184L, 
-1812419186L, -1595329605L, -1139905123L, -498928822L, 1726105448L, 
1555769681L, 1269729859L, -1027559612L, 1209189362L, 646175175L, 
-1474080879L, 763754262L, -375241868L, -1139738107L, 1140468303L, 
1672250952L, -946968602L, -727930605L, 371537525L, -979596206L, 
-610187616L, 251290505L, 1489977275L, 849313804L, -1991234150L, 
422333711L, 1254232921L, 1531440622L, 1851246716L, -729752339L, 
-1857561705L, -708803488L, -639654338L, 1869704971L, -200043123L, 
1616355002L, 716319992L, -1699362143L, -220444077L, 747189620L, 
-4236542L, 576818071L, -645063327L, -1184252506L, -927694940L, 
548072021L, 408206079L, 74760088L, 688017590L, -778554045L, -1238649723L, 
867798306L, -789637616L, 1692693945L, -941586837L, -283936420L, 
