.Random.seed <-
c(403L, 6L, -1205074438L, -680394500L, 419566911L, -541267435L, 
-900783828L, 1531023874L, -167386915L, 710144983L, -943092034L, 
-873531144L, 83609307L, -58327751L, -757921656L, 1330073654L, 
48440433L, -1403007325L, -979590158L, -519137468L, 1093965831L, 
-998591011L, -2080476460L, 131595770L, 1110044997L, -827124321L, 
774498086L, -1901533264L, 2147140691L, 986529649L, -346065248L, 
1664244286L, -1528942263L, 813617147L, 1805030346L, 522005804L, 
-1101487825L, 1485426661L, 2044694172L, -1246192910L, -2008376467L, 
-849107801L, -1477656882L, 1686664232L, 621692971L, -328594871L, 
2003559256L, 238611974L, 638089185L, 522863987L, 776531426L, 
-1914986156L, 1269960791L, 238664781L, -19632156L, -552722998L, 
1922442293L, -137895281L, -2114544746L, 570009408L, 1360382467L, 
-1677414367L, 1688820496L, -4818706L, 576223385L, -1153946325L, 
-691633126L, -276957476L, -1495376161L, 1906809013L, 990473804L, 
-610372958L, 2090891773L, -1875422473L, -1651133410L, 228228824L, 
1108787771L, -990085159L, 1669309800L, 1140651158L, -1907969519L, 
-1081078845L, 1119410130L, -1176952220L, 1544642983L, 482090749L, 
-1255109900L, -1073406502L, -1850461915L, -1748563905L, 821405638L, 
-1496908720L, 1599131763L, 2004616337L, 1758737600L, 40498846L, 
816106089L, 1387227803L, -932460630L, -1018416180L, 1540542095L, 
349802181L, 1491854972L, -1273115950L, -1179165107L, 316945159L, 
-754698514L, -364809272L, 1893262539L, -254558935L, 785108344L, 
477000358L, -1099803455L, -1552931501L, -1162173950L, 1707465524L, 
-841549641L, -1329807187L, -1950048828L, -204288534L, 1007120981L, 
1608170479L, -1026122762L, 2091822368L, -1942224157L, 1897534337L, 
796198384L, 270367886L, -1606663175L, -1525538421L, -1337295430L, 
-385465156L, -866748417L, -468740779L, 763332204L, -465423678L, 
-421661411L, 2141080471L, 633192190L, -409961288L, 77393563L, 
-988758791L, 1993539144L, -71403146L, -1225858895L, 1874973923L, 
806396850L, 213228548L, -106651833L, 197080605L, 655346836L, 
-1205404614L, 657225349L, 1614071647L, -2137913370L, 1070508656L, 
49577363L, 1296157233L, 144058592L, -572063362L, 748774409L, 
1257284667L, -1720268278L, -2066329108L, -1841723793L, 856156581L, 
823218524L, 387542322L, -1366920147L, -904819993L, 329916430L, 
181555688L, 252539883L, 124013705L, 1271478296L, 261900102L, 
1030067617L, -1753478093L, 829456802L, 1727853716L, 377471767L, 
-159167219L, -1563546588L, -2066375670L, 435331445L, -640771889L, 
-467633194L, -440667264L, 1147430851L, -1130409631L, 1695717328L, 
-429154514L, -1260952871L, -1291591445L, 366317914L, 124664604L, 
-1199649249L, 1339192949L, 1445479180L, -593404190L, 177091517L, 
1365632055L, -1069455650L, 2126623256L, 349158779L, 371651865L, 
1835792808L, 632335702L, 1225928145L, 1893737859L, -466150382L, 
-1466509404L, -1467060377L, -1365439299L, 700771380L, -1712087142L, 
1406598117L, 2141255551L, -760215802L, 343183504L, 1749608755L, 
-972914991L, 653339776L, 415907166L, -35974487L, 541187419L, 
-1391075478L, 1409504780L, -174367153L, 711883008L, -199564940L, 
-1879956472L, -180502598L, 601690576L, 1595702252L, 17709460L, 
1157448146L, 1815277920L, -1238388916L, -2130171616L, -457083006L, 
1064447720L, 1349755116L, -980261828L, -449815694L, 307463792L, 
-322221020L, -154623176L, -1800119142L, 2049354448L, 46489788L, 
-2079637868L, -1841631614L, -528820032L, -1485178052L, -1853846384L, 
1326161442L, 902078472L, 1351009548L, 1329431708L, 1241636370L, 
-1358098560L, 196011540L, 1741914664L, 859712826L, -1686912560L, 
-703185812L, 1185765684L, -1955221870L, 918279008L, 1425859404L, 
-327698464L, -692136030L, -406390872L, 1225952652L, -1198952260L, 
1614172530L, -37663504L, -993292220L, -1757431464L, 160202298L, 
239016816L, -1079404484L, -965257452L, -790381118L, 1220154080L, 
1455484796L, -1579639088L, -1206095710L, -1749408728L, -837958388L, 
-494055492L, -982503118L, 1787490752L, -194676172L, 24015816L, 
101028026L, -314971760L, -632501780L, -2127021484L, -2016335726L, 
380708640L, 1654051276L, -633453088L, -999835966L, -1788445656L, 
1058200236L, 100922556L, -1191927310L, -1446928080L, -877429596L, 
-509325640L, 805973338L, 773189008L, -1436492932L, 763363604L, 
-215297214L, -1410987264L, -1963280452L, -833116336L, 1052472098L, 
-1671596728L, 969851404L, -561055652L, 2023511250L, 840491520L, 
-2058414764L, -490085912L, 441601018L, -2049740592L, -957616852L, 
396100340L, 1976054162L, 1459102816L, -734728948L, -170638624L, 
-877203102L, -1232364888L, 1044521548L, 167266684L, -307921614L, 
1829216368L, 293977924L, 365188568L, -475988870L, 726044208L, 
-1297378628L, -1840154796L, 1143526466L, 1000480160L, 879266492L, 
1803030992L, 444912994L, -1285783576L, 1312718796L, 1430324988L, 
-1461822990L, 236015744L, -1277567756L, 1833852552L, -1295085766L, 
-1793066160L, -989405588L, 791746708L, 57469266L, -1075816736L, 
-1106568500L, -1853050720L, -1477583998L, -445492504L, -1792101652L, 
1074105404L, 1748748914L, -596589456L, 1649139236L, 1840954424L, 
2139940890L, -204383536L, -1557615556L, -1968659308L, 2013977730L, 
882458560L, 1024225596L, -310068592L, 2032886818L, -2083929080L, 
-432265076L, -868600804L, 879718034L, 227976320L, -1848659948L, 
1394261288L, 1871310394L, -207106864L, 1542612076L, 1719698100L, 
-497561582L, -1488398368L, 1001936844L, -329286176L, 307516962L, 
-783646424L, 542890252L, -532634052L, -64818958L, -488701200L, 
536019780L, -161975720L, -641050054L, 288030448L, -2038102852L, 
-872704492L, -1307412286L, 1248188512L, -475687556L, -2048682800L, 
-2006418398L, -664501592L, -351258740L, 1374130620L, -348466126L, 
-1903528128L, 561002676L, 781585224L, 1575811770L, -651380976L, 
-1867177748L, -413457324L, 794218258L, 168213408L, 302829516L, 
-2147316896L, 1139773634L, -1506875864L, 1825334700L, -402571460L, 
1198511986L, 1035168560L, -1233694172L, 1113176120L, -415570726L, 
-1704654448L, -2120243460L, -870027372L, 293227330L, 1464623616L, 
1622170172L, -70427056L, -502121822L, -2029372600L, 2038055436L, 
348962012L, 476408402L, 161900672L, 1632938836L, 3717608L, 2054213887L, 
1279083928L, -2061537610L, 2075889475L, 974652037L, -30144734L, 
700445712L, -1230981191L, 1655158891L, 1684738908L, -195796342L, 
1269038719L, 241905609L, -565279650L, -414413044L, 362491613L, 
2093996007L, 1630206992L, -498757330L, 521065947L, 90512061L, 
-765788118L, -1565968184L, 996122097L, -17093789L, 90385252L, 
-861592942L, -1190699161L, 606794033L, -1902011786L, 1863207828L, 
-385785947L, -1149808465L, -1364931224L, 745729350L, -1737863949L, 
-948186539L, 1642393138L, 1051700224L, 1685643497L, 971249499L, 
-48860756L, -1352298054L, 1214459759L, -985607943L, -1935170162L, 
-973252516L, -1111033139L, -760013257L, 1111770304L, -1797244002L, 
-1495201685L, 1327278061L, 1349397082L, -271233768L, 633764481L, 
799156275L, -1946251692L, -1688229278L, 1370553591L, -1869076671L, 
1691837894L, -1735379196L, 487293621L, 689397151L, 1041175032L, 
1731370966L, -2088125853L, -2127445467L, 456935874L, -1567306064L, 
1342846681L, 457568331L, -1997173060L, -1032577814L, 1316473119L, 
-1996154455L, -883245250L, 1527695916L, 262436989L, -1431024953L, 
2094773168L, -399809074L, -1320003845L, 814943581L, 1599145610L, 
1815151784L, 2011840529L, -847703805L, 1213135876L, -2066303950L, 
-1391870841L, -1827227439L, -2038752682L, -1844575692L, -1410127547L, 
1439462287L, 510424840L, -1417535194L, -2011487789L, -1291703499L, 
2094361234L, 2097663584L, -1199908919L, 1893246715L, 1014573260L, 
-2057002662L, 1313770575L, -1011408615L, -711861458L, 804152636L, 
2028823213L, 720682327L, -1679991648L, 1259108862L, 1174865099L, 
1816105677L, 349253114L, -1158955464L, -31874079L, 1346407571L, 
-1704925516L, 1489460162L, -225484841L, -1867788255L, -969197594L, 
1133204196L, 1806984725L, 1064984127L, 1005120984L, 1440199670L, 
974564355L, -1167040699L, 400431970L, 780821712L, -1093554183L, 
-431058133L, 1372133532L, -864192822L, 922496959L, -320046327L, 
697234462L, 855604684L, -1306552419L, -1673190873L, -177098672L, 
