.Random.seed <-
c(403L, 16L, -189740146L, 1338287849L, -2016805546L, -1608298063L, 
1420215903L, 1721932384L, -970568457L, -432686016L, 1705906172L, 
753162343L, 1738878636L, -699440709L, -1037666471L, 1262056978L, 
-705757703L, -335565018L, -507286022L, 1876238645L, 1471740594L, 
2058891765L, 990574059L, 383100108L, 1505244915L, -1387317188L, 
-465489472L, 2102170747L, 380284128L, 68023207L, -1809030179L, 
94126806L, 843864605L, 66613866L, -93453818L, 1577787169L, -1524358706L, 
-318276791L, 121076551L, 92361736L, -436370865L, 512492632L, 
1759381492L, -2040012881L, 1953404276L, 868304531L, -467864687L, 
-1629873062L, 1779666545L, 381265374L, 885032866L, 1017665085L, 
-944346662L, -450191875L, 1479252611L, -290402044L, 1656597723L, 
1945753828L, 1808895176L, -1739556749L, -407213814L, 1842388832L, 
-1670473414L, -965714172L, -790073135L, 1568435891L, 1819402079L, 
-1302230475L, -235204008L, 1417198202L, 1656601388L, -1884624442L, 
-1359606617L, 732642205L, -1728179335L, -1414807185L, 1858478198L, 
495100364L, -1148804018L, -1757330128L, -219285755L, 622790495L, 
309846835L, -303053599L, 1030809748L, -1610547146L, 1974962160L, 
-318952542L, 431247579L, 1737036857L, 583221149L, -1838949669L, 
-368570798L, -641294136L, -1235243678L, -939279460L, -71953207L, 
-202450485L, -1091890329L, 229569357L, 318798512L, 560313906L, 
-2100392220L, -1704272258L, 77013039L, 334932917L, 1631744225L, 
2083968919L, -1500688514L, 311886964L, -643350954L, -1444850264L, 
1994552925L, 1032294039L, -2040565221L, -777000679L, -383316500L, 
485532526L, 1462013736L, 1141830458L, -1444940477L, 370236785L, 
1070613349L, -1401067549L, -258899750L, -2137370160L, 513434794L, 
338415828L, -1981967007L, 1168369155L, -751274321L, -362155643L, 
1893046056L, -2083003446L, 176469820L, -587663242L, 143268023L, 
582253773L, -437614583L, 940216255L, 912034406L, -444453892L, 
380062206L, -1079455520L, 718507285L, -786859953L, 1830038019L, 
2034562385L, -1851774396L, -1539819194L, -1169057856L, -1829541742L, 
2015790699L, 317081833L, 2009470925L, -1792425525L, 1398814434L, 
-1509711752L, 500088722L, 1426375148L, -1916828071L, 900807131L, 
1464880375L, 2006865181L, -1013141440L, 958171202L, 27027572L, 
1869663662L, 603591743L, 1407199077L, -1315805839L, 1671739303L, 
-1082401810L, 1442055012L, 191883974L, 608788760L, 329580077L, 
1364230087L, 2087744299L, -741167351L, 1312064668L, 2043399486L, 
-1269014600L, 1119934442L, 1636544147L, 316908001L, -1880781291L, 
771083987L, 1438734122L, -1881880832L, 39948442L, -1370361500L, 
-873599567L, -1182807341L, 501695039L, 123422869L, -1406126024L, 
-2091384870L, -547311220L, -488925466L, -345379961L, 1031810109L, 
1758884185L, 1526986255L, 1051395606L, -1562386644L, 65240110L, 
-1139473136L, -1462955227L, -331479425L, 1836608595L, 848748673L, 
-117770316L, -1216850282L, -14456944L, 1962551746L, -158214661L, 
30820505L, 1244610493L, 1672361851L, -1722634830L, 857975592L, 
1430942850L, -255873284L, 155228585L, -1767104917L, 1274674311L, 
507175853L, 743153552L, -1365966190L, 1026966916L, -215503714L, 
-1892255281L, 14267029L, 373934017L, -1939556873L, -1390262690L, 
659479252L, 1328321078L, 570563848L, -2104249667L, -1439237065L, 
413345339L, -1485982279L, -446409076L, -1610324978L, 2069178440L, 
833248538L, 1879824867L, 1734122833L, 1263800709L, 595091395L, 
-886618502L, -1953618064L, 1745916938L, 291176628L, 2099909313L, 
-32308957L, 946276623L, 1348767205L, 1307077768L, -1604000086L, 
1003538844L, -2055844074L, -868485225L, 1232498285L, 1675674345L, 
-787150881L, 314962310L, 1078066652L, -1760553890L, 453589184L, 
994669877L, -1700552977L, -1819151069L, 813283057L, 1665773540L, 
13277862L, 1737336544L, -1975151310L, -392145909L, 141291849L, 
-490175635L, 531440875L, 1355990082L, 714597208L, -563984078L, 
-1152650754L, 147291798L, -1103010268L, -1972349379L, -1598071959L, 
18198049L, 913432643L, -264987400L, -596289360L, 341688996L, 
1101330022L, -324570489L, -125816761L, 314905603L, -693768143L, 
-1379229442L, 1431648114L, 1888809546L, -754947200L, -2120566471L, 
-1602636091L, 675322069L, 782153639L, -769836804L, 483130236L, 
-448077568L, 76047850L, -741278229L, 99125867L, 80831647L, 45338477L, 
-1058275062L, -934862458L, -591985010L, -359040836L, -1054229595L, 
-1268212431L, -1469777431L, -315008693L, 72398672L, 777747080L, 
1115296556L, -1423979666L, -664080097L, 1226518367L, 1742375307L, 
2044766345L, 886081094L, -729350550L, 1666255602L, -327619704L, 
-1881361615L, 328348733L, 466997645L, -1536392833L, -1585615292L, 
-2072614492L, 1477334552L, 2144140802L, 1779581043L, -322185005L, 
1672147095L, 2021218581L, -1727513982L, -2104614706L, -1367285754L, 
326061556L, 480665133L, -291462535L, 1081779665L, -1035139981L, 
-82488792L, 1465815904L, -782028172L, 1261984438L, -2071136041L, 
674195767L, 1797779219L, -878814815L, 1612831022L, 863404354L, 
-895549446L, 1322184144L, -218130423L, 1843745813L, -1286519579L, 
1239238775L, 2004773676L, -1351809748L, -95482928L, -968944710L, 
-80056741L, 2004971227L, 1281409263L, 1775447229L, -851577606L, 
1384449462L, -1796652194L, 266038828L, 164098933L, -832570015L, 
1240349817L, 1818725659L, 975712928L, -1913842344L, 1292205468L, 
1839817054L, 1693831055L, 958731375L, 227514939L, -1980056679L, 
1620907030L, -1638383974L, 564537602L, 1724566584L, 2076474849L, 
1924814189L, 217920829L, 143592047L, -1647091564L, 520583988L, 
1000526600L, -2122406542L, 53695939L, 1103438435L, 1097561991L, 
-758302139L, 1623853586L, 1212701534L, -703321482L, 302068228L, 
-1682754723L, -2139706487L, -46391103L, 365128227L, 1098266904L, 
-1352496560L, -758032828L, -743522746L, -537846489L, -576914073L, 
1379284259L, 2106199441L, 1173307166L, 129474706L, -234631574L, 
1257160608L, -646557351L, -522975259L, -1821658251L, 199695815L, 
254218140L, -1725456548L, -1399739360L, -989228470L, 1699852235L, 
-643565301L, 489948543L, 1546558413L, 1624250218L, -545412314L, 
2050325550L, 63858972L, -1408053499L, 1102198481L, -2032464055L, 
1225468843L, 173654576L, 2132999592L, -1177469675L, -572844218L, 
2070247887L, -1546847958L, 285730785L, -514663946L, 310559433L, 
-72308164L, 414730605L, -1416335414L, -1805780769L, -995212426L, 
-1694085299L, -418614618L, 436484993L, -847449368L, -1991699267L, 
-502566562L, -1999887425L, 1525581706L, 1914357953L, -1323347746L, 
-1366561535L, -1795636548L, -1731307651L, -452353390L, -957822585L, 
990488822L, -188224803L, -1954472090L, -979640655L, 497448952L, 
-1748048651L, -150884346L, 1827525455L, -587443958L, 1294993617L, 
-1939762778L, 855496937L, 697119484L, 396088861L, 462543754L, 
-1737596305L, 877653030L, -1125603459L, 330631190L, -1937925231L, 
451670248L, 1672443965L, -1116898338L, 1037411567L, -640812838L, 
519446401L, 1595581742L, -1630773055L, 1964634412L, 906872029L, 
218061074L, 436970757L, 1373949561L, -897072414L, 1570518092L, 
68503813L, 2137515369L, 721640468L, 222662794L, 122715889L, 1813835121L, 
623151682L, 884681312L, 1306484329L, 8456305L, -178546120L, 552542162L, 
-1328438155L, 261095089L, -877659766L, 174761076L, 417191949L, 
769011233L, 1671746244L, 1241293210L, -524597687L, -1170018087L, 
1011269418L, 2006342528L, -361088423L, 1606176777L, 1315400432L, 
179618594L, 1009422693L, -866299127L, -744704046L, 1573395932L, 
95554997L, -334617399L, -678963004L, -1506065542L, -161822495L, 
934946497L, -813509214L, 233542592L, -423447207L, 358135777L, 
751377528L, -260537182L, 1618924117L, 897510225L, -1445827382L, 
699183092L, -2087411475L, 64546353L, -308977068L, 1204884458L, 
908523305L, 138073273L, 166057882L, -628815104L, 1910425193L, 
248686089L, 2087570848L, 874634130L, 293330693L, -1899831207L, 
1916051746L, -1943851636L, 1293923205L, 1378970953L, -1105344172L, 
1846567882L, -1710451887L, -1231870351L, 1334986274L, 1204784064L, 
-6152919L, 546757713L, -1968704520L, -1580327950L, -835319371L, 
-1035898863L, 1881766538L, 567553972L, -880360243L, -59741023L, 
