.Random.seed <-
c(403L, 52L, -1366527731L, -1979483577L, 255254574L, 2000655752L, 
-1830097781L, 283231849L, -1112860104L, 888720102L, -1448778111L, 
17738259L, 1820986818L, 150390388L, -417572745L, -708339347L, 
729406980L, -638612182L, -731583851L, 2083021103L, -1982434250L, 
-2059890592L, 1908160163L, 1066201537L, 2003176880L, -524532530L, 
-1709067719L, -340016053L, 2001077754L, -656670468L, 453776703L, 
-757929451L, 880091436L, -1055419902L, -566239011L, 1750725591L, 
-1632661826L, 844953848L, 236570331L, -460849863L, -1670575992L, 
569724982L, 337454193L, -1209151837L, -2054773774L, -1174628540L, 
-656238585L, -1289439779L, 1689547476L, 1994522106L, 2122838341L, 
1081677215L, -1119099098L, -316479568L, -1370700717L, -1763754127L, 
-1907263840L, -546809282L, -1188810423L, 1685901307L, -2143513654L, 
578497836L, 1945542959L, -656420891L, 1058115228L, 413571826L, 
2058918765L, 1892000935L, 1571995342L, -1702464472L, -1302050773L, 
-116389303L, -756685992L, -698159610L, 1660581857L, -2051259021L, 
-1906643486L, -819879596L, -283373481L, 5749837L, -290557980L, 
-1453580854L, -1679285195L, -203038065L, 1629264790L, 700950336L, 
397396483L, -712331231L, 1764186896L, 1978169582L, 308705433L, 
-845009621L, 1931248666L, 454817500L, 1153720031L, 1155635381L, 
-2124714420L, -2025819486L, 193886717L, 2096452343L, 1824502814L, 
-58687784L, 2049491515L, -576028711L, 1660265832L, 458159254L, 
126661137L, -681964605L, 609933266L, -121691548L, 666853799L, 
-2040652035L, -981562636L, -554230310L, -1276235483L, -1306195905L, 
-510416954L, 938540112L, 1675808883L, 35521681L, 1160393920L, 
-801900898L, -1282487703L, 1669425819L, 906872746L, -435538996L, 
1721814671L, -218919227L, 531490428L, 1486605010L, 633429581L, 
-511560953L, -1154599186L, 248214472L, -796203829L, -1573274327L, 
-817246856L, -158567770L, 1539331265L, 402531667L, 1801232898L, 
1437850420L, -1187448649L, -1747009363L, -587031100L, 1864682986L, 
1418818133L, -707478545L, -579036170L, -532894432L, -226360605L, 
57938817L, -310442512L, -144737138L, 775308281L, 1322525067L, 
2078571962L, -682343236L, 206075903L, -724724395L, 2033813100L, 
684995266L, -743705315L, 1393052567L, -1600930050L, -476414792L, 
-364712293L, -2115322631L, -212795832L, -1139246730L, -344399695L, 
1963447523L, 885957554L, -1436050428L, 1441963847L, 703149597L, 
1236651156L, 701037626L, 937064069L, -277690529L, -200538138L, 
-1092834704L, 477003155L, -1419785679L, -1502861088L, 1561657726L, 
-498113527L, 33203259L, 1676462602L, 326652396L, 89884271L, -1815746139L, 
1458786652L, -1548522190L, 834171949L, -1833989401L, -1588846578L, 
677663208L, 1278964715L, 382094473L, 1750808600L, 840058694L, 
1208718753L, 2113801267L, -1655537246L, -1967459180L, -257309929L, 
-1624945395L, 244591652L, -153379830L, -1866423947L, 901552335L, 
1199733718L, -920259712L, 1139959747L, 1779257697L, -1548707888L, 
256745262L, -1391631655L, 608559339L, 1882427738L, 262945564L, 
-1178022369L, -1601407371L, -740932852L, -1221107998L, 1807233981L, 
-1884822473L, 761489118L, 1104288116L, -1892611182L, -46159776L, 
905667980L, 1812609888L, 2037189090L, 1601498024L, 1845959884L, 
1111848956L, 925861298L, -1038225936L, 980130756L, 492903768L, 
-853266054L, -677598288L, -1372159556L, 107276372L, 1158205378L, 
1176885280L, -1049798468L, -193625520L, 679472098L, -1907619736L, 
-1799381940L, 1925052668L, -1801331726L, -1794213632L, -776281740L, 
-1604705272L, -956448838L, -879947312L, -466846740L, 50215316L, 
1852129746L, 1108275552L, 86224716L, -684709600L, -818579582L, 
484060904L, 237478124L, -1416132L, -1320133774L, 1085507184L, 
-356561884L, 2066785080L, -1227334502L, -1323652400L, 194076860L, 
-268484972L, 2012147330L, 1406326976L, -1641153732L, 861703312L, 
-764699102L, 1165008904L, -1799699188L, 1759347868L, 1328668178L, 
1908215680L, 2076894740L, -1894284760L, -725996230L, -622607920L, 
187317356L, -788178636L, 878816914L, -760229024L, -1279990964L, 
234600416L, -598550622L, 307689384L, -1867870836L, -990023492L, 
-959032974L, 1705331952L, -1565552572L, 1384102232L, 1941208634L, 
387914608L, -2124834756L, 1489983252L, -623395390L, -747760928L, 
1454436220L, -406020400L, -1618186078L, -1348590552L, 221365516L, 
-645050436L, -72077006L, -517017152L, 604863028L, -355306552L, 
1269928122L, 1138616720L, -2014262804L, -1865401772L, 25241746L, 
-1353373920L, -1706372660L, -1452915232L, -1616660798L, -1847952344L, 
818076332L, -1252526916L, -974609934L, -927620816L, -1923646300L, 
-401322312L, -1984287398L, 1484123536L, -566961284L, 2120483092L, 
-1075915966L, 1623853824L, 1149941692L, -2141214896L, 1152086818L, 
-1841990328L, -1577663988L, 967768156L, 1249924306L, -881532416L, 
-1358228140L, -1798184472L, -271954950L, -1658621744L, 1481633068L, 
-1423965452L, -768069230L, 1116480608L, 1006169356L, 296239840L, 
-1310002846L, 1897896616L, -1991892404L, -1363129988L, 1994226994L, 
-545283984L, 1124974404L, 640701912L, -90899334L, 1114279472L, 
166957756L, -1539475628L, -103492542L, 902176160L, -1355248964L, 
142086608L, 1022940514L, 1690337256L, -1273069620L, -599456004L, 
1565415922L, -509259648L, -343286540L, -1019847032L, -2002612422L, 
-1550845104L, 1459019372L, 2114525332L, 596175186L, 2073056992L, 
-1396499764L, 141865120L, -746464382L, 837178088L, -952716564L, 
1645841468L, 1414515314L, -1021787024L, -1709449692L, -402211784L, 
1820911642L, -1257153840L, 1722068028L, -956259180L, -1606493054L, 
339558336L, -153325252L, -1971799408L, -200842206L, 2005517320L, 
1391208588L, 1625175068L, 177696402L, -1103453056L, 1164947476L, 
-708657880L, -1963332038L, -957362992L, -612735892L, -1620802892L, 
-1870933998L, 1608832992L, 239884236L, -910983712L, 223893026L, 
-822968024L, 427284748L, -693066180L, 1985147122L, 1531380464L, 
-751369404L, 229929560L, -397256134L, -1705050384L, -210434884L, 
1250924052L, 2086041794L, -536225696L, -1015442052L, -1093692208L, 
1558740002L, 2091680424L, 534001548L, 893096380L, 1212339250L, 
-42567872L, 1236285620L, 1954941768L, -1520371014L, 79476496L, 
-1312481044L, -1408031660L, -1335439598L, -59851872L, 559506592L, 
1959935369L, -1912025669L, -1785693684L, 1477505946L, -20702449L, 
27859289L, -955421714L, 471528060L, -1612557587L, -892861033L, 
-82018720L, 933962814L, 376218891L, -462153843L, 672457914L, 
1046881016L, -1791788895L, 2061212755L, 502026100L, -1480852222L, 
-380484201L, -1732329631L, 1728457638L, 1189610916L, 163069013L, 
-272445185L, 1815561624L, -1265537354L, 1537314627L, -1981939067L, 
1525810978L, 428995600L, -1005144135L, 17676395L, -2125917348L, 
-1714789750L, 701365887L, 62730185L, -1232829346L, -1095332084L, 
315698909L, 1685706727L, 2114518032L, 1323012398L, 1059640795L, 
-632612163L, -1806368726L, -954255160L, -856318479L, 1572678499L, 
898444132L, 220144274L, 828989287L, 1993142577L, 1117231734L, 
1458326420L, -1302896731L, 127226031L, -392508056L, -345445050L, 
1871727859L, -243936683L, -879563214L, -1195004928L, -1673338647L, 
-933095589L, 121926060L, 105615802L, 1895903087L, 1166201081L, 
194094478L, -32548772L, 922811085L, 956636727L, 1492796608L, 
1715616670L, -1659434901L, 53389293L, 928262746L, 841960728L, 
1393326721L, -1117247437L, -1451979180L, -311842206L, 1479474423L, 
-1066522815L, -2098108986L, -292145404L, 476414645L, -43688545L, 
-776138248L, -1528258602L, -1644971421L, 1632354853L, 550914498L, 
-994390352L, -1536149799L, -1623723957L, 415469244L, -1500635926L, 
607504671L, -915727959L, -998457538L, -857945556L, 970881149L, 
-283751737L, 1768534960L, -520526386L, 1277449979L, 1088490845L, 
408094346L, 1066075304L, 330842129L, 1682379011L, -187630588L, 
-910117838L, -966542201L, -315836207L, 474815062L, 298844724L, 
-1991956155L, -50957425L, 276985608L, -1795677914L, 935666131L, 
-914609355L, -2102695278L, -243675552L, 2127615945L, 486713083L, 
-1498732340L, 115777882L, 664046671L, 1234510105L, 505404206L, 
-1890294468L, -1175231827L, -1134641833L, -148677472L, 1259764222L, 
