.Random.seed <-
c(403L, 107L, 1135002386L, 1932999511L, -1924011049L, 1261286397L, 
745534966L, -1727436924L, -1980277683L, 1240938620L, -484692159L, 
613492813L, 701848668L, 2135226008L, 1315352085L, -450940137L, 
2027772599L, 203082942L, 584229180L, 2019315471L, -2094903264L, 
1630923037L, 1937966627L, 487807442L, 212979425L, 2131327769L, 
848342843L, -1258295325L, 1189670602L, 855038178L, 903542813L, 
-299883193L, -1963207585L, -1051952426L, -1633338475L, -1034394772L, 
-1705699866L, 463184318L, -328481021L, -1612259238L, 143243721L, 
-192374884L, -1149692464L, 1146987586L, 729354967L, 89384996L, 
-943389681L, 919553230L, 1064011213L, 291096942L, -850064170L, 
-1411580567L, 1658383137L, 1288379986L, 1862001384L, 455805913L, 
-1374912725L, -1195172389L, -1052899407L, -511765286L, -1096604437L, 
1229243168L, 435090545L, -1682664287L, 725528533L, -901314651L, 
1981473286L, 899220992L, -191738692L, -95444452L, 993692023L, 
-1132459157L, 616130374L, 1324139255L, -579189266L, 1476730090L, 
-75140610L, -478464838L, -274463718L, -1324760303L, -1092368203L, 
-1266823952L, -593928529L, -605266103L, 650903685L, 1096721467L, 
1662457914L, -563947091L, -1450735352L, 562046454L, -1316764221L, 
1327012128L, 205304648L, -1788924372L, -225310385L, 564857549L, 
605194492L, 16227712L, -2021409704L, 470046358L, -596528860L, 
-2119832096L, -1365972021L, 1521994721L, -1684282231L, -606233816L, 
-1276701243L, 506483385L, 2109819046L, 684828379L, -145033983L, 
-1728094490L, 242145350L, -906170461L, 2049235153L, -2084206723L, 
-1241040288L, 902837661L, 1737472322L, -1111438085L, 760319909L, 
190906283L, 1461823482L, 1781060103L, -1557974564L, -1893834105L, 
1968627473L, -1540752734L, -153592087L, 1507693276L, -1680934750L, 
-1308463128L, 1341052374L, 1181449412L, 950583831L, 1756117840L, 
-1948104106L, -1563092967L, 73795718L, -68935518L, -100378503L, 
-909209286L, -1969831761L, 1912910706L, 1746156229L, 2127173356L, 
-252081674L, 1501670916L, -1785873071L, 543382010L, -1581819636L, 
-1950096628L, 1733908404L, 106621703L, -1029777752L, 2145679672L, 
59784414L, -887934967L, 1215558612L, 1009916851L, -708938403L, 
408258033L, 698117308L, 1295534092L, 279788751L, -61001667L, 
1784505922L, 1387377251L, 2657071L, -823292504L, -300645414L, 
1893306301L, -583998349L, -1056492204L, -1185907610L, 1329568559L, 
1852733294L, 440288120L, -768211351L, -1252602026L, -1200512797L, 
-2022816614L, -1426210401L, 1727436217L, -375584352L, 1755283020L, 
-620345582L, 1994685510L, 633936520L, 45384321L, 1360911358L, 
282409064L, -1368626303L, 1357946384L, 1230287669L, -2101511925L, 
773776900L, -1534412725L, -1794972498L, 2127711800L, -1211231667L, 
1987134354L, -1589824344L, 832979712L, -1698639845L, -1557149419L, 
-1743125210L, -1356760012L, -688550227L, -2055135974L, 1061692764L, 
683674365L, 719101526L, -835905384L, 2060776332L, -1455358006L, 
1238986481L, 2083659804L, -750432336L, 1730745983L, -66805013L, 
-1573068254L, -538891909L, -1853925506L, 1644401398L, 1007337633L, 
1771862350L, 1355930833L, 2036802166L, 1608959805L, -935313567L, 
1888184383L, -675981998L, -898428438L, 1805707758L, 2108872094L, 
193515253L, 544642145L, 1902818663L, -1259764708L, -1628137486L, 
673430914L, 138343186L, 699371745L, 1069415003L, 626281487L, 
-377177211L, -865921479L, 77310819L, 1519621059L, -676454440L, 
8845489L, 1208632471L, -1628980707L, -1181436495L, 390452038L, 
-717954864L, -1188914800L, 166223078L, -1313390974L, 39043421L, 
1161207007L, -454818157L, 1343297501L, 208765610L, -650266317L, 
273441416L, 839270392L, 828436929L, 1101310660L, -2035655525L, 
-1964241125L, -1333258943L, -515346917L, 1805464484L, 2134607341L, 
144320280L, -538361854L, -1719635906L, -852740545L, -1946346680L, 
-2049793303L, -1377585385L, 405199557L, -929267695L, -233754118L, 
1809913914L, -301894609L, -946997662L, -1096437057L, 2098752682L, 
1345657106L, -1400018593L, 440640967L, -891719610L, 1462426279L, 
1569802701L, -350309985L, 216062199L, 1526069703L, 1248420509L, 
1958715373L, -1532887795L, 1535813406L, 2119668322L, -1858555152L, 
700596738L, 1233258554L, 802397044L, 1416473765L, -252654257L, 
-1480063447L, 660940648L, 304439025L, -1250057734L, 1052689116L, 
36089555L, 742678222L, -588591036L, -1431186612L, -686788276L, 
1777091480L, -1470008518L, 1741035851L, -647691735L, 993171208L, 
1358670271L, 1512441831L, -1566449728L, -615692806L, -1419136688L, 
123875417L, -1205427315L, -1403947843L, -1444006559L, -1248310438L, 
-1360724109L, -568023940L, -870237665L, 1682717871L, 167687562L, 
-1595404631L, -2144175565L, -40489848L, -1849074351L, 1369055413L, 
294409888L, 2106381260L, 1140110378L, -1486011171L, 941039303L, 
-1123934969L, -1359247605L, 1075712078L, 598554448L, 707082735L, 
-1411201926L, -1803195801L, -1600867743L, -750880219L, 2067546122L, 
-371491656L, 795990089L, 847736438L, 567199033L, 2092651747L, 
517763768L, -963135723L, 1758411547L, 512164047L, -379732993L, 
1716907941L, 1391995488L, 1004256500L, 324403129L, 757815484L, 
-1246062784L, -1858170454L, 1050809329L, -1026648929L, 1401032996L, 
-1870366855L, -51281381L, 749951758L, -702465528L, 1768578441L, 
1360372799L, 1695179786L, 827603473L, -103052686L, -732857249L, 
-1258533283L, 1019038546L, 1683683940L, 1108378902L, -2055778681L, 
-939015213L, -1222428008L, 1200749934L, -1517067915L, 744008507L, 
-2115064310L, 891554448L, -873158418L, 879762787L, -1873142396L, 
-1272151733L, 1456427526L, -1158582183L, -679010099L, -920405342L, 
-729893265L, 64710464L, -1789371324L, -479465922L, 1882073595L, 
-1540064876L, -590599182L, 265779823L, -1876926581L, -1780310952L, 
40052749L, -975787824L, 2137513834L, 1184101584L, -1819477370L, 
895175908L, 1435284997L, -1929131616L, 1826777412L, -1548709980L, 
193547486L, -1253477018L, -1470656140L, -673075422L, 1297577973L, 
1959137332L, 1048538519L, 1952877292L, 111651997L, 407407991L, 
574171294L, 509405855L, 319398291L, 1533529047L, -2059196192L, 
1851608760L, -983263331L, -1134168050L, 883922078L, -917535648L, 
-1068390233L, 84182330L, -1345263846L, -1079595700L, 1141992323L, 
1475785226L, -1022901551L, -87877805L, -2011239774L, 1920388698L, 
-805254967L, -1264930974L, -1132217747L, -316210588L, -343976424L, 
-199955997L, 1092890939L, 515816027L, 1539071026L, -519248940L, 
1915694972L, 806066547L, -889942609L, -536853183L, -2133869674L, 
-1396402071L, 1413185759L, 992684777L, 835808494L, -1309947681L, 
-317407651L, 1042214054L, 1720570111L, 497455389L, -646050161L, 
-2133625159L, 467106070L, -133242822L, 1248266353L, -139086380L, 
1830387965L, 454357759L, -877524400L, -1215560803L, 858749611L, 
2107771530L, -1894670314L, 1044435843L, -1950885239L, -1794535431L, 
-1605592652L, 322051262L, 1761673294L, -1152425652L, -1873141949L, 
1478879882L, 703530550L, -281066595L, 1259999040L, -2105980336L, 
2040115114L, 330945656L, -1407492322L, -1945628108L, 1080303235L, 
1112753022L, -901639767L, 32100314L, -2063593434L, -1721299784L, 
34837806L, -1272534316L, -390962379L, 969600695L, -478590326L, 
-1138690516L, 605597017L, 1193790270L, 219847047L, -316561594L, 
-454431543L, 1145930406L, -1701417322L, 1281598757L, 1466447820L, 
1038898799L, 638834361L, 1367868088L, -447766164L, 1095692393L, 
734470754L, -1015889473L, -444476986L, -282468702L, 1748593107L, 
1223619488L, 1213515146L, -1075442866L, 774304741L, -645925337L, 
-456244686L, -165049810L, -1934092460L, -333621976L, 2050264600L, 
1910529528L, 1756020880L, 1108065371L, 519377576L, 1742990618L, 
476655004L, 1412518034L, 14912169L, 1632673873L, 905474788L, 
-1444656147L, -522395505L, -1877780405L, -1253648692L, -1501623164L, 
2122588442L, -1301145444L, -450918129L, -1533848852L, 895888777L, 
1828746353L, 1641111125L, 242274447L, -460587865L, -1156801179L, 
-1129847344L, -2018729298L, -1098733088L, -1334720625L, 1017613816L, 
-2111053790L, 1138132977L, -764517629L, -1261630354L, -149796370L, 
