.Random.seed <-
c(403L, 256L, -928540245L, 922124390L, -7163257L, -650125099L, 
-1177358950L, -1880376131L, -1961262551L, 901100280L, 670250328L, 
234520356L, -1909431304L, -1760897723L, -908893160L, 1960425525L, 
2002683577L, -1795042995L, 2028310446L, 1585285740L, 884262909L, 
15428789L, 728566559L, 1501234715L, 495832160L, -1784735369L, 
-478975693L, -1773240384L, 2097817858L, 1745219161L, 1426934341L, 
-2111601978L, 1878207226L, 1478083389L, 1086611042L, 434237171L, 
-1386607790L, -45692925L, -151726898L, -1307802049L, -620892126L, 
-1663112701L, 845891826L, 355889612L, 984566923L, -363180865L, 
306466145L, 67299009L, -1417855224L, -927067392L, 808877485L, 
-1004851848L, 432284230L, 944579321L, -1804125707L, -1590222270L, 
344465927L, 1725649190L, 1254512246L, 496451436L, -520265115L, 
1077262585L, 685242277L, -1234065010L, 772109753L, 1099348630L, 
2065637334L, 1165138033L, -1521891686L, 6914687L, 1358700766L, 
51970714L, -1741809692L, -1060731338L, -347794591L, -907691095L, 
-340517051L, -717881240L, 513788982L, 2134199513L, 1342339384L, 
249240156L, 1944693834L, -1056997927L, 597343033L, -1149313211L, 
1153198330L, -932985905L, 1392222720L, 158891920L, 289384019L, 
1992519533L, 1233286615L, -1794512631L, 1147322446L, -1733051603L, 
1190639691L, 1041127067L, 1481156306L, -1109266136L, -373516811L, 
-1267512721L, 894251804L, 904625904L, -1979285405L, 822914737L, 
255613877L, -1139246572L, -1377520169L, 125640256L, -1816561359L, 
848448894L, 541993839L, 1605779411L, 368446218L, 1360666628L, 
-79422233L, 627270641L, 2039550762L, -1900960752L, -1196031610L, 
721590653L, -1874002768L, 335247386L, -1435870724L, -808915207L, 
-668176095L, 92688174L, 434858227L, 693346840L, -1638509816L, 
1299963144L, 268712913L, -256616540L, -1877733852L, -967434111L, 
1363797371L, 2066507323L, -1082529375L, 1182272316L, 1338030421L, 
511572134L, 152551350L, 429462192L, -1377612109L, -484909178L, 
-1288614528L, 1494517062L, -1948465445L, 1777209593L, 2122547551L, 
-1335096750L, 20749510L, -1600285854L, -71720969L, -537142566L, 
19610799L, -920057820L, -53718294L, -878269505L, 1579931639L, 
-545765714L, -1494288415L, -1569218791L, 283260968L, -1929151308L, 
1689687841L, -1237288805L, -722303202L, 1407782011L, 2065853858L, 
-2072943557L, -309196279L, -1580904811L, 540238175L, -748295231L, 
1934015661L, -1932321914L, 1875215913L, 136644098L, 578728427L, 
-1895551059L, -191811822L, -1102420557L, -2137335692L, -1205610015L, 
968813955L, 1638217092L, 158050096L, 1715724303L, -794144783L, 
1818253139L, 1256695813L, 651087723L, 817605912L, -2063243410L, 
553685263L, 927520881L, 251084224L, 286326112L, -1206850961L, 
-803860107L, -1730019727L, -43991986L, 1607654721L, -391588835L, 
1255269577L, -1782648115L, -1068239535L, -1575607071L, -179169077L, 
956404116L, 787429866L, 315921172L, -223512411L, 409880080L, 
-969757916L, 780439867L, 1659774230L, 406253054L, -437808475L, 
-1333563069L, -734499214L, 1424029018L, 569748954L, -878657485L, 
-264800044L, -349674098L, -47115882L, 1724812219L, -694227184L, 
1704888955L, 2141057895L, 925442647L, -1404863893L, -3265507L, 
-1923399671L, -259995563L, 1260057196L, -1627130945L, 1316401588L, 
-2032722810L, -304013596L, 699170956L, -986489032L, 1573421377L, 
1799702395L, 11899363L, -929600401L, -1380762777L, -1132425854L, 
-1131654126L, 2120910282L, -720153054L, 641642193L, -588232517L, 
1485572034L, -341773783L, -812511551L, -2015376127L, -228499775L, 
-546720984L, -949280309L, -1797983967L, -288964060L, -97857429L, 
988943382L, 920734175L, 1570426324L, 1320527023L, 1534745081L, 
-1356084019L, -1199473414L, 1701936960L, 1168446874L, -1598475435L, 
755775031L, -652528811L, 1604626945L, -1886591772L, -540281208L, 
-290255833L, 783945473L, -1721110927L, -193971409L, 13045643L, 
-1516718414L, 629283877L, -967390289L, -1835955718L, -2068412975L, 
1881438495L, 157887645L, 932449121L, -845238455L, 2004283406L, 
-361038922L, -1570093272L, -1733920070L, 2046799520L, 380841186L, 
-1779026369L, -2084450102L, -66813897L, -64725793L, 1060018966L, 
20326350L, -184294010L, 550500584L, -1980115751L, -376891372L, 
-1105902002L, -528080281L, 1280360052L, -125647502L, 1020861037L, 
-1504799764L, 781765166L, 1371775166L, 1872726387L, 1106035313L, 
-381322640L, -1283255243L, 141375921L, 682263418L, -1117109747L, 
1404950615L, -1560468634L, 1019867220L, 1125714590L, -1013048453L, 
1340602867L, -1531801237L, -232455310L, 1382928534L, 1969364692L, 
-417278272L, 1206052049L, -5774933L, 1330756459L, -1672658448L, 
-1545580513L, -879172858L, -1785053461L, -2111201718L, 1149899234L, 
-594364597L, 541138033L, -1568082976L, -1260450648L, -663036232L, 
586537969L, -816826429L, -1127839927L, -906706044L, -1142811001L, 
1854598733L, 243619020L, -1335332998L, 890289586L, 2140205766L, 
-1523847607L, -465878264L, -503064698L, -582928882L, -1527846346L, 
-1584375928L, -562297340L, -943331871L, 1991570255L, -1560076497L, 
872243477L, 561403836L, 969510132L, 479972053L, -807908021L, 
-2044036587L, -580702730L, 1878503998L, 1982336450L, 1927260454L, 
1833479096L, 1174532762L, -640436787L, -1032081763L, -710926385L, 
-92828775L, 2039161354L, -1264767329L, -1301192361L, 1361220000L, 
-1835382613L, 958266129L, 714308413L, -1348526108L, -1673375685L, 
2041549638L, 1458908748L, 384897306L, 678500671L, 402229369L, 
711794144L, -1003146212L, 2087934594L, -565021225L, 2064844404L, 
578430512L, 910168858L, -1433067589L, -1107971391L, 939042374L, 
-414345517L, -1820025141L, 844876804L, 520896390L, -1719315676L, 
-657526777L, -388874980L, -1858879888L, -353916337L, 67843883L, 
1148934771L, -1749545537L, 717158914L, 715136712L, -1778481693L, 
-296335945L, -687619940L, 1046535392L, 680694003L, 1960588642L, 
1750447673L, 743660396L, -1271536254L, 896685448L, 974050132L, 
-923693739L, -1367893748L, -1400258097L, 48122856L, 564858727L, 
1986738556L, 54142250L, -557335460L, -946733846L, 983835471L, 
696576630L, 786889756L, -1584289031L, 134638380L, 930286027L, 
1684019657L, 1191707535L, -1038505261L, -956207217L, 179811665L, 
-974079177L, 1285331291L, -849491877L, -1260691749L, 303682139L, 
1840151482L, -172914799L, -1063378429L, 675689489L, 1224518996L, 
288056364L, 1692556586L, 2109344970L, 1566676217L, 680146834L, 
-670130365L, -1352866156L, -333375926L, 470600366L, 1233315660L, 
1804881066L, 1653163354L, 1638155865L, -226294343L, -1260468835L, 
1997256452L, 1355344766L, -2073012914L, 890762581L, -999938045L, 
824762654L, 1906163944L, 1282721354L, 2013690004L, 1011372560L, 
2126603210L, 503475776L, -396823937L, -1567566649L, 577886582L, 
-1250204078L, 1931229839L, -1237177080L, -919418387L, -42441383L, 
1118821462L, 2086795731L, 973937659L, 1590032617L, 1552341635L, 
-779463066L, 1179222320L, 1220769387L, -441466341L, 1081982003L, 
-1085879728L, -1212370678L, 1953620821L, -1463427187L, -1416800147L, 
-826119772L, 1882931881L, -1154615066L, 1691325302L, 1263263116L, 
227848504L, 819754909L, 63736518L, -504686046L, 1425822080L, 
186775083L, 340310915L, -1752543814L, -737155128L, -532307984L, 
535551362L, -983550556L, 1068690631L, -494358971L, 757243902L, 
1838977774L, 1950131171L, -93983704L, -1716001943L, 36607008L, 
-1932690570L, -992848206L, -1480556407L, -1019291108L, -448492293L, 
1770212392L, 1333993949L, -1416256042L, 2116777806L, 2095390633L, 
1977511094L, 1877105488L, -19958564L, 1513805476L, 392650873L, 
-165067337L, 1654461122L, 1185560353L, -1357179838L, 1865075917L, 
-661968726L, -1780870159L, 826125649L, -599107478L, -1572804160L, 
1678623903L, 1107815283L, 411606464L, -1816338028L, 957289651L, 
1981777531L, 1902859496L, -1785974499L, -2093220366L, 1434603551L, 
-217268100L, 1960509833L, -106301262L, -902220512L, -1843281929L, 
-1538019093L, 1578437354L, -2109760700L, -969295182L, 64834677L, 
826541697L, -1201853170L, -1467149396L, -1199767248L, 227744422L, 
-978780796L, -505715413L, -1463816789L, -1431061584L, -247162767L, 
