.Random.seed <-
c(403L, 121L, -1215403899L, -1428841311L, 1619821272L, -179315038L, 
-1486100920L, -1638683948L, 892384254L, 1832292928L, -1997336161L, 
1976548206L, -541670779L, 1782663750L, -2130093643L, 1034125136L, 
-1397120490L, 1713247988L, -1287572618L, 2070308246L, -377691956L, 
373321049L, -1793141567L, -1738274211L, -644007772L, -1204682473L, 
-298660992L, 761743851L, 256803842L, 1338261349L, 2108500901L, 
1162824203L, 909412911L, -1823231605L, -2137802095L, -2038880463L, 
1118025028L, 1825442189L, -798691008L, 167133140L, -498085226L, 
-229691537L, 1665817354L, -1467257865L, -1668375191L, -2044108348L, 
96849851L, 1760209264L, 1793275593L, -1282736061L, 1342710522L, 
483317348L, -2093348109L, 1499761014L, 47276963L, 924052320L, 
-1583206633L, -131423714L, -526445765L, 1895197684L, 662409800L, 
869790244L, -1316431253L, -1966293004L, 730963324L, -1970948913L, 
-1794735977L, 676153689L, -1841059359L, 1762890305L, -887101625L, 
226005791L, -265809207L, 1984018060L, 524850692L, -418087959L, 
-2014002299L, -1193399370L, -1636955349L, 2067453790L, -1603586432L, 
1086555435L, 1268628765L, 106233755L, 1035071791L, -2023671095L, 
1891112753L, -1576086818L, 1790134056L, 1070833656L, 821190239L, 
1613392228L, -484253837L, -727788861L, 1982692856L, 464185678L, 
-1767399406L, 1256525126L, -198419032L, 105546871L, 1117049269L, 
-596831249L, -683596054L, -616946665L, 1622914916L, -1554705708L, 
-2038364083L, -66226991L, -1898243663L, 1189767444L, -1899671605L, 
185859447L, -57334213L, -1648629274L, 3499314L, -2025235919L, 
-1518469867L, 870171396L, 1156475718L, -841834189L, 1047284906L, 
-1387825723L, -375123600L, 917102762L, 1428870855L, 731870318L, 
-194748686L, 706489192L, 1681632247L, 1201777787L, -1624105846L, 
1839995277L, 527368762L, 629871519L, -2014825373L, -112573233L, 
-1088073541L, -1599555497L, 1889340994L, 99061588L, -987840885L, 
942724803L, 1304555054L, -1035945756L, 378453663L, 1711320979L, 
-622164846L, -1758375222L, 1189067608L, -1681248609L, -1123452865L, 
1336744780L, -391114746L, -163260793L, 259670229L, -1061190542L, 
1011461775L, -1663912525L, 465266729L, 882299742L, -968372471L, 
-1585453456L, 2060301678L, 35253878L, -698140278L, 832761915L, 
523650111L, 273805615L, -1466960872L, 1896651250L, 984066056L, 
-1374240304L, 1164051900L, 1100846481L, -1750668802L, 1534668001L, 
366742772L, 768830628L, 1446406550L, -1520481828L, 1147067278L, 
-1835902433L, -1168787477L, -611830436L, -1086283599L, -1414842707L, 
2123870612L, 961159246L, 1603105110L, -354017078L, 891251712L, 
778445039L, -891904390L, -1036315065L, 1524539271L, 269480170L, 
-243137754L, -1425524390L, -1078258571L, 1518827556L, 816249902L, 
1802011263L, -2099621750L, 1850165612L, -1354111057L, -1067117532L, 
1274306588L, 1577254961L, 1620366754L, 1093134610L, 923715484L, 
-526594533L, -402299697L, -159891018L, 1826879696L, 1257482117L, 
757991813L, 1078291558L, 169593122L, 189726456L, -1456768986L, 
580575848L, 1524747419L, -1460432894L, -649314514L, 686000080L, 
-1831078953L, 1861000936L, 853785783L, 1871105907L, -574568115L, 
819031619L, 767960561L, -1388864443L, -277247527L, -112712274L, 
-17460889L, 2109201787L, -1619568876L, 1351353055L, 1105709207L, 
1938756269L, -1340396323L, 1919040452L, -1953885302L, 38528564L, 
1924242007L, -1617110155L, -1255420875L, -142476146L, 182722728L, 
1278988208L, -1199237310L, -1713948882L, 1543218916L, 1073809752L, 
822207392L, -797282368L, -327103013L, 1123378723L, -1207361633L, 
730654648L, -2135027850L, 238078038L, -1236308879L, -2078859830L, 
-1480288744L, -94119248L, -496463573L, 1022796874L, 1022797618L, 
1928068691L, 1712293519L, 1163733980L, 46060407L, 1461495327L, 
147827034L, 783804091L, -1791752894L, -244517805L, -603429538L, 
1224290148L, 749418373L, 1098737235L, -1970225558L, 731307479L, 
-1142926284L, -1766863279L, 146485981L, -1414581071L, -1374650974L, 
946946733L, 705234632L, 1426342832L, -1401755265L, -924733022L, 
-452837271L, -1371094954L, -786145070L, 830612825L, 32588920L, 
618044352L, 1673166651L, -2104844553L, -757101523L, -1820812343L, 
-1931449870L, -669668592L, -1124843713L, -1265647863L, 20500084L, 
1960408514L, -94994461L, 665183327L, 973207109L, 553329213L, 
-607993610L, -1262897604L, -1720572144L, -112206973L, 1705187973L, 
1302648436L, 116831922L, 1440357025L, 1153510857L, 434066496L, 
-165564355L, -1581455322L, -1615832335L, 1276910231L, 1610753427L, 
2011568190L, -1334660881L, 1520275371L, -1994297034L, 1226895610L, 
1273263478L, 1858184207L, -841155767L, -1727405158L, -187388972L, 
739409189L, -20000757L, -704872865L, -292527063L, 2016069188L, 
1369014841L, 1948845546L, 774544556L, -1745538380L, -1901021781L, 
-191408360L, -1356788050L, 1109391092L, 1009732434L, 316876231L, 
-2025620000L, 1357788658L, -1010246689L, 164380358L, -772889372L, 
-67952641L, -1328032918L, -497580061L, -1617161471L, 897059735L, 
1248593796L, 1233852796L, -1006035363L, -386621455L, 1027776861L, 
1164930577L, -490230692L, 1810475249L, -1175539115L, -1986649290L, 
-1040751197L, 100895984L, -75983516L, 1808152514L, 1035342278L, 
732589615L, -1707188154L, -1803056164L, -1016155283L, 1588182575L, 
541226444L, 661019637L, 210887062L, 1150044972L, -93931816L, 
1091054196L, 860024596L, 1241550517L, -922025154L, 443449834L, 
-945099135L, 2015608902L, 371517132L, -1862812464L, -1100390907L, 
-688623606L, 2030112961L, 839522939L, 791028620L, 617408487L, 
-1654699769L, 1585940787L, -1593589998L, -1783501085L, -1847054564L, 
-809161958L, 1860907922L, 85451415L, 1134427636L, -1449933373L, 
-187383661L, -682386704L, -1654064214L, 2048761167L, -1209057270L, 
-1714631605L, 1388552398L, -1844825978L, 1862587317L, 1370129876L, 
-225141720L, -1464022613L, 1164203521L, -1733324862L, 2082502133L, 
-1360822584L, 1052559047L, -694956636L, -1640080109L, 1925346894L, 
-760973218L, -1762950145L, 836730211L, -913261279L, -1676955718L, 
1126533368L, 1430111798L, 1525651652L, -920282694L, -1211778928L, 
222488697L, -150732580L, 1369136736L, -825584105L, -1680965291L, 
875962205L, 339824407L, -2146298151L, 1730788509L, 1118956207L, 
115303303L, 1525290170L, -1199575609L, -1475741381L, 1269413406L, 
-419718852L, 147730045L, -385409124L, -2102007566L, -1231569847L, 
1236564496L, -1292254648L, 1615819890L, -1668284424L, -156912452L, 
1904911728L, -1255660326L, -614944675L, -1009612883L, 1363948613L, 
-721552860L, -1995013L, -1099845514L, -1458808125L, 907217044L, 
-861274788L, 1812396360L, -1697029031L, 1048276496L, -1297522686L, 
-69636941L, 1904812188L, -1672730205L, 952640881L, 328178175L, 
-403748733L, -1100909919L, 1098840107L, 464717433L, 1096624011L, 
2075088925L, -417349024L, -1106394027L, 1504935272L, 214907693L, 
444390228L, 864276076L, 1503461336L, 1898271418L, -676654998L, 
-918412785L, -1874361638L, 1846027939L, 1818885227L, 644444052L, 
1063217923L, -1527759408L, -160108617L, -705506130L, 1515946396L, 
-364950098L, -564891837L, -2003985494L, -1982536027L, 1850729507L, 
1380660559L, 164911180L, -1670843600L, -1027831683L, 1129503676L, 
-883645807L, -738205276L, -1217195504L, 176635965L, -1987100609L, 
-126426383L, 417813475L, -1955918826L, -2103106350L, -1297807586L, 
212118561L, 51291047L, 1837956523L, 605230891L, -1659395900L, 
1362924215L, 1799864604L, 987453554L, -1397741437L, 908472834L, 
-1653180807L, -1936876585L, -582489817L, -814343604L, 1721617749L, 
-2111664149L, -1651153811L, -672936890L, -675815931L, 1798189012L, 
489313755L, 916482599L, -932788661L, 1902744271L, 1615815392L, 
-1086308477L, -668220740L, 1717789526L, -421041478L, -2035598328L, 
-1695257705L, 1611558449L, 700684697L, -243670537L, -1993379107L, 
-691848532L, 193533407L, 1986964282L, -723856558L, 503211371L, 
-113184550L, -258611206L, 899062818L, 1740797764L, -1210245183L, 
204017032L, 1948969806L, 1323207249L, 114428072L, 1626310617L, 
449027020L, -1609661858L, -260967510L, 462701417L, -297516489L, 
1641407361L, -1344655637L, 10557082L, 1402085869L, -226552648L, 
-313813358L, -1464677784L, 2069666028L, -674087044L, 885146410L, 
