.Random.seed <-
c(403L, 10L, -1805454119L, 2070384363L, 1014475610L, -107229924L, 
-774763489L, 367538293L, -388485876L, 1587282146L, -1901327939L, 
375803447L, -392338210L, -1943511016L, 619372411L, -1666646247L, 
-662633560L, -1442942122L, 1209084881L, -197476477L, -1069233646L, 
-2112193116L, 110315879L, -1299523907L, 1368292916L, 1929733530L, 
756204005L, 1237806463L, -765655802L, -1865474416L, 584554291L, 
760997073L, 1371709056L, -166697122L, 332481705L, -1722632357L, 
1644301674L, -1533345780L, -460916657L, 1812623621L, -221001284L, 
1159732370L, 1051420557L, -2111119417L, 619037870L, 245130504L, 
-1762340085L, 850574825L, 2042038968L, 2085719398L, 1484588545L, 
-783060845L, 533859138L, -529545996L, -678350601L, 1833167085L, 
425249668L, 1402619306L, 837376789L, -251426385L, 1222674870L, 
1424158688L, 2064908067L, 525938753L, 1996319536L, -2087050930L, 
529716153L, 1360725451L, 659502714L, 811400060L, 754308031L, 
-509412203L, 1605927596L, -1351966590L, -779276195L, -1244526761L, 
779827774L, 2139082360L, -1721012901L, 657743033L, 1026503944L, 
322877366L, 372858097L, -753698013L, -425919118L, 311547844L, 
1677734791L, 925131101L, -1280794796L, -1774819974L, 1981915333L, 
-509877729L, -1793792602L, -1224784080L, -1444295213L, 200948721L, 
1475411232L, 968743870L, 2052740041L, -498293893L, -1963736758L, 
-635286100L, -1644169041L, -1688976795L, 665745948L, 273478770L, 
-1477235987L, 903591719L, -1891077298L, -1167590488L, 1700003755L, 
189107401L, -2067227432L, -945659514L, 380123233L, 763312627L, 
-1771575198L, 1565630164L, 2052999127L, 1530336717L, -902762140L, 
-1672759990L, -1499220811L, 1543099407L, 143502614L, -1577297984L, 
1467810691L, -844107359L, 782884240L, 1584787054L, -2042144743L, 
660047019L, -1384048486L, 298928220L, 280757599L, 1914982197L, 
2142667468L, -1470808030L, 1560545917L, -2088919177L, 640733342L, 
-2085171368L, 2133105339L, 828990553L, 1546026984L, 328411670L, 
558050705L, 2107848259L, -560560814L, 1822304740L, 2108524583L, 
2135774333L, 2127550836L, -759294630L, 1075602341L, 1854477247L, 
1012883526L, -1698828592L, -784049933L, -863998447L, -856803264L, 
-1290851298L, 314018537L, -67915749L, 1131083818L, 256895820L, 
777373967L, 263928901L, 324976124L, 1494527058L, 990555597L, 
1590144903L, -176911762L, 1167092296L, -832439221L, -315662935L, 
1979666680L, 429085734L, 726570305L, -797187373L, 732539522L, 
1820971188L, -323895241L, 138793773L, 439224388L, 744977770L, 
-187113003L, 1281709935L, 1529745014L, -735444576L, 744244835L, 
1619910401L, 51441264L, 782551566L, -1608203655L, -994390517L, 
774004538L, -1655019972L, -707687041L, -2128322859L, 1389850348L, 
-154967998L, -1011841123L, 1979913751L, 1732848510L, 2075339064L, 
-660191717L, 1184827257L, -1411677752L, 29875702L, -869105615L, 
786115171L, 1894938162L, 1168720772L, -1646206521L, -2128279395L, 
262963220L, -245983558L, -27031803L, 1590420703L, 1763558758L, 
2129981680L, -187206637L, 1910176177L, -1367042976L, 1135780350L, 
-1972918903L, 506585787L, -1873801590L, 1577375164L, 97264690L, 
-192753856L, -1722997580L, 390340424L, 1446466234L, 627392272L, 
1877394668L, 1224019028L, 2042507026L, 1607237536L, -1693498420L, 
-685827232L, -603978558L, 1451195944L, -1349403220L, -182654148L, 
-83536014L, 1153351472L, -680946140L, -472716232L, -1600853798L, 
-1051918960L, 1007065852L, -1920220268L, 2074746690L, 1778066944L, 
-404165060L, -650161584L, 1680785058L, -338793656L, -1323998708L, 
-280651556L, -1524589998L, -1681246080L, -1564941484L, 1563348456L, 
1623199482L, 763104080L, 37129260L, -2071307916L, -795896174L, 
-1584955808L, 602019468L, 39343968L, 1164796642L, -618950488L, 
1059314892L, -483479044L, -1204779086L, -379573776L, -1540647484L, 
2057171800L, 2040418170L, -557275728L, 826129852L, -388944812L, 
-640487486L, -1448626400L, 618316732L, -2122088880L, 1917532642L, 
-463198872L, -1345907380L, -1328358148L, 948814578L, -2091652352L, 
281955956L, -934724600L, -1877751366L, -109458480L, -10021396L, 
1243307924L, -59683118L, -76469664L, 1606243660L, 2022191392L, 
1537279618L, -1756445208L, 1358273516L, -2005075396L, -872454542L, 
813030256L, 1371363620L, -507033032L, 1608173978L, 31878608L, 
-322228804L, -849197932L, -1078488958L, 1377473984L, -1793849540L, 
89102480L, 1336503074L, -866311672L, 211575052L, -1635948132L, 
-773203438L, 1877933952L, -1716710636L, 77691176L, -1920221126L, 
-765463600L, 1958790764L, 706097716L, 235263634L, 1275047264L, 
-1011326644L, -242494496L, 1339089314L, 845291944L, -360431988L, 
-164162116L, 52126322L, 1441565680L, 499726916L, -59645864L, 
519722042L, 9837680L, -1486601156L, 2041994516L, 1735606978L, 
-1963641120L, -1211007876L, -1219157296L, -1247100510L, -1204030424L, 
797669132L, 256058812L, 696108850L, 1951813312L, 693413940L, 
-105558328L, 1954883770L, -810614128L, -622115092L, -883076524L, 
-719384942L, -1090251488L, -1267221044L, -849187104L, 1522891970L, 
-880518104L, 1757201324L, -2051209540L, 2113636338L, 1042510384L, 
1282063268L, -987535944L, 936912730L, -1905633136L, -824842372L, 
-1225390828L, 494846274L, -479191808L, -632028740L, 1134943568L, 
-629946078L, 1915482696L, -91161588L, -1457278372L, -918383150L, 
-420659712L, 833474900L, -1519467288L, 1056561402L, -155462960L, 
668704556L, -419054348L, 318535058L, 476678496L, 180635660L, 
2030676192L, -561379742L, -1339477848L, 1711315020L, -983550084L, 
-1154548430L, -687280528L, 304449348L, 1037102040L, 1021767546L, 
-1372060624L, 28983228L, 738695764L, 1994747970L, -1007741280L, 
-1071150404L, -11524144L, 1969711458L, -1266529560L, 370513100L, 
1068943868L, -1535323662L, -1721053056L, -783675916L, 650005128L, 
-1406425286L, -726361776L, -1809262484L, 2113070484L, 1618291794L, 
-911822368L, 1345355980L, 1940556448L, 1121071490L, 1716122856L, 
1614404332L, 819474748L, 2134805618L, -845210000L, 1870837284L, 
849641528L, -228092646L, -579129136L, -1510380228L, 1532170132L, 
316962690L, -807088192L, 1266093628L, 1622188432L, 2121049122L, 
1120944392L, 309191820L, 950825756L, 1136971922L, 710312320L, 
1433968836L, -1495417355L, -2099877793L, 891351736L, 1484491670L, 
-899114589L, 293113189L, -962417534L, 633931248L, -276589671L, 
883152267L, 473792636L, -150633814L, 1844370655L, 1256798825L, 
2090203262L, -591167380L, 1772492989L, 385952135L, 799595888L, 
-1346181106L, 81544507L, -1436620259L, -1523437878L, -1934456344L, 
-1937350959L, 752466627L, 1167077828L, -1528113550L, -1561032889L, 
-570149103L, 503884438L, -237514764L, 2095905157L, -1265183537L, 
1778937288L, 349701222L, -173989229L, 1195526645L, -1529052206L, 
-1344071648L, 359248393L, -1117795525L, -353141108L, 265147162L, 
-527788657L, -1561761063L, -560978578L, -1726215940L, 1178276461L, 
-502919657L, 93883360L, 531929022L, -1581415029L, -1040509427L, 
-1200518598L, -1580711304L, 50014753L, -178469677L, -1814019084L, 
-87858046L, -1513640681L, -575292447L, 1723747622L, -328414172L, 
-1704786219L, -1557716353L, -1124519144L, -411801034L, 245779651L, 
-1164304123L, 1026259106L, 954994320L, 357886521L, -1994034453L, 
-400485412L, 747828746L, -32429825L, -1983312567L, -378405154L, 
-2048056180L, 1983485021L, 100108903L, -1071254640L, -1494263890L, 
-454805925L, 2001078845L, 2120539306L, -1737347768L, 2078265713L, 
907441891L, 618733028L, 1535414546L, -684331801L, -842278223L, 
-1129627402L, -854144236L, 1847288869L, 1476837679L, 1316861672L, 
899564486L, 1947022963L, -1069197099L, -389594446L, 751045248L, 
-1931351447L, 542195419L, 1991711276L, -2099400134L, -165266193L, 
1988267897L, 1276187662L, -1168127524L, -979727795L, 109877687L, 
-203245760L, -750137826L, -1620150037L, 1173497965L, 577552602L, 
1522294936L, -274426111L, -942154573L, 1542920148L, -461933854L, 
203207543L, -761422143L, -216418746L, 1229203844L, -1961961675L, 
2119501087L, -1962865544L, -1583531690L, -208316445L, -1539210843L, 
238957634L, -726095312L, 2101297753L, -1850248245L, 1169249340L, 
