.Random.seed <-
c(403L, 2L, -988050617L, -1339227619L, -239298412L, 425179194L, 
-102253947L, -1969722529L, 390669286L, 779300464L, -211828333L, 
-1808554447L, 1738063072L, 46042494L, -1518067703L, -1491619781L, 
101662218L, -746975764L, -1141865873L, -803058267L, -1351119524L, 
-1231834830L, -52867027L, 295055079L, -810023922L, 1910418920L, 
-1770522645L, 2135107721L, 1062284312L, 82037574L, 818502049L, 
85141555L, 781608354L, 1679777940L, -210712809L, 1500967181L, 
-1600825308L, -1427998710L, 812871029L, 143187151L, 1820790742L, 
-1514238080L, -1634475069L, 713491809L, 1891941328L, -1230636242L, 
965977817L, 238580971L, 2092447066L, -445896932L, 1602273823L, 
-1552407947L, 1322020620L, 1700348642L, -2057971779L, -535629769L, 
744602334L, -1443084776L, 2117871995L, 697671961L, -426898008L, 
1406792022L, 767054289L, -795668093L, -2113834990L, -2024365148L, 
1599476583L, -1984223043L, 1606406196L, 1850811290L, 2073604069L, 
-2026341505L, 1892248326L, -754465648L, 838145331L, -961432879L, 
1876834432L, 455696734L, -308947287L, -2013101733L, -1528870038L, 
-1682726388L, -1583996337L, -881012987L, 148146108L, -1814289774L, 
1630652813L, 447508935L, 450974382L, 1002535688L, -2129549045L, 
-2028570647L, -111079240L, -223373466L, -1402342399L, 723911315L, 
-1782422206L, 116435700L, -864086281L, 1510602477L, -232455804L, 
-1926557782L, 805066005L, -814882897L, 1960964022L, 1955042784L, 
-480318173L, -694566335L, -8606416L, 1029613390L, -90591815L, 
724668363L, -258227078L, 335697276L, -628609601L, 1465584277L, 
-909969236L, 941752962L, 190941789L, 232865111L, -463110082L, 
-433384328L, 1034616667L, 1077955257L, 603342600L, -871907914L, 
1310073585L, -1107188445L, -1067417742L, 403033540L, 1237783943L, 
1551849309L, 1148270932L, -1881359494L, 54540997L, 107670559L, 
-1587102810L, -575816400L, -871497773L, -738759183L, 1788713760L, 
-1534732866L, 482438601L, -1153797765L, 1267087178L, -284563540L, 
-511103313L, -951047067L, -963945444L, 164278898L, -1925626643L, 
520215847L, 1741162830L, -1176557144L, -1406112341L, 322954953L, 
1184399064L, -1657150586L, 1323988577L, 552431603L, 280756834L, 
1171305684L, 1119229399L, -1502044211L, -760063132L, 1801584458L, 
265954997L, -248168945L, 325086998L, -835503680L, -1163228797L, 
2147266465L, -370278512L, -650124178L, 1380143641L, -1448076629L, 
-2140840294L, 952891996L, -1367914657L, 1347983669L, -1958561588L, 
1577452066L, -696214403L, -1038301833L, 1974823582L, -473241256L, 
-111832901L, 1363758681L, -977461784L, 436152342L, 2136101777L, 
281959491L, -1305717934L, -1547765788L, -1171143129L, 1122270845L, 
286949236L, -1235332262L, -2033810011L, -505044545L, 1326500422L, 
2020935888L, -1826061L, -866700271L, 595305024L, 60995102L, -12361495L, 
1832739355L, -607862230L, -826653364L, -2003728625L, 646064709L, 
-2003067908L, 1591960146L, 1752907725L, 1260763527L, 1165110382L, 
-795388856L, -1115984309L, -1705229399L, 1065929464L, 2112020006L, 
-1830824127L, 945003731L, -1540030334L, 249478836L, -463422921L, 
-1502740179L, 336777796L, 283083832L, -713287654L, 1929321168L, 
187913276L, 1715225748L, -878871422L, -446249024L, 1287264572L, 
1617646224L, -136000478L, -211426296L, 273926284L, 101506076L, 
-830867822L, -762731392L, -1372999660L, 2018805032L, -1994912198L, 
449381584L, -21293972L, 1535234740L, 983201810L, 1727113184L, 
882495436L, 1932930528L, 323550754L, -1873475288L, 88305932L, 
-1732966852L, 1059016946L, -515790096L, 236958532L, 725834328L, 
842179130L, 1220183792L, -1579725636L, -930763244L, 283705538L, 
-283549600L, -164868740L, 619953360L, 1971776546L, -1083229528L, 
-1384235124L, -1677608516L, 482198578L, -363714752L, -1192625996L, 
-692071608L, -768546118L, -443642096L, 960059628L, 671675476L, 
-198846702L, -786091104L, -1067147316L, -1954632864L, 123109570L, 
55805480L, 1442452908L, -689311940L, -2052554894L, 1864553264L, 
-1915305436L, -920702920L, -700838694L, -1424162416L, 2005923580L, 
-12775532L, -651836606L, -1314555392L, -710876612L, -545188272L, 
-251088222L, -1303856312L, 1970797068L, 2120936668L, -1393708462L, 
1375447168L, -1453425836L, 1296437736L, -1409668358L, -630253744L, 
-2070232020L, -603646604L, 413892242L, -1993704864L, 514478732L, 
158788448L, -1615105310L, 1890597032L, -780209972L, 234676732L, 
400850866L, 1240675824L, 1188785604L, 908875608L, 928676730L, 
2090712496L, -1197030980L, -756039596L, -14060606L, -1111112928L, 
1735784380L, 270873168L, -1672385054L, 1698099560L, 310340940L, 
482590972L, 1661420274L, 1075072768L, 251002484L, 344702984L, 
1914409402L, 654766032L, 1126894060L, -718698604L, 409547474L, 
187571808L, -1384037044L, -367729376L, 2044054146L, -1903470104L, 
-430768148L, -337631684L, -986970510L, 1095707504L, 1533724964L, 
-120987080L, 980998554L, -1200752176L, -1531796036L, -1479788396L, 
1955091586L, 1139066304L, -724710596L, 1263299728L, -1995728094L, 
-1736935928L, -1135311604L, -1801357924L, -757985774L, -813573248L, 
-2046381292L, 1171108136L, -1533950918L, 1022430160L, 370686572L, 
548368948L, 717748882L, -106543776L, -593659572L, 1881311200L, 
1417115042L, -946489944L, -1570597236L, -2116354628L, 31821426L, 
-1062890512L, 1197911620L, -1644023720L, -426657734L, 1913217136L, 
1976186940L, -956882668L, -1590238526L, -395057440L, -454141828L, 
1364981456L, 1860008354L, 891078696L, -450442484L, -1648424516L, 
-736079054L, 1888312000L, 510340148L, 124325576L, 906908858L, 
2076956304L, 1841913580L, 1847192148L, -1915645294L, -2139694816L, 
-757743156L, 1942627040L, 1289449666L, 89173032L, 124835756L, 
-1352869188L, 338586610L, 1765111344L, -1043071068L, 1103343032L, 
429926234L, -277114736L, -30631044L, 1072955668L, -1773029054L, 
-815685376L, 169881020L, 1617813840L, -1336641246L, -55543224L, 
2080886796L, 637040220L, 1367820754L, 1138439680L, -1650297516L, 
629050600L, 1003053306L, 1128703696L, 633924396L, -802819852L, 
1569462674L, -9314976L, -1262777332L, 861633760L, -1537031582L, 
-1594866520L, 1685863500L, 871618428L, 2070690098L, 1182331504L, 
841052996L, 1498747864L, -1643437190L, -1559525328L, 1731241198L, 
59408795L, 755005437L, -1753656598L, 1771013512L, 642368305L, 
-183788637L, -1005212764L, 1078634066L, 1200399783L, -1785216527L, 
-1466665674L, 636337620L, 1481323365L, -865928337L, 560526760L, 
1749519110L, 892866099L, 1504576661L, 326114546L, 1926663488L, 
-916852055L, 2011757339L, -174961428L, 1795305722L, -1374695121L, 
-1360648903L, -1501305010L, -93360740L, -1914130675L, -1596577417L, 
-325177984L, 957320158L, -191396693L, 1280008109L, 1875784730L, 
-1604281640L, -773582015L, -2043321357L, 388279828L, 1422485410L, 
-1690904393L, -1096088959L, 760382086L, -1737895228L, -2059512843L, 
-1915671969L, 2035965112L, -200394346L, 930874275L, -1331693723L, 
-626946430L, 1233275888L, 173518233L, -1295260789L, 798346876L, 
-595262294L, -232966433L, 1553288297L, -666573186L, -1937699220L, 
1176351421L, 1761980295L, 1064655728L, -1683428850L, 1656145723L, 
-2088084451L, -536587062L, -420966424L, 131554513L, -156354365L, 
1971523524L, -2028139406L, 1417061703L, -1426794223L, -296940394L, 
678666740L, 2108740485L, 1218837199L, 1565665224L, 1953631846L, 
555212947L, -891674635L, 111098322L, -4726240L, -1517249527L, 
-1549754053L, -32332660L, 634876186L, 1242113935L, 632731865L, 
593352558L, 1844170492L, -2145424275L, 1922185239L, -1753218592L, 
2087742910L, -1679027317L, 1852195853L, 412935226L, -1499503496L, 
2090102817L, -317531437L, -50767372L, 131367554L, 1712234263L, 
407918049L, -1922929882L, 748930596L, -568753963L, 2094882943L, 
-1006750440L, 2068737078L, -1671744829L, 643522309L, -789196126L, 
-376078192L, -191803335L, 1972855019L, 1342935516L, -1782237174L, 
-2136062209L, -596306103L, 287206622L, -844008820L, 2033808989L, 
2111773799L, -1958923888L, -1733553746L, -236403621L, -364489667L, 
252074666L, -412178616L, -1984640143L, 1354714339L, 581166052L, 
162263826L, 638942951L, -1623816015L, 2125884150L, -1274417900L, 
1150530085L, -1886486737L, 1671217384L, 2103386566L, 842092659L, 
