.Random.seed <-
c(401L, 1586463253L, 1026548121L)
