.Random.seed <-
c(403L, 439L, -650273658L, 246343777L, -1361939894L, -1596866493L, 
1793592909L, 770066297L, -505220647L, -1853666252L, -923400071L, 
1655225582L, -1700639393L, 1277347590L, -810921786L, -1726708486L, 
1782359540L, -413572152L, 1396747728L, -1249643538L, 302912003L, 
-1559340059L, -1628491399L, 1049196873L, -104712062L, 1260886882L, 
-1839115716L, -974356431L, 405639508L, -1940490686L, 82781754L, 
1883477913L, 137026376L, -1194884837L, 1140292777L, 2137262205L, 
-1605969701L, -1529114470L, 105286320L, 1560399537L, -291528766L, 
1244691575L, 1684314430L, 417833858L, 2005513410L, -277918050L, 
1384786702L, 1026913519L, 1566992347L, 153084771L, 1100496796L, 
-400970709L, -2117813700L, 943964768L, -11852668L, 1385256376L, 
2042115122L, -1839701505L, -1679814638L, -1159111392L, 425014649L, 
-2121575699L, -609645648L, 248831996L, -1447803724L, -1288707334L, 
1825110153L, -406061940L, -1413085553L, -1060318891L, 1584241769L, 
631923443L, -868567882L, 1470213823L, -742251353L, -2135820984L, 
1439346985L, 546695166L, -846331698L, 81822082L, 342549884L, 
-15523982L, -1906830280L, -1043172550L, 1623535862L, 1863373557L, 
-183747780L, 1401344356L, 1532072516L, 1318151509L, 125712821L, 
-331656161L, 1428471836L, 1077729749L, -1264163959L, -1245831565L, 
-1710456760L, 835805932L, -1984947288L, 1167065025L, 1157779015L, 
1869585506L, 1951428706L, 1697422014L, -2004349244L, -245973943L, 
277074582L, -654139144L, 156096118L, -818078005L, -1599442378L, 
1495472372L, -1970652415L, -1642947249L, -1016318669L, 1237313144L, 
-1682236716L, -1566751759L, -372920354L, -951568984L, -1657498356L, 
418292368L, 514270863L, -824614418L, -1891314441L, 1831749617L, 
1593486446L, -101821510L, -2143093303L, -1669342855L, -1169071101L, 
1128345896L, 498331032L, 603765209L, -2004184888L, -365298471L, 
1087299690L, -1685188030L, -285571697L, -1888325093L, 1222117502L, 
-165268668L, 558383141L, -130827711L, -1857047291L, 1642454568L, 
1440613469L, 975535883L, -1594187966L, -1164585390L, 2028890058L, 
326563944L, 695110244L, 182039896L, -1286736872L, -124055681L, 
1791681485L, 2080561783L, 1304904087L, -1134193455L, 1204828178L, 
-97482835L, -1088151316L, 1099733467L, -460251849L, 1496755245L, 
-350159009L, -545958807L, -1712380371L, 1991050729L, 808577302L, 
-2046833319L, -1659404395L, -383764870L, 2068250484L, -651158483L, 
-924576595L, -1049895498L, -1359009158L, 1920987628L, -1468298498L, 
1050017486L, -1979644920L, 1796011978L, 1413640162L, -536495383L, 
-365102222L, 1455830010L, 1240692701L, -1473950796L, 1221796502L, 
-1826896302L, 1229747978L, -1922544171L, 418122071L, -900821919L, 
438682287L, -1969056383L, -324450789L, 219076239L, -387098491L, 
1465171645L, 1856744712L, -1382891850L, 1589984772L, -463143501L, 
2086786828L, -1863756446L, -1509150623L, -914803803L, 1476534223L, 
-574439027L, -1673199216L, -169068360L, 1511733832L, 802509263L, 
53446037L, 382622789L, -838836443L, -176848828L, 313340586L, 
-1113483842L, -1642623985L, 1452997275L, 2017616814L, 1783888438L, 
1391200689L, 388893212L, 803334956L, -1087315997L, -214317317L, 
-454454087L, -1755999184L, 1481918240L, 1344090174L, 960169059L, 
1831638301L, 480754136L, -1070089435L, 421066811L, -877338548L, 
-1850064212L, 1600743017L, 358329247L, -790834631L, 1245141197L, 
1925028329L, -382175835L, 1733172388L, 649582362L, 623015563L, 
-329020032L, -1271505562L, 30771808L, 1105679843L, 1770024012L, 
52667722L, -2023748353L, 153966419L, 1520428757L, 177651240L, 
1619449357L, 1207515381L, 1847949133L, 843778749L, -789519583L, 
1201888672L, -791701160L, 2125657289L, -987189832L, 2121060418L, 
1298286695L, -1259595957L, 1254994352L, -1137402969L, 1522805486L, 
-1264569419L, -282779948L, 862065878L, 1971293496L, -179398139L, 
-163390175L, 1542723079L, 1557256087L, -450644432L, -1673393350L, 
1631495476L, 963092581L, -152443218L, -1956044126L, 226345549L, 
-184247692L, 744791211L, 1292597764L, -1730778598L, -1998314863L, 
850357329L, 764560241L, -175083264L, 1318645257L, 1294130416L, 
-1045131356L, 1605580930L, -790666052L, 1313355088L, -194074549L, 
-1393223075L, 187915225L, -381324778L, -1149893426L, 813948391L, 
954972133L, -1108527051L, -1200545547L, -2020412238L, -1445197058L, 
-1511080960L, -382515436L, 1729708211L, 194410210L, -1399950505L, 
1711456455L, 1984413321L, -986909758L, 517779169L, -910958589L, 
1213112902L, -1958568311L, 1845036361L, 822116078L, -1252065949L, 
178732611L, 1032237812L, -1308389269L, -1917422950L, -905392213L, 
1195336711L, -15753360L, -443751771L, 1465479078L, -1021822071L, 
594781550L, 858176969L, -30170296L, 1915582912L, -792657755L, 
-1891130873L, 543746784L, -142215191L, 2040073543L, -1836376253L, 
-1871020736L, 370238961L, -2094070389L, 859665925L, -1778376470L, 
-886106635L, 148007064L, 1978371699L, 1959710846L, 590017060L, 
-1978324510L, -493097252L, 1260402776L, -1195847685L, -794411106L, 
21517590L, 781995106L, 1333844836L, 1464215138L, 520379875L, 
1115882705L, -717262477L, 1019008097L, -1144437953L, -117720433L, 
13084805L, 1344101579L, -2069945910L, -833885241L, -1781910653L, 
-586762895L, -1596388024L, 1152071243L, 894211522L, -643437098L, 
-589505355L, -858194981L, -282334204L, 1380570479L, -2048777582L, 
-2094556974L, -1985641725L, 378763050L, 1862124968L, 848835369L, 
124296893L, 995724529L, 1676916459L, 186391516L, -1249198359L, 
-746023693L, -680195182L, 684184337L, -646997768L, -1431845047L, 
986337301L, -452663887L, -1099548391L, 197656722L, 1386425660L, 
-457249553L, 1243424914L, -1091471411L, 1641916316L, -319987233L, 
1904052974L, -1363022303L, 878484840L, -994668279L, 2021318482L, 
409145881L, 135579730L, -2074594143L, 1493764482L, -624308856L, 
-1572387371L, -987182566L, 949004634L, -968366448L, -530034068L, 
-1074404981L, -1994633322L, 1392936327L, -1155440633L, 1498485579L, 
-852112670L, 1084736447L, -1201393512L, -1316363777L, -1942312717L, 
305976824L, 1360281977L, -1145873770L, -92179518L, 1261795574L, 
1257137407L, 923710697L, -242819759L, -1929035506L, -1151790189L, 
-2037778184L, -260066734L, 291009859L, -1236593531L, 717844903L, 
1792850210L, 1551036698L, -1146232089L, 212319758L, -1701762250L, 
1062069890L, -1303671794L, -1910005207L, 365911487L, 431357075L, 
-1261542397L, 1508013035L, -308752327L, -959710349L, -710923792L, 
1038073778L, -1991291168L, 1512950225L, -1890759184L, 463674351L, 
244100104L, 1538309435L, -315514281L, -296744651L, -1029108116L, 
-1813476788L, 813481060L, 1749728182L, 1924446902L, 1467827006L, 
-453217601L, 1530102274L, -1697208050L, 263106444L, 1834045020L, 
-1217592773L, 735741445L, 1721564805L, -513322201L, -331250520L, 
-198245231L, 1677864104L, 1636214632L, 922033737L, -1789284808L, 
-1128866783L, -1766039222L, -877296270L, -1227940578L, -1051063725L, 
1143661091L, -478560312L, 1957441674L, 1046511633L, -1785521991L, 
-138171062L, 1719493429L, 553203296L, -971914426L, -641773643L, 
1577198953L, -1676200889L, 1733534129L, -1453338072L, 845775923L, 
306178145L, -981601773L, 294155566L, -693771045L, -800540984L, 
-191539005L, 378798805L, -1784048987L, 342095243L, -1472865053L, 
760962714L, -1006634307L, -485933905L, 440598696L, 442109714L, 
-1038484179L, -776960780L, 1136125996L, -1057530963L, 896764505L, 
203869844L, 244327259L, -1459669342L, 401148124L, 1678977162L, 
-332650849L, 1655899163L, -1774828332L, 1683906256L, -494061987L, 
-192330737L, 1056598486L, -128802588L, -1457000422L, -832500658L, 
1788160255L, 1181411129L, 260485333L, 1505758980L, -1846294325L, 
2013952287L, 1369080004L, -1431790784L, -795580395L, 1705358974L, 
-1739985812L, 776879590L, 112631065L, -1927132281L, -478125720L, 
-2132180442L, -336627237L, -2039006709L, 257775901L, -1412823225L, 
2130334634L, 1676709974L, -1010457496L, 1527797517L, 525541680L, 
1360842997L, 141923962L, -510888480L, -1711895769L, -934798169L, 
1492874412L, -25797829L, -1001169105L, 849469018L, -1952349466L, 
-570720326L, -1406579627L, 292750001L, -907530610L, -1300517520L, 
1542978507L, 1474885480L, 477947980L, -643626648L, 1422467231L, 
