.Random.seed <-
c(403L, 18L, -2124957944L, 1654269195L, -1877109783L, -961256264L, 
1403523942L, 124639233L, 261424787L, 1836448066L, 1034917620L, 
-13630729L, 468718317L, 1694379396L, 1559298986L, 1935866133L, 
-1450855505L, 2105396150L, 1802260960L, 1077391651L, 539731521L, 
122505520L, 230898510L, -1940184647L, 1223031755L, -1597886342L, 
-1854140036L, -1783225921L, 1484611221L, 1365746860L, -346485118L, 
1206044253L, 1201793367L, 956757054L, 350214264L, -1324711077L, 
-1071776071L, -1831283960L, 1862871478L, 1826141937L, 268853539L, 
607122290L, 1403468228L, -1913257593L, -346768547L, -463801004L, 
1625143162L, 1387501253L, -280700897L, 422985638L, 732086576L, 
-725197869L, 1128169969L, -1024391392L, -1032957506L, -353082935L, 
-1139485317L, 445858634L, 1224049580L, -796824913L, 247650405L, 
542595100L, -404965774L, -423589651L, -1999189721L, 1430762830L, 
-1439787608L, -1821953621L, 1808288457L, -1668269352L, -1099348090L, 
24992353L, -140278797L, 1709299298L, 269218004L, 1210153431L, 
-238785587L, -383705244L, -472446134L, -15672651L, -538858993L, 
1771793174L, -40319552L, -1632234109L, -1613456479L, -109108336L, 
2056208494L, -22837735L, -195336533L, 835590810L, 86083164L, 
517854047L, -397095627L, -1681163060L, 985204258L, 613283965L, 
1720828279L, 929066654L, -293216936L, 348261563L, 1602155097L, 
1188944360L, -526197738L, -1056856175L, -999184317L, -1361965230L, 
-1531694108L, 1775225383L, 1578975869L, -305972364L, 499275610L, 
-297283163L, -1400910401L, -628019642L, -995328816L, -416901389L, 
-131985391L, 838014528L, 160971294L, 516863209L, -1388986853L, 
-1140425174L, -14278324L, 1980074767L, 1968938565L, -674453508L, 
1981972050L, -1121442867L, -907997817L, 494782574L, 1629589576L, 
57352779L, -1057292375L, 2043531000L, -1557378522L, -2033982655L, 
-1166473005L, -1243272062L, 1507691188L, 519478839L, -214579923L, 
-15421884L, -257117334L, 917217237L, 1604258159L, -1793932170L, 
1404112800L, 895408227L, -1228178175L, -1129918352L, 1726708750L, 
-1514890119L, -1503646709L, -1385642694L, 530830396L, -1346935937L, 
1552658645L, -31128340L, -1631936958L, 1895821725L, 665429015L, 
1197209982L, 25108280L, 1382701083L, -1944495751L, 1482522568L, 
1344742390L, 2075751985L, 887378019L, 2132045874L, 507710852L, 
-1239616569L, -1239992675L, 1300848148L, -2078006086L, 1822724357L, 
1779634911L, -346210458L, 68638448L, -651383277L, 408315825L, 
-2048675232L, 1331662846L, -1134018679L, -1715119941L, -1026157430L, 
-262084756L, -1837320977L, -648290523L, -685012516L, -699648078L, 
-1959870803L, -939002265L, 1368704398L, 1604498024L, -270455189L, 
878774281L, -1496090984L, 1651241414L, -719838943L, -170397261L, 
1455721762L, 967288596L, 1974706071L, -1131741299L, 1944879780L, 
693669002L, 967713525L, 849937743L, 1265996374L, 507097344L, 
-355466173L, 2106394593L, 467134288L, 1892604334L, 231167833L, 
250371435L, 1139934426L, -641921636L, -858574433L, -474934283L, 
-2013707636L, -1380890782L, 119355197L, 993660855L, -2002084770L, 
-1013984872L, -379702021L, 925663385L, -1449418100L, -442860704L, 
-1075363102L, 641540264L, 1223098572L, -1416033796L, 1656623026L, 
-797919760L, 1826465220L, 503635800L, 479382394L, -180521552L, 
335149500L, -762107820L, -1027404862L, -1827060960L, 1940004796L, 
-55285168L, 820174306L, -1241009816L, 780750156L, 1441990908L, 
182952690L, 711513856L, -1637546380L, 2029275144L, 1579137466L, 
-1032808496L, -740935188L, -653815916L, 804057810L, -1415082400L, 
1411310924L, 1021216L, -350965118L, 1885104616L, 987875308L, 
-131369412L, 1998212722L, -1838333072L, 848054564L, 1637511736L, 
-1985453670L, 185338320L, 1063452092L, -1501837164L, -244441982L, 
-655956544L, 1724949308L, 2018636944L, 664617762L, 824380936L, 
-454972148L, 1579726236L, -1666261486L, -245134464L, 802374420L, 
1526755624L, 260631610L, -1205064752L, -361627028L, 937556532L, 
-494404974L, -99312288L, -1390302900L, 1614862304L, 774509986L, 
1360092584L, -193173876L, -1314447940L, -1663111566L, -1553441808L, 
1474524740L, -1146038184L, -2113923014L, 1375914096L, -1694107588L, 
1286052116L, -244301118L, -1394274592L, -1799518084L, 1647537872L, 
-826656350L, 363032616L, 887266060L, 1523945916L, -1606634702L, 
-1705936192L, 1284490292L, -611903800L, -82717510L, 1223915152L, 
1740148460L, -1417786796L, 261071506L, -232439520L, -735589940L, 
-1901903136L, 53278914L, -1123929048L, -739412052L, 1446503100L, 
-1800705038L, 1762987568L, -1902032988L, -1903022664L, 152627034L, 
717533328L, 246260604L, 1132269844L, -1594365630L, 343599360L, 
-1585484356L, 763185488L, -1647048414L, -696819128L, 134752268L, 
-1533188516L, -1147008558L, 1720888832L, -1992442540L, -1205072664L, 
1506019578L, 603356880L, 1553058604L, 599599348L, -568221294L, 
-26303136L, 1900303372L, -891679520L, -1327582622L, -770317144L, 
-2141666228L, 1110458236L, -1984349902L, 163365488L, 1002681156L, 
-1830044712L, -482759814L, 1341773872L, -1905328196L, -2080945580L, 
830894146L, 1654662816L, 550937276L, -155556912L, -506636958L, 
1307590376L, 1514790092L, 1301985788L, -2135581198L, 1363303552L, 
2121865716L, 1892557448L, 1059986234L, 1182360912L, -1907645332L, 
-1564824172L, 1223534674L, -1003414048L, 1916359884L, -428286304L, 
-449023614L, -1081851672L, 1379461868L, -76178116L, 39708786L, 
-1623293328L, 506321444L, 2118223928L, -1103890150L, -418716464L, 
-1680746180L, -1496452204L, 625145730L, 1623387072L, 1943565884L, 
1450672528L, 1732028450L, 1481551112L, 487458956L, 872206108L, 
-748118894L, 2140900736L, -935907308L, 548710184L, -1376221638L, 
1162922448L, -1448468116L, 593599412L, -1498189294L, -1658751008L, 
462232012L, 124672224L, 557945890L, 1357773608L, 781625868L, 
1816482620L, -142301198L, -510500112L, 1926556228L, -13969832L, 
-233818310L, -1136707600L, 460294844L, -416275180L, 1083468994L, 
-781480864L, 1355603324L, 1851695056L, 578619682L, -798888280L, 
1535516556L, -172522308L, 1128772402L, -958671296L, -1018973004L, 
1397935176L, -1571451462L, 1620720144L, -804320020L, -120377004L, 
539237138L, 1130743200L, -645778740L, 1151912544L, 1355687874L, 
1791602828L, -1306313446L, 142889871L, 589573337L, -1228012690L, 
-1810984196L, -1041194899L, -926225385L, -1469796896L, 1488304574L, 
-1061851253L, -338333683L, -2027587526L, -665470856L, 1572082721L, 
-864508205L, -357575180L, -92260734L, -727936233L, -1218739743L, 
-1034735834L, 1959295524L, -2018968363L, 970828927L, 2088100120L, 
1582403638L, -1341110589L, -1107547387L, 214011554L, -657752944L, 
-1164080071L, -795818773L, -913533476L, 200285194L, 752745215L, 
63615817L, -1335801634L, -1217612148L, -805518755L, -1818050457L, 
-1804608112L, 621505966L, 918960219L, 676442173L, -402544982L, 
-1789574328L, 224036721L, -764759837L, -670177308L, 261209874L, 
-893263129L, 1281983665L, 362571510L, 1179824404L, 1440671269L, 
-385713361L, -963744536L, 2009648582L, -1648018317L, -719300907L, 
1092938930L, 163127424L, 830016617L, -184674085L, 343641132L, 
154989626L, -583638289L, 424254841L, 484102670L, -1823956004L, 
550505549L, -397533257L, -309821120L, -1833768930L, 947035883L, 
1101549165L, 1819580122L, 1254016664L, 600796417L, -119647565L, 
507059668L, 1219230946L, 981013879L, 178359489L, -1798344634L, 
519307140L, 1302534453L, -26966241L, -277288328L, -1009389738L, 
145067491L, 844768165L, -1768828350L, -1545351120L, -672619431L, 
-1158866485L, 15817276L, -881306518L, -50051425L, -1092056279L, 
1196083134L, 248280748L, 296336381L, 891261767L, 207606832L, 
-1985825458L, -2102088325L, 1662966493L, -1304487158L, 873339432L, 
806441617L, 1094718083L, 1123275652L, 840202674L, 725952263L, 
-597236399L, -1409356586L, -114177612L, 1521819077L, 401542415L, 
1975999368L, -10714458L, -1167764909L, 1721318325L, -2086876910L, 
742005472L, 969609033L, -890084997L, -1277850548L, -971870758L, 
1665781711L, -20106855L, 1492599214L, 1206353596L, 231206701L, 
1215581399L, -910904032L, -626793858L, 303180875L, 704691789L, 
