.Random.seed <-
c(403L, 580L, 1451409359L, 434073787L, 2126889656L, -1224470251L, 
1819465242L, -1206068285L, -427387489L, 2092935385L, -1285988892L, 
2085024158L, 2096843263L, -150896142L, 604989394L, -646052700L, 
1045423454L, -600299986L, -458270182L, -1763854465L, 1369270710L, 
2049995510L, 62120531L, -1804126933L, 1724377109L, 869303746L, 
718500616L, 607128014L, -1151206096L, 718083901L, -4537761L, 
1094688249L, -1580063581L, 1250806035L, -1927511014L, -1132884826L, 
32318688L, -1232817937L, -251955868L, 316908693L, 761958597L, 
-2144268794L, -735298668L, 2053425028L, 1414054425L, -13569482L, 
-1517559730L, -97091611L, 336695994L, -1344375695L, 1232501046L, 
565574636L, -2040732173L, 1972739003L, -104145842L, 767247424L, 
382239736L, -735478990L, -1972432950L, 1797173471L, -1089988154L, 
40856395L, -863294929L, 1057032509L, -1934719015L, -986800226L, 
1552924976L, 216775275L, 1706963071L, 164558896L, -1952080685L, 
-243689130L, 1502646313L, 1617427629L, 1618412167L, 340593155L, 
-472254499L, -559394269L, -784487307L, 855972532L, 1347423236L, 
1640173354L, 2120909238L, -423503763L, -1954449310L, 986519239L, 
1689671767L, -1926061236L, -1113043382L, 978515275L, 773521470L, 
-1827697248L, -1351265018L, -1857629797L, 1214410696L, -947435548L, 
762341757L, -1272809978L, -1865025209L, -2020224315L, 84447990L, 
-191245137L, -1421685239L, 569226890L, 997026138L, -411684465L, 
-1714534305L, -1940601794L, -642661525L, 1114510811L, -1416674326L, 
-659196145L, 786227857L, 1995253069L, 1926553115L, -460881837L, 
-1933449539L, -1237432069L, 1580399365L, -1096645580L, 455282052L, 
-376245813L, 1902196229L, 1855644377L, -1497464045L, 1307568160L, 
-2015808867L, 1573936351L, -173470420L, 1282327425L, 2135511024L, 
1329819954L, -1923660184L, -131725016L, -1495250428L, 1720291851L, 
-473008227L, -1572141464L, -649406554L, -2015311100L, -128382596L, 
1263663182L, -1462628153L, -1064676399L, -407206820L, 1997637229L, 
1030435404L, 2140430920L, -1898472398L, -1146904924L, 1472870715L, 
1234749030L, 37264056L, 1281249065L, -924844471L, -1135855751L, 
-421065369L, -798812673L, 872023591L, 1498369526L, -1989371371L, 
1131968485L, -1774323319L, -635403261L, 903081436L, -758579189L, 
-932264366L, 58936120L, -617271785L, -1513004923L, 629239902L, 
1808278449L, 448915359L, -343360271L, 792309311L, -1084408407L, 
-1349386505L, 1304038580L, -619320068L, -1018671309L, -2126769250L, 
2146311423L, 841604483L, -1363917228L, -2087150926L, 1134565111L, 
-2068924655L, 108061703L, -1818824278L, 1151762383L, 2080461894L, 
755578205L, 787469226L, 835731570L, 1385015457L, 183591584L, 
-596833382L, -1027702823L, -901290090L, 1252652867L, -252752735L, 
-50482633L, 410165445L, -401806151L, -1626006171L, 45739567L, 
-1810264821L, -369899805L, 1078352326L, -684174549L, 1559937557L, 
63652385L, 612468010L, -1944166443L, -376425008L, -709217365L, 
1561673538L, -295151584L, -484439890L, -237601233L, -763461877L, 
892682622L, 959651696L, -1429317926L, -363972148L, -737029118L, 
1574877606L, 1792595743L, -221786595L, 1312920667L, -1972853732L, 
-1645803333L, 441863501L, -412625836L, -865005588L, 2116285066L, 
1328489816L, 1813724438L, -1895942755L, 1562269375L, 444608760L, 
1823738988L, 2127077739L, 1928550011L, 165943968L, -831334214L, 
-2091379700L, -1130625055L, -81095881L, 498974891L, -1738997374L, 
-830737243L, -2144199790L, -285865654L, -1946764860L, 1089760597L, 
-260610343L, -49829962L, -161929651L, -2023051001L, -186163914L, 
-312702131L, 2077105154L, -656339204L, -1779618795L, 2063690562L, 
-578817009L, -1926414204L, 1110911300L, 351659758L, 755883857L, 
563233272L, -2091142417L, 501113709L, -1456985432L, 854479542L, 
882523257L, -1084726048L, 607526039L, 464332922L, 1532848856L, 
697389653L, -1848459490L, 1750590703L, 657402384L, 507809948L, 
469548098L, 1369827719L, -2104839048L, -667033606L, -1556738062L, 
1654970457L, 197379924L, -237635719L, -628913551L, -877456265L, 
-1753534797L, -1079619842L, -382790409L, -10472215L, 1815593075L, 
-976649301L, 1122619271L, 1662199023L, 1401772082L, -1542292073L, 
857580791L, -150247706L, -2142700463L, 186185541L, 534698086L, 
-845610232L, 1530965006L, -1634398678L, 990531533L, 1720737735L, 
649325995L, -109664854L, 551432811L, -128442966L, 256282866L, 
-1942111650L, -578017637L, -1856230731L, 98002874L, 1479216704L, 
583557194L, -2072838610L, 523482434L, -332143785L, -706088216L, 
143240052L, 1980756917L, -1637366170L, 1810953751L, 352686792L, 
1262930511L, 895308233L, 1818965197L, -1014865621L, -289314064L, 
422179744L, -25628344L, -2092715772L, -2121187349L, -2101087024L, 
-1876528302L, -1884837279L, -177936696L, 442437205L, 2042762536L, 
79459645L, -827052277L, 1217705312L, -1214912674L, 1852715497L, 
440404782L, -780438656L, -1951621429L, 908092251L, 1164867787L, 
220247784L, 1561601248L, -1293168446L, -271371136L, -563231800L, 
1626418712L, -677887873L, 1986008411L, 2044838905L, 67580734L, 
-268374070L, -1276542942L, 743927394L, 171185592L, -518736147L, 
908545401L, -704984246L, 236325240L, 1997712838L, 1441009059L, 
-1081132489L, 340124413L, 2008207685L, 299959296L, 178158255L, 
-1146727053L, -1467766817L, -1603347423L, -129194101L, -1770563191L, 
-1632198312L, 627676367L, 1174316376L, 1531280998L, 1287276221L, 
-2126655896L, 2040252914L, 770842834L, 1211507634L, -232158410L, 
167245304L, -876166154L, -721178909L, -15303296L, -707148847L, 
1975781086L, -1573375431L, -204562488L, 825450761L, 1023897575L, 
480618987L, -340544347L, 881848164L, -582822136L, 929236209L, 
-540728921L, 1490038654L, 1945774902L, 998914610L, -390717995L, 
830211829L, 1131849547L, 1784622065L, -428193416L, 1137847773L, 
-1135290376L, 309788318L, -532657221L, -414329772L, -1080764070L, 
-2001102023L, 1262022957L, -156404244L, -199439707L, -620843209L, 
1072735241L, -1775420368L, 1865238006L, -95279381L, 754185343L, 
-2009872675L, -1093984323L, 1327534553L, -367212368L, -1142532611L, 
-464150967L, -126190034L, 2055545658L, -839926267L, -1385931391L, 
693234721L, -833701232L, 1762696069L, -495291176L, 1264975799L, 
-1797115705L, 632257787L, -248076831L, -964941741L, -314093828L, 
-1437715964L, -716322446L, -54784429L, -865388451L, -84388270L, 
154770238L, 805532900L, 1825231851L, -602533295L, 1186924699L, 
695742376L, 4043653L, -322960819L, -1584231552L, 1476225648L, 
-909606919L, 826681809L, 1761713051L, -1965188777L, -559982917L, 
-676073221L, -1442632738L, 2015235428L, 574159319L, -743017377L, 
27355318L, 1169116242L, 1059898250L, -764646808L, 1984057004L, 
1115136819L, -10514364L, -24684000L, -377727988L, 138026983L, 
212969769L, -1006953318L, -140815611L, 301056598L, 1299060688L, 
-1811383911L, 1922874047L, 101179104L, -273874925L, 374821136L, 
-500010175L, -1505163438L, -579640624L, 1892377826L, -1678427248L, 
1456161829L, 1085742632L, -765932262L, 1227574926L, 1759682644L, 
1694588136L, -605644923L, -1276414123L, 436801825L, 230074165L, 
-272844156L, -1561657908L, 1207343108L, -1457621850L, 1870469088L, 
-730379441L, 1915454893L, -915675629L, -1795695548L, -1496944635L, 
621939741L, 1047137976L, 1755571827L, -701740529L, -1959402058L, 
295529810L, -59743145L, 90732475L, -27462188L, -1394309650L, 
-1116418159L, 2110994297L, 283638451L, 1327888506L, -517250733L, 
940752453L, 1597899552L, -741739789L, -943150815L, 1395102561L, 
820851869L, 53092034L, 444490195L, 1448175297L, 1929572312L, 
1467533229L, -986717384L, -1827685934L, 516410288L, -2139819537L, 
-713084222L, 419455529L, 186910917L, 1518233302L, 1212306664L, 
694792063L, -1181413325L, 1865170310L, -418944433L, 1208704112L, 
279514590L, -478882829L, 465701466L, -364893622L, -935600398L, 
1621888042L, 614628197L, -1298561409L, 514170912L, 918130884L, 
859496240L, -1278768519L, 957887287L, 2110236581L, -1121524748L, 
-1384488138L, 2145970305L, -1909306261L, 552463126L, -1895270059L, 
-2106723121L, 2073720081L, 1363139179L, -183053889L, -1546569467L, 
1872465113L, 1146737182L, 178927578L, -1598969000L, -1056311783L, 
1538120572L, 1135057404L, 2010737867L, 1427625498L, 1124581616L, 
