.Random.seed <-
c(403L, 10L, 634947283L, 1517497986L, 2021921972L, 1193790519L, 
-1651757267L, -511644604L, 1613164906L, 88370645L, 139152239L, 
-1558203786L, 241608096L, 817623651L, -1986678015L, 329427568L, 
1624065550L, -483815815L, -2015536629L, 2038403898L, -1927042500L, 
488155519L, -937516331L, 416625388L, -1803787198L, -1335207011L, 
108048919L, -746043522L, -1446386376L, 1816719899L, -1272087687L, 
-1675223608L, -497868298L, -1484114895L, -324614557L, 684128818L, 
-1551620220L, 633787847L, -1029522275L, -1591804908L, -1496606022L, 
-923354363L, 1016848607L, 1313732966L, -862737168L, -1451960301L, 
-1056535119L, -825882528L, 405079550L, -955190903L, -649369925L, 
-1165417846L, -179290772L, -2125460753L, 2146678053L, -1513700388L, 
384627122L, 1723674797L, 1362821223L, -1882495090L, -1592815512L, 
2033204331L, 1159849481L, 1961822360L, -1984597050L, -1444378847L, 
762782643L, -415118558L, 1530330388L, -1040487017L, 1173738893L, 
-726698844L, 579393162L, -103035659L, 1949520719L, -834237354L, 
1467944704L, 514034243L, 573485537L, 87397712L, -797455442L, 
-840226471L, 904877931L, 324560602L, -1061820516L, -1045103713L, 
-2113740299L, -2063035252L, -462520990L, -1552928451L, -632268361L, 
1064705630L, -389564520L, -918407429L, -976372071L, -1338087640L, 
-309682730L, 1845477969L, -428746493L, -1311206254L, 543320612L, 
-1263258393L, -722982595L, -1255572044L, 481526298L, -180401819L, 
-1916471297L, 990293638L, -1176570352L, 1976954035L, -681580719L, 
344640256L, 1130787294L, -1673029079L, 1828805083L, 1113949930L, 
716629132L, 788933583L, -340499579L, -832966596L, -1241825006L, 
-1957558771L, 165385543L, -1253392594L, -192343416L, -738004085L, 
668083049L, 687709496L, 1807036390L, -2141722751L, -363413741L, 
1130825922L, -254631052L, -1487720585L, -1194239891L, -802556156L, 
1830438442L, -1213158507L, -318975953L, -152737482L, -2121856672L, 
-1824454749L, 1596772545L, -2116476752L, 1625812942L, 521904953L, 
1345973067L, 1261355258L, -2044249604L, -1913267649L, 822882069L, 
-965559252L, -100178686L, 888638941L, -1503195945L, -953313346L, 
-914636296L, -2096925221L, 1220647993L, 2067869064L, -8656586L, 
-1801555087L, -1339330141L, 871492850L, 1769779268L, -1731239161L, 
1962848989L, 1480858580L, 636050170L, 652197445L, -794499425L, 
673938470L, 2002901168L, 364847443L, -919462799L, 620945824L, 
-1546666690L, -2018665399L, -39347973L, -2041196342L, 2140759596L, 
-166217169L, -1826409755L, 164399004L, -79662606L, -990602131L, 
125136295L, 1941297102L, 715060520L, 952575787L, 829664585L, 
-1776438696L, -1551037690L, -654448927L, -1146457485L, 1469332194L, 
1150092884L, 1183944535L, -6085811L, -634829084L, -815708470L, 
-1782479051L, -94802545L, 2134395542L, -409312704L, -1791532285L, 
1365103393L, 1873105936L, -1506692114L, -1144044647L, -1706230741L, 
833767706L, 66530268L, 624528863L, 372644277L, 509245260L, -1218810462L, 
-2050654979L, 2102813175L, 871821086L, -1567264296L, 40135483L, 
-1612014375L, 796250216L, -942443114L, 373542161L, -1154957629L, 
182869714L, -607049884L, 1984638258L, -1683517840L, 1572656964L, 
-361272360L, -412833926L, 2079376432L, 1608026044L, -35071404L, 
1146320962L, 657475232L, 344576700L, -1738960944L, -1150013086L, 
-1103271192L, 1586318540L, 1589070332L, -1606749710L, -2075232128L, 
-1949008396L, -970659192L, -1342773446L, -2019450544L, -1226080148L, 
654632340L, 1126298706L, 1651192288L, -1377210164L, -18269536L, 
-1642432126L, 1493273832L, -1172008212L, 1636710716L, -334695310L, 
-282345872L, -2085992924L, -42522568L, -1781574374L, 2037420240L, 
-1838367428L, 1604091796L, 1167490946L, -686284864L, -771209668L, 
1760496016L, -900357086L, 1669953800L, 1546056844L, 1170563868L, 
-1269311342L, 1884604800L, -435561452L, 683417384L, 392250938L, 
468333008L, 1689071980L, -370853964L, 1048952338L, 2132583392L, 
-192846388L, -610237216L, 1012830242L, -673482968L, -1054919156L, 
1800344380L, 429388786L, 1821534960L, 1365322308L, 224765528L, 
757413690L, 1624773616L, 643163836L, 807085332L, 1107652802L, 
469474400L, 1358444924L, -1674717232L, 810277154L, -696979800L, 
-672662644L, 99212476L, 1511571250L, -1560657344L, -1898961740L, 
1831994440L, -301737542L, 421871120L, -14645012L, 741890388L, 
-1342892270L, -1887570528L, -155870516L, 189077088L, -1010614334L, 
1052566312L, -21910100L, -324964036L, -122527886L, 2114404656L, 
1078152996L, 1675044152L, -1330292006L, 2109622160L, 494867196L, 
153505684L, -2040969150L, -306037504L, -565990340L, -1139004080L, 
-1178871646L, -293865656L, 1157019404L, 714525404L, 1862562642L, 
-1866976640L, 1697749076L, -1146917912L, -1848936710L, 906750288L, 
-1945058516L, 1260963700L, 734749586L, 917599840L, -549507188L, 
839275360L, 241305570L, -1987674200L, 174283980L, 920784380L, 
-1735857230L, -2137437712L, -484120124L, 921641304L, -577845894L, 
1820373424L, 1069223868L, 197300308L, -1414749246L, 1255212064L, 
-951231300L, 108485200L, 1924628450L, 1147311720L, 945183308L, 
-1005264644L, 719941618L, -430514944L, -1576257676L, 1614995464L, 
1934927290L, 903544272L, -96205844L, -455164012L, -529876014L, 
477034336L, -918756020L, 545410336L, 754041730L, -316818712L, 
-1957436180L, 1463282236L, -1684649102L, -1213404560L, 658503716L, 
1596589880L, 433974426L, -1909476656L, 292421820L, -169224556L, 
-302078334L, -2021647168L, 362541372L, -1823674224L, -2006603230L, 
-2116524536L, -2041495284L, 1911902876L, -1975357934L, 952429952L, 
807738900L, 186652200L, -990206662L, -1390950448L, -842870164L, 
1903568692L, 2144526994L, -2062206624L, 1066275148L, -1085509664L, 
707305378L, 865974184L, -1135539316L, 1850222268L, -1304016014L, 
-1533855504L, 704190532L, -1240736424L, -581462982L, 1637811056L, 
-171211716L, 1699982100L, -39958078L, -1649671968L, -679299204L, 
399318736L, 1404667554L, -937507800L, -1993004788L, 1604875196L, 
-2036499150L, -791584832L, 1213239860L, -1348887608L, 595076282L, 
-492998768L, -1919986196L, 1948631124L, 733748882L, -346326240L, 
-1167454772L, -493110304L, -2062155070L, -133064152L, -1756545364L, 
-326806852L, -387976718L, -2001860304L, -1641681756L, -1872988883L, 
-1883756841L, -450498784L, -1539250050L, 1235603019L, 2102649933L, 
-1089181062L, -1510309192L, -1820657567L, 1446890003L, -919560140L, 
-740876734L, 1918663255L, -316520031L, -1886975386L, 435133028L, 
1095395733L, -11795777L, 162323032L, -2025599370L, 931779203L, 
-2075973947L, 1262293986L, 1476005456L, -1007223943L, 1988858027L, 
1975334940L, -151791798L, 1318956863L, 1332474249L, 2049536414L, 
1136617548L, 1091871261L, -589590617L, 1628709584L, -751913874L, 
1271884571L, 1720362109L, 265419370L, 1699662600L, -1642314831L, 
-1484307421L, 673901860L, 1325918674L, 981334567L, 701736049L, 
-2141898058L, 1845405268L, 729205477L, 1595311855L, 2056278568L, 
1020819078L, -1726119757L, 1936823829L, -1370826638L, -1642199872L, 
-1363928791L, 533700507L, 1379760236L, -966955910L, -185911889L, 
-200624967L, 24084174L, 702200860L, -629235827L, 1998600695L, 
-2023535360L, 2102963038L, -1279312853L, 520123181L, -1051680870L, 
509529432L, -669048639L, 396255091L, -1836538732L, -1701687006L, 
-1050136521L, -1369161471L, 589198342L, 206918212L, -1389814923L, 
-1666973985L, 1859619384L, 1053491734L, 487700003L, 1829036517L, 
1901916162L, 1389890160L, 637714457L, -1277322741L, 242036988L, 
1958096170L, 299414367L, 705020649L, 1192151550L, -248736276L, 
632563005L, 1958038791L, -1105040144L, 484110478L, 773425851L, 
1710744221L, -787450294L, 930200680L, 144692305L, -1729167549L, 
465365572L, -56448782L, 709842119L, -1179160943L, -780259306L, 
399637108L, -701580027L, -366152881L, -990077624L, -1913417498L, 
509937171L, 764074357L, 1393696082L, 1202884000L, -890405751L, 
2057653435L, 675077900L, 60864154L, -1255707633L, -1909790631L, 
-743045906L, 1768423292L, 1066658797L, -425585513L, 1149460320L, 
1830344510L, 939460619L, 1306177677L, -288118342L, 657868792L, 
