.Random.seed <-
c(403L, 617L, -1535377062L, 1048656958L, 1232636983L, 1429367169L, 
1367564279L, 2011257309L, 465368733L, 2145097362L, -1688392714L, 
1242461871L, 903938454L, -1655899701L, -644462143L, -989546917L, 
1490781404L, -1179938597L, 2096556006L, -1669069821L, -1235003168L, 
4298126L, -1373383705L, -1094933586L, -1924522578L, -2130070116L, 
1153772672L, 169286314L, 913582111L, -1823841886L, 319315797L, 
-512210604L, 669766238L, -629316167L, -879834542L, 53959630L, 
1594997830L, -753761680L, 1202322861L, 1916245638L, 142481857L, 
-216356290L, 1474078510L, -243542309L, -1620436066L, -1561408156L, 
1428759011L, -1153714240L, 304657431L, 1728000675L, 1216590580L, 
-1565440483L, -463280192L, 1830442404L, 67767486L, 1219697979L, 
-1648271L, -725890670L, 1423420271L, 1754885030L, -442461896L, 
-706649005L, 863429461L, 1488913684L, 1978534690L, 1990826630L, 
723767363L, -613454991L, 1211470562L, 415604088L, 158816494L, 
1820203055L, 1659553460L, -1989648371L, -3518529L, -868062475L, 
2074554221L, -154628299L, 1014044586L, 1869558939L, 252432264L, 
-1533529280L, -1462224799L, -1223953643L, -965573803L, -953174629L, 
181185641L, -1452347612L, 1065759463L, -1096166066L, -235805317L, 
938652660L, -19725959L, -240747877L, 1924528925L, -923146788L, 
-1285635197L, 696524468L, -260874698L, -944173736L, -1182953536L, 
1874121121L, 1265613439L, 596173114L, 1400346954L, 1157516706L, 
-1625717960L, -1931910401L, -1973619053L, 943053366L, 1679198816L, 
1919589130L, 729903167L, 1163832394L, -1691030448L, -1867175160L, 
345903030L, 1406882885L, 1507108860L, 661347892L, 960341830L, 
401245988L, -1605082257L, -1026653935L, 1585328321L, -756697125L, 
-255489915L, -1213516766L, -1289212476L, -1519836608L, 1213647764L, 
-1338389500L, -1501294827L, -1113906120L, 351400248L, -1533569407L, 
383727618L, 1020754390L, 1400347050L, -1358941374L, -1067869458L, 
188098335L, -702548354L, 710881086L, 2055264945L, 2006544056L, 
892689306L, 2079718624L, 1232993257L, -22498097L, -387462852L, 
1462127628L, -679969546L, 923534363L, -788077496L, -779985691L, 
101173785L, -697093273L, -1133406838L, 2100454052L, -353840372L, 
-410557519L, 483079703L, -924075670L, 983097212L, 1952301568L, 
144895466L, -1538657072L, -65370561L, -1293604830L, 1062241736L, 
911246047L, 1859856934L, -268652569L, 1131347255L, 1266330948L, 
731739266L, -1181477807L, -1504478365L, 1883328231L, -1120345457L, 
1946795693L, -553339244L, -1950008477L, -1445917719L, 1505133882L, 
1035460554L, -469375767L, -56709339L, 1088907663L, -1078726056L, 
1173374907L, -1054386700L, -1423492810L, -1815365534L, -442416936L, 
260927395L, -1331731870L, 731704503L, 254622690L, 283228947L, 
-494378259L, 1411576571L, 1475522660L, -1301255523L, -595867743L, 
-1269971997L, -1385581520L, -1165939753L, 1888916157L, -2115289665L, 
996914443L, -2019527756L, 1146421078L, 1965134172L, 307640608L, 
-1083947454L, 2103200985L, -280530656L, 1483706556L, 983983941L, 
-2085190021L, -1540213193L, 1334168425L, -1097665898L, 2072713262L, 
-1589878278L, 367012746L, 41199998L, -1820403973L, 1750789335L, 
-2003872465L, 113507878L, 650269950L, 1666820437L, 1398901920L, 
1506854525L, 1739995248L, 1040507176L, -113461171L, 1419883725L, 
-257466723L, 1818424700L, -1665223186L, 1645150828L, 1903379953L, 
1081010930L, 1029087128L, 1827754631L, 357244927L, 437580955L, 
1890811775L, -148443801L, -101908920L, 695947908L, -972609378L, 
-113404462L, 951287537L, -911360099L, 433894598L, -1672061675L, 
-1302142616L, -269607577L, -1204799261L, 1293020681L, -1895871595L, 
1120721091L, 406439333L, 945842377L, 1225935342L, -1598512143L, 
-2077800604L, 690975475L, -1310686809L, 855626915L, -1158928653L, 
-864096253L, 1669509358L, -1028976595L, -355650367L, 1845605833L, 
-33560273L, -1546319606L, 842454956L, -1432926241L, -1746913011L, 
195691286L, -1959580477L, 78343367L, 32946669L, -1009625455L, 
-1439068578L, -1166750770L, 1347989198L, 1071286L, -1656879859L, 
2129934488L, 1371002397L, 2094360309L, -1435951654L, 1061028614L, 
1622190978L, -1968752171L, 1787082814L, -1043708656L, 1411079524L, 
-1086667995L, 1890751828L, -1145827206L, -1209111694L, 168062526L, 
-1634081619L, 1642144213L, -1871761313L, 1997592664L, -2045569505L, 
-1043054397L, -464836496L, 926340119L, -960779794L, -1311548065L, 
271448754L, -1298105753L, 15742196L, 1223523191L, 1905599876L, 
-592564194L, 1905172032L, 863212315L, -609372815L, -397840219L, 
-763406687L, -730720090L, -1253771145L, 1944742507L, 2102083566L, 
1242709371L, -648224406L, 666473508L, 2005432251L, 2039465297L, 
-1648221954L, 1310586594L, 1872831283L, 547436788L, 1490407070L, 
-2010661297L, -1170093747L, -1430247034L, -1110096644L, 26368424L, 
-1643599277L, -2093549864L, -1132294976L, 1716963520L, 1765059202L, 
-957594615L, 1279851940L, -1409091093L, 1754948243L, -1282006644L, 
558015736L, 1783775108L, -1352703157L, -1412418181L, 1428444761L, 
1788278608L, -832719795L, -1544239429L, 2009372146L, 595982736L, 
226929191L, -1132345690L, 998313930L, -2016050912L, -1737636894L, 
-363453338L, 1498410772L, 496000327L, -1701215850L, -907239791L, 
1039781340L, -1665209798L, -1109593876L, -1159213941L, 803075543L, 
1971204313L, -534177708L, -990380124L, -1383750411L, -462205498L, 
1384392456L, -964112266L, -1466964462L, 115341393L, 845279145L, 
996272060L, -900586017L, -1879936832L, 376359205L, -652283725L, 
2025728904L, 1380008006L, -1244481025L, 375424772L, 56448370L, 
19775909L, -1215524017L, 1914891222L, -750964520L, 314637231L, 
1832403685L, 1150617821L, -1285420509L, -403024028L, 21294443L, 
-1097765175L, 2061730362L, -1220815676L, -446219379L, -1418868197L, 
-1997804799L, 687389069L, 1134781544L, -1185101972L, 2130969188L, 
416686891L, -425190152L, 1058360788L, -1709096420L, 979020380L, 
2018700094L, 115617012L, 1690406152L, -120745897L, 1878759148L, 
-1148609190L, -116373502L, 1356281799L, -1388162865L, -1017188458L, 
-974632207L, 901262193L, -166391268L, -1444268734L, 689395679L, 
-214744715L, 1079626966L, 626249961L, 306852561L, -2111272080L, 
1175790579L, -1952238987L, 1133045842L, 238012356L, -546654303L, 
-1914432245L, 897719360L, 2145466493L, -1618662470L, 1328986925L, 
-819622957L, -2114861141L, -428406757L, -597059260L, 1083860074L, 
-1001362639L, -58573466L, 798221867L, 1784989447L, 1059713834L, 
-511559046L, -195199812L, -1859005742L, -1433066940L, 813812312L, 
607556345L, -72931799L, -636788508L, -1025926857L, 16828092L, 
1128236436L, -1158994389L, 648984581L, -1883722753L, 88469849L, 
-1057634625L, -1340205670L, 992060661L, -582634023L, 1292516003L, 
-1180882410L, 1108234525L, 724304121L, -201717252L, -1784368911L, 
-2084967766L, -2114451266L, -1336465483L, -540740309L, -1191022646L, 
-974274381L, -1753027543L, 104519975L, 997135836L, -1003589431L, 
1689163361L, -2088874233L, 1144591053L, -1489636804L, -1144112645L, 
-1760022433L, -591769544L, 607356513L, 13625789L, 176012613L, 
-1757221365L, -277625901L, 752122644L, -1926782531L, 650916386L, 
451166744L, -1562666783L, 1949513791L, 1909258142L, 1277144671L, 
531266904L, -518146858L, -392747796L, 1023525760L, 909674007L, 
-824639842L, 34754118L, -433135716L, 720762626L, 32266839L, -993211015L, 
207746153L, 1776690042L, -1947332510L, -1467980279L, 438078228L, 
-2023497452L, 686456718L, -628123060L, -1179967292L, 1405065335L, 
-786723338L, -265143965L, 225828781L, -1196031283L, -1990356980L, 
-1486132463L, 132249676L, -828133403L, -1164877240L, -1855922573L, 
-352336243L, -971403923L, -1446625482L, 1621419690L, 1146081225L, 
-642309080L, 1079462342L, -307473886L, -1222820161L, 1399033680L, 
1690981924L, -699167786L, -702820497L, 67055579L, -1044041019L, 
-325247231L, -144760069L, -2136831154L, -1392392430L, 604531050L, 
1547769407L, -2013388589L, -237238573L, 1726740914L, -345186754L, 
-1355052837L, 1679797311L, -1733162625L, 1815262507L, -561029487L, 
1432378845L, 727396677L, 1209824870L, 611130806L, -157624750L, 
108946266L, -1951363443L, 993884829L, -359255096L, 1644264180L, 
1795516182L, -1220943821L, -1443594326L, -1973823534L, 605241690L, 
