ba <- c(0.320,0.297,0.264,0.306,0.291,0.290,0.316,0.324,
        0.295,0.294,0.235,0.283,0.273,0.295,0.327)
