p <- c(0.01,0.10)
( p * 0.98 ) / ( p * 0.98 + (1-p)*0.01 )
