x <- c(2.2,3.3,5.1,5.5,5.7,5.7,6.9,7.8,8.4,9.6)
