u <- c(1,2,3)
v <- c(4,5,6)
u * v
