.Random.seed <-
c(403L, 10L, -1128796548L, -1637258561L, -1044198507L, -812192852L, 
-1906736766L, 1387906909L, -1326978473L, 35283262L, -1389862536L, 
1198578267L, 1017310649L, 1839861768L, 1061417654L, -850146831L, 
-359530461L, 1415725170L, 1341547204L, -1843096441L, 1539827805L, 
320826964L, -1839788934L, -274016315L, -2050828001L, 1963137190L, 
-1556579792L, 2056700115L, 158715633L, -488985056L, -1553065794L, 
1194294473L, -210471301L, -396364726L, -1341268820L, 396331951L, 
548925285L, 1402062108L, -747516558L, -1305213459L, 2105313831L, 
-1465882034L, 901131944L, 776004779L, -1778006583L, -1703654952L, 
-709812090L, 1570286945L, 1079255283L, 1813237602L, -767284780L, 
-2075632425L, 92217037L, -179153308L, -148646838L, -222338635L, 
911895823L, -1247786474L, 994821312L, -379026813L, -1313911135L, 
-933478256L, 760638318L, -1251478247L, 720586155L, -822492262L, 
-1641129124L, -1456014753L, -861494731L, 1650600396L, -210820830L, 
2003936125L, 333709431L, -1570585186L, 1664777304L, -733402693L, 
-217845927L, 146296040L, 1825871126L, -1832122735L, -1914614973L, 
294295122L, -392660764L, 364800807L, 764452733L, -837864844L, 
702458970L, 820982949L, 529977023L, 1823683910L, -913245232L, 
1426249203L, -1546559215L, -676958912L, 1115204894L, -1490855447L, 
1422547739L, -1291991766L, -930308532L, 1371286031L, 640380229L, 
195817212L, -711457454L, 1547217613L, 119358087L, -1691646610L, 
76627784L, 1165069131L, -2002292055L, 1675884536L, 2105923366L, 
-2118973375L, 1306044883L, -1902099582L, -1139333196L, -19349705L, 
-709519827L, -431511740L, -903834518L, -1059402027L, -2046392209L, 
-1153906314L, 380531360L, 2096947043L, 900772865L, 1439514480L, 
2116384526L, 1684828537L, 1082852619L, 1607409210L, 253252924L, 
101603967L, 1615479253L, -1675976724L, 2146206018L, 1987591837L, 
1866177303L, -358512002L, 888789560L, 140909851L, 437799545L, 
-255867192L, -2065637642L, 2066396977L, 273788771L, -1107835598L, 
130258564L, -246644025L, -303898211L, -954030828L, 729672634L, 
2050711045L, -2075058209L, 130553446L, -1853177360L, -1869459693L, 
-491663183L, -833588384L, 950411518L, -291696503L, -1889714245L, 
910903690L, -247433108L, -2108253713L, -969223643L, -1339848996L, 
1281531058L, -1832521811L, -789023897L, -1752428402L, -259003032L, 
-1365512853L, 1946107657L, -2028252776L, 183384262L, 1948043809L, 
-1245048141L, -477847518L, -284984812L, 1412611735L, -1858228083L, 
-1538996828L, -1839347830L, 1460610037L, -1967322545L, 1899367766L, 
225880064L, -345999037L, -1235831583L, -308212144L, -61042002L, 
1577973337L, -888553877L, -1230949414L, 623928476L, 1082486431L, 
1175233781L, -727693940L, 195936354L, 1643040829L, -1226290505L, 
940831070L, -638142312L, 1198343163L, -964365927L, -1646439896L, 
578052822L, 528189265L, 1925556739L, 1686658450L, -217732316L, 
1101237735L, -2055271875L, -77134668L, 1457259290L, 1932421221L, 
425705727L, 918286726L, -694802672L, -1100897357L, -1380130735L, 
107901952L, 1928721630L, 2127791913L, -2113496357L, 1098052074L, 
-203277940L, 2035203791L, -410991995L, -1032055692L, 410024456L, 
-412513862L, 1026636240L, -2008134676L, -1418475628L, -1106686766L, 
-519583648L, -1013259956L, -1411438816L, 1059973762L, -1870435864L, 
1355158508L, 1750761020L, -875357582L, -995893392L, 1922134308L, 
809594424L, 913055130L, -1981663792L, -966028868L, 284230292L, 
-1749166462L, -1087581760L, -1296294084L, -2035485040L, 1771959074L, 
1495410184L, -984107252L, -404195428L, -534921198L, 1359225728L, 
-1240006892L, -1496004312L, 1151852602L, -1952819248L, -920581524L, 
416631860L, 276083858L, 148290912L, 684183884L, -379311648L, 
-1081057374L, 1131671464L, -1285901172L, -240905284L, 1295251570L, 
-1346595856L, -645824444L, 2100687960L, 1294864442L, 972578928L, 
-303427012L, 1386887956L, 1510072002L, 1307942624L, 558044284L, 
738492624L, -34614366L, 636293672L, 1721197836L, 1775909820L, 
583943474L, 629886144L, -24478156L, 788428488L, -739322182L, 
-736821104L, -300795156L, -48256428L, 693038738L, 1821219616L, 
957098956L, 1523268832L, -84858174L, -2135105496L, 1290472364L, 
1736391356L, -391387662L, -1629501904L, -1496551516L, -646838856L, 
566189914L, 941774992L, 780069756L, -1342414060L, 689021250L, 
-828767488L, -1646727236L, -1222134960L, -1379601118L, 2058329672L, 
993290252L, 866537564L, 1385707986L, 1244871168L, -1520541356L, 
-524884760L, 1317739770L, -224160048L, -1504654036L, -146478860L, 
1308620178L, 869177696L, 2105194508L, -2101018912L, -1898579358L, 
-106979672L, 1890309708L, 1038629756L, 682439986L, 1118830192L, 
-1016497340L, 940086232L, -1994285190L, 253030960L, -1010005060L, 
375071316L, -1056388030L, 104831136L, 109068988L, -662856240L, 
1317246818L, -1461202200L, 900572364L, -1099911684L, 767482354L, 
-879479168L, 1275848180L, -125807992L, 372131642L, 1819320144L, 
682839148L, -853529196L, 427822162L, 25336288L, 864310476L, -1079021408L, 
2096671106L, 403847400L, -1316855060L, -1651116740L, 2428018L, 
1480590448L, 1215556644L, 1768448056L, -282391782L, 2030746832L, 
1302641468L, -1768839276L, -1112723582L, -217786944L, -2110922180L, 
351271312L, -1395353054L, 555871496L, 226957964L, 26228508L, 
-1389473646L, -1921130112L, -1701690860L, 1704379176L, -488249798L, 
2041215440L, 336377196L, 1509462964L, -843449326L, 532247008L, 
-1286110260L, 922857696L, 1794566178L, 2112527656L, 1013446156L, 
-1750031556L, -1692806158L, 2066685680L, -900396476L, -150598056L, 
-1088367814L, 840716784L, -338813252L, -123388652L, -69189950L, 
-1612349344L, 401098620L, 1619254224L, -567362270L, 1053296296L, 
-2103612532L, -753369924L, -627136718L, 1946702400L, 206239924L, 
-725038520L, 1884380602L, 1167086096L, 1454513900L, -1215951532L, 
-1788291822L, -1260684896L, -65102132L, -1790376352L, -163736638L, 
337150760L, 1715166124L, -1264251076L, 2111528306L, -1739780304L, 
-1344695004L, -1859609800L, -156926246L, 1890182032L, 1704704764L, 
-2065673324L, 207786050L, -2143092480L, -2120764356L, 880870736L, 
-1114931038L, -229556920L, 904067852L, -1899207972L, -1372962478L, 
-1696563072L, -2137330604L, -1875821592L, -1263758086L, 705696280L, 
969969974L, 997048259L, 1236663813L, 1158163874L, -236228208L, 
1686767929L, -960737813L, 116305628L, -2088641782L, -2060626433L, 
-1788793783L, -258650658L, 553098636L, 967108957L, -1947287193L, 
-1564048752L, 727817390L, -1221767845L, -632639171L, 251419562L, 
541723720L, 450720881L, -1924955677L, 836984036L, -1000306670L, 
-1371886617L, 820155313L, 1914433014L, -1865379820L, 2060336933L, 
1485989935L, 905916904L, -1630959930L, -1579595917L, -893362219L, 
1068242866L, 1543721344L, -707270295L, 353041883L, -1465174740L, 
-1425981638L, 91140591L, 1859798137L, 809187086L, -2137820452L, 
-1903062707L, -830616393L, 2021643840L, 1937667870L, -548532757L, 
1498591597L, 308695002L, 387799448L, -2056361983L, 1813924275L, 
-1017773868L, 277530082L, 407212151L, 573814209L, -1138516154L, 
1912400516L, -617901003L, 1751946271L, 1711813496L, 1715436118L, 
1446987491L, -1793498971L, 1863987522L, -2137786576L, -1211202727L, 
879364299L, -1478756036L, 315012458L, 262455199L, -406992343L, 
-521005890L, 865832364L, 1042363133L, -329449913L, 716021040L, 
-1501467058L, -957800837L, 242380253L, -1320498166L, -971051736L, 
-369499247L, -1713179261L, 1647661700L, -1573924686L, 1549807623L, 
817704017L, -1809826858L, 470336180L, -726015291L, 1885324303L, 
1819010184L, -250690138L, -1124987565L, -2113648971L, 1929673746L, 
-454844960L, -404127671L, 929556091L, -1304940724L, -2017416486L, 
1193619151L, -1578410343L, -1429077330L, 365551548L, -249272275L, 
1819367383L, 452173344L, 1095516030L, 1430356299L, 1538278221L, 
1285964154L, 829666232L, 617720161L, 937243923L, -1132274380L, 
-627357886L, -1325181097L, -1861286239L, -1440241818L, -1286831772L, 
-1598225259L, -2065330753L, -1965592232L, -542187658L, -1000510077L, 
2135476165L, -1467450142L, -1053603504L, -857663367L, 1936497579L, 
