`.Random.seed` <-
c(403L, 16L, -1925619528L, 176568196L, -1233489192L, 81018937L, 
205635418L, 1311827842L, 844359990L, -1530938411L, 537266417L, 
-250472406L, 219896350L, -489806453L, -1339117738L, 1509637101L, 
-353994157L, 1296470234L, 1508544182L, -1622856132L, 2082110689L, 
1109704985L, -781857923L, 245111489L, -1645257642L, -1365711808L, 
-936885605L, 1813185927L, 979588041L, 1823110695L, -549865723L, 
-446645406L, 543237461L, -270157878L, 701694475L, -982516093L, 
-1875800714L, 493076035L, -965897551L, -969497418L, 23656621L, 
1504036739L, 348372390L, 1453131938L, -1311740609L, 17446140L, 
989794167L, -656588351L, -309946555L, -81756334L, -472432003L, 
-503027029L, 360556726L, -1348415675L, -2129515965L, 798210340L, 
739707145L, 336524138L, 1711058957L, 1723115858L, 58387600L, 
1626590497L, 58307173L, 1364107275L, 1561094829L, 867112744L, 
798790993L, -1635467850L, 486067211L, 1130357102L, -805448618L, 
-1625983348L, -1796526905L, 1859651129L, -1091615975L, 226767164L, 
2048919887L, 256355975L, -1675562112L, 1900650378L, 1416882394L, 
2127502009L, -1106745389L, 1828394775L, -1923083544L, -202193765L, 
-876514224L, 1635321510L, 1973374578L, 1105734979L, 819455994L, 
-282781424L, 460284254L, 427582302L, 821442258L, 637200289L, 
462246203L, 1066889107L, 461775120L, 2036160044L, 1803469021L, 
-195246751L, 439921689L, -2026542895L, -650385434L, -470365194L, 
1921456622L, 42876739L, -1993400736L, 1115401527L, -1630385916L, 
1283064518L, -1653726577L, -93990908L, -404512010L, 2062415666L, 
-982841744L, -1418564405L, -91974277L, -1755024291L, -1278160489L, 
-678028468L, -1548165197L, 1665867925L, 1879877806L, 1593852477L, 
-827010893L, 3182154L, -1449246894L, -1077588876L, 984562790L, 
991882254L, 1200218948L, 136282466L, -2054913725L, 1011620349L, 
967317785L, 2098211521L, 927602954L, 97099783L, -1484511927L, 
-2117504967L, -978785505L, -333675756L, -1982264974L, 923562607L, 
1914095089L, -1491294329L, 1337604759L, -1178961487L, -10441674L, 
-417510214L, -439408380L, 991424194L, -1732336649L, 790234785L, 
77612395L, -30432789L, 1225205693L, -958788250L, -2025170872L, 
-469839621L, -1617809800L, -1157941944L, -496270031L, 2112174953L, 
1441207743L, 2007881007L, -1687307884L, 617703450L, 1297636765L, 
345848598L, 676537368L, 746039900L, 577702804L, 756880105L, -1650666758L, 
-1706423941L, -1331365930L, 469056285L, -946330395L, 408155278L, 
310970075L, 1912005627L, 1847847529L, 348236583L, 1169716227L, 
-1121484160L, 74726813L, -1990591858L, -1552269101L, 1024973820L, 
-440010620L, -1000896369L, 961416630L, 1421886256L, 1756621791L, 
1532736376L, 2020179823L, -1954291765L, -222521062L, -1068585277L, 
-25735397L, -530433267L, -42896974L, -1330257502L, 1576800862L, 
1817119794L, -238631974L, 280868203L, 368871298L, 840166121L, 
-62736851L, 1784874506L, -1937613173L, -951198694L, 2108769510L, 
-1707321841L, -298308043L, -1012822271L, -22513694L, -1605315067L, 
-854818474L, 1784297018L, -1480873206L, 2037560363L, -612901800L, 
-1359581038L, 1839307762L, 1053849531L, 750484532L, 991609716L, 
-1157854395L, -2039600112L, 1617200378L, 1240036096L, 615147397L, 
1768130445L, -2089695910L, 559125271L, -506994715L, -1388820279L, 
-1229025354L, -695893601L, 1888511533L, 379775150L, -778499666L, 
2054508739L, -471588140L, -1704602760L, 764742343L, -1780124358L, 
225636073L, 1131782269L, -80867091L, 1512090619L, 818856600L, 
-1147127526L, -1433851644L, -1767798563L, 936285295L, -1358125195L, 
-1081966118L, 369072971L, 430968493L, -2049486512L, -1951413855L, 
-1333820200L, -1613086119L, -1397178563L, 615484887L, 20420379L, 
192214091L, 1997194361L, 1336309143L, -2055792473L, 158448185L, 
2048141899L, 355901425L, 1947968779L, 58037598L, 1923580234L, 
943292532L, -2052207115L, 1696336061L, -101298851L, 2088985967L, 
-1401331252L, -1129909589L, -1802673608L, 1074428586L, 776652969L, 
-882816623L, 1446682950L, -54950892L, -254468012L, 791642931L, 
398558795L, 2028475246L, 695603635L, 1895734978L, -562242889L, 
49087493L, -1577048470L, 654264154L, -1326379808L, 2045912668L, 
1664099088L, 1578611736L, -1211754995L, 204658440L, -1269971993L, 
1588768012L, -1265324080L, 882072173L, 1101735849L, -2106652669L, 
1100531449L, -135694936L, -1761817948L, -2063683237L, -2014122922L, 
679022976L, -1639542776L, 1950191342L, -431554214L, 236869514L, 
1920142739L, -1669366483L, -1337101194L, 1953740685L, 1041746599L, 
952243620L, 1601172697L, 2075659950L, 212064449L, 1271953448L, 
-1016543509L, 674474929L, 819439872L, 1494114391L, -851882583L, 
685721138L, -1921860588L, 1756838783L, 1695862187L, 650070448L, 
808085177L, 482353122L, -1463468816L, 1049489338L, -47383993L, 
-677488927L, 626870027L, 1114497338L, -932986585L, 25391338L, 
-1508927447L, -1625183198L, 610038722L, 1127251179L, 1263099227L, 
-358257377L, 798375177L, -770728379L, 505050763L, -2015058667L, 
-1723880373L, -1687438579L, -660401907L, -1954134294L, 1597038100L, 
-269505852L, 1317327179L, 265983808L, -567797182L, -1853322505L, 
880292734L, 777660482L, -184470547L, -1600093051L, 1332610648L, 
-1792756181L, 1585296621L, 583857556L, -528387271L, 832866019L, 
-1737472803L, 123566189L, -954444880L, 2045505124L, 1199311504L, 
953840311L, 514945862L, -925772486L, -183393254L, -1038897980L, 
86858376L, 673111105L, -1310544844L, -1091753952L, -1248605356L, 
-1211788223L, 1455463156L, 128041558L, 1492782684L, -598846758L, 
-333794648L, -46167368L, -170971491L, 1557303850L, -627745165L, 
901774413L, -895196802L, 712569582L, -43808592L, 60571090L, 2118605172L, 
-194680753L, 1097813369L, -1644049375L, -1458332086L, 41222632L, 
1961780340L, -1524577145L, -1973932130L, 1551649880L, -1646829786L, 
703325942L, 677242731L, 768115375L, 388833061L, -1873754786L, 
1977738328L, 1851304750L, -490346096L, -1692428687L, 1065067515L, 
103713845L, -1640923863L, 838501727L, -692107811L, -1138501001L, 
250697270L, -1859542015L, -1672788957L, -1066251178L, -2108403196L, 
343241293L, 651959184L, 879396472L, -266859420L, 1923569296L, 
940915734L, -1973197900L, -648116915L, -1978511186L, -407392409L, 
-1938765669L, -1364214280L, 2083088336L, 501562840L, 1434586450L, 
360947605L, 1807590259L, 1836406878L, -231753942L, -1228621483L, 
-1925915386L, -1780858595L, -522078152L, 1189862878L, -905334794L, 
-764562767L, 855553153L, 1634369445L, -23916580L, -409589198L, 
1667770485L, -1803765196L, -1735344027L, 441874326L, 1383952221L, 
1876988712L, -34405716L, 785242465L, 1696706365L, 167403810L, 
-1836556368L, 1445498930L, -987706110L, 1589116463L, 1626615161L, 
442764164L, 406805274L, 1733911534L, 1724419608L, -871205342L, 
1751322240L, -1365935746L, -2108186785L, -1833280284L, 1041401372L, 
-1390824584L, -1041939141L, -990693329L, 581834749L, 2070594390L, 
295512226L, -2022021285L, 2139702275L, 1064542184L, 575007465L, 
-1942903369L, 1776941808L, 67793577L, -1360281156L, -737314291L, 
1751897019L, 1013783702L, 588251867L, -1060385115L, -1442094932L, 
2060167811L, -1399313786L, 794584546L, -23126642L, 1851019560L, 
-2102583720L, -1321794970L, 257486306L, 713708497L, 421299050L, 
-1516323532L, 828209500L, 1820507119L, -1885197452L, 458233571L, 
1263789356L, -950379513L, 2038226384L, -1136989815L, -1404666442L, 
1650947861L, -184012948L, 1711919450L, -2009327530L, 1256996719L, 
-222536990L, 1605790776L, -633421085L, -686052807L, -85958120L, 
899631681L, -184497781L, 1779598291L, 1867881672L, -62737831L, 
-1593177440L, 1803513642L, 1466974780L, 601875041L, -2068551648L, 
-532059608L, 36106514L, -1555766408L, -22930543L, 697933016L, 
-1328235196L, 807273418L, 861832682L, 1452678042L, -1757579344L, 
-1622237689L, -460880479L, 641061916L, -1380792811L, 1945569782L, 
324134922L, 1313437758L, 1448434394L, -1776980621L, -2016065135L, 
1231563573L, 864613196L, 507073405L, 714489056L, 1641330629L, 
687659326L, 302890298L, -1760193590L, 2129386326L, -972534527L, 
-574328242L, -1158082704L, 1766157374L, 701929968L, 279262315L, 
