.Random.seed <-
c(403L, 10L, -266727015L, 1619353131L, 1424123674L, 1343725020L, 
-749075489L, -1244879947L, -1441940148L, 901790626L, 781234941L, 
1631202295L, 435336478L, -596674600L, 1516300603L, -1279189287L, 
238088808L, 906433430L, -920783087L, -1122922301L, 410185938L, 
568161636L, 723314855L, 261004797L, 765075444L, -643577638L, 
71371301L, 1208960831L, 1088316614L, 1568102736L, -1988269709L, 
-583314543L, -438065728L, 368009118L, -864091799L, -963399269L, 
-158374742L, -1965735220L, -760083569L, 929591237L, -807595140L, 
1414155218L, 380496717L, 1965062663L, -1975146002L, -1091140408L, 
-1712649269L, -1387962839L, 1072469112L, -1636839002L, -720636991L, 
1248993363L, 338708226L, -663719372L, 723494839L, 1303402413L, 
-1101167420L, 991430890L, -431026347L, -262553361L, -1311045898L, 
-1969008096L, 511604707L, -1719796607L, 1268202224L, 873943438L, 
55508729L, 1144974475L, 1589073082L, -1418244164L, -406123265L, 
922452053L, 1817170796L, -1710683198L, -878396387L, -1624384361L, 
1878342142L, -968730184L, -264252005L, 1221540857L, -514022584L, 
-774214026L, 2107811761L, -355042845L, -771125582L, 119038724L, 
1637122119L, -529217763L, -480084588L, 1398030650L, 431357317L, 
-1320315297L, 264634598L, 752403312L, 1200792723L, 483098929L, 
175097824L, -1968886658L, -1662492919L, 1150091579L, 1860707594L, 
1741536492L, -712947345L, 1923632805L, 464945244L, 1411110962L, 
204877613L, 1238506983L, -1617780466L, 2095384296L, 1289652459L, 
1549519241L, 1227618584L, -270078906L, 527250593L, -430630093L, 
-1229315422L, -899917420L, -855521257L, -1229524979L, 846279972L, 
-42872566L, -580302731L, -1364442161L, -1512524586L, -1898634112L, 
1791040195L, -1778326431L, 1658881232L, 1861039662L, 1483532249L, 
1847412715L, -2054341030L, 1085675548L, 1428653343L, -285121163L, 
278098956L, -2146740766L, -776542531L, 1470832951L, 184083934L, 
-1917895912L, 575517307L, -725188583L, 386087080L, -303465898L, 
-988518703L, 1501292163L, -872006382L, 1921886372L, -1342306201L, 
1515203005L, -1351916748L, -1376114534L, 1746890469L, -743159681L, 
-1608973818L, -604787312L, 1138733107L, -1450008623L, -260262528L, 
2055952478L, -940001367L, -104911269L, 1269510762L, 237829900L, 
1479096655L, -870333947L, 1096716476L, 13031826L, -1120316787L, 
-253452089L, 1233909166L, -1443397624L, -1123568629L, 562745577L, 
1752485816L, -1911740314L, 1063475457L, 1467428755L, 1122934850L, 
-1244338188L, 496939511L, 219575789L, 300267140L, -900872022L, 
-1716840939L, -2045302097L, 1236336822L, -646406432L, -1911029213L, 
-1865814719L, -1336692688L, -1185215922L, 76787385L, -563979573L, 
-1434797190L, -939849092L, 1635802815L, -1302263915L, 903536556L, 
1470963074L, 262218589L, 451407447L, -1028936386L, 1342119288L, 
958762587L, 1326934457L, 1871092744L, 1860216502L, 1703769585L, 
-671478749L, -264240014L, -427993404L, 984363143L, 1894519901L, 
-208577964L, -1029402502L, -1800801339L, -1241783009L, 764847270L, 
2071262768L, 863284435L, 487916273L, 1767592480L, -2134846274L, 
423878857L, 1238049403L, 1490856010L, 1518689212L, 602434866L, 
-1328945216L, 2125768244L, 352023496L, -1739674438L, 1778245520L, 
2016272876L, -498875308L, 296901266L, -1131156704L, -323466804L, 
-872422432L, -63459646L, -1464916440L, 1995456172L, 274755260L, 
-951184910L, -1740590800L, 40745124L, -1361847624L, 2141808474L, 
-419979888L, -1996788356L, -683300588L, 882038082L, -2066910464L, 
13484988L, 860738384L, -1973990110L, 557693256L, 571517964L, 
529646684L, -488610606L, 140006400L, -1927276716L, 568130024L, 
1352082426L, 1549525712L, 989498668L, -1425185548L, 1350108050L, 
1043002464L, -295622388L, 1810801376L, -796463774L, -506200L, 
-257221044L, 1309680508L, 263819058L, -430134672L, -1380048572L, 
-772630568L, 1790039162L, 1961511472L, 1022604988L, 1904244564L, 
-195795390L, 2143418272L, -489118532L, -368008752L, -329576094L, 
-356806680L, 2063340492L, -1119541508L, 1456890866L, -2059211648L, 
-309458700L, 2068250760L, 326345018L, -1402795184L, -27918228L, 
1842232468L, -247052974L, -901535008L, -376001332L, 977540256L, 
718304642L, 1088226536L, -1029528340L, -1607198660L, -1568830350L, 
1773943920L, 730583588L, -1677769160L, -96968166L, 581061840L, 
462712380L, -202131308L, -1077328766L, -1490967616L, 413722940L, 
-992366960L, 1868420130L, -710909944L, -1434991476L, 575290396L, 
14311570L, -59286400L, 550939668L, 1829295912L, 1623244858L, 
-1725335344L, 1530884204L, -1334114636L, 1931004946L, 1972536288L, 
597562316L, -552535584L, 1720600610L, -1508192984L, -212209396L, 
-793464260L, -36091662L, 751979760L, -198131900L, 1068768344L, 
-1075597766L, -2044348176L, -1032837444L, 1102864916L, -1599908670L, 
564009568L, -2091511428L, -1039815472L, -1786335198L, -2097949528L, 
1754255756L, -872619588L, 1515260978L, 1347309376L, 426814132L, 
-503796408L, -1343359302L, -1655104752L, -450443028L, 2066754644L, 
1747452690L, -183276128L, -338085940L, -1555690656L, -1082864446L, 
-1769856472L, -1549091412L, 2037646140L, 1166225266L, 1248165680L, 
1699240996L, 1033499192L, 1127712474L, 1026909072L, -970510084L, 
-2085066348L, -385074366L, 802869760L, -1370311620L, -483636656L, 
-1840221022L, 84567880L, 348939788L, 1970869980L, -1645453230L, 
-854101888L, 138728276L, -652053528L, -444599558L, -1378545840L, 
1919103020L, 1095315828L, -951833966L, -1402383776L, -398041972L, 
606817632L, 1594581218L, -1565919064L, -1883249972L, -582285828L, 
638220210L, -853790736L, -287425084L, -1973212840L, 416935290L, 
-1837179472L, -332375620L, 77785684L, -727986750L, -1162122464L, 
-36877380L, 568144976L, -908986398L, 85039976L, -462362804L, 
-1716716804L, -979750158L, 404574464L, -1919912844L, -217400824L, 
-663854662L, -261727792L, 1309971436L, -1024903276L, 2127094994L, 
1008349280L, 1810209100L, -435437792L, 1813561986L, -1124650520L, 
140018668L, -1137656260L, -1805651342L, 1903130480L, -2032484060L, 
-479297992L, 1597312410L, 443962832L, -559156804L, 800004756L, 
-1402759550L, -1005676096L, 869900092L, -2143115632L, 591717154L, 
-1047564792L, -310630644L, -332759140L, 554481682L, -1530731648L, 
1136262148L, -886146123L, -1215310689L, -259137288L, 108001494L, 
912781667L, 633830693L, -959894846L, -1797273680L, -1547740199L, 
-1816406709L, 962630588L, -1996473366L, 1507695647L, -1420715351L, 
-1326969282L, 661144364L, 1999269245L, -1500478521L, -920431952L, 
-512929586L, -1246557701L, -15693219L, 65250698L, -768180824L, 
-103775471L, -252628477L, -1118485244L, 602636594L, 1251938183L, 
2138136017L, -1260400810L, 64384308L, 1233921093L, 1661521039L, 
200329736L, 1253975590L, -356041005L, 1620357173L, -271433838L, 
-215007392L, -456365367L, 1623039483L, 777972172L, 433799258L, 
1575640399L, -1762929639L, 1551096366L, 747157564L, -639128147L, 
-1503900073L, 80035744L, -1958372098L, -923549749L, 1466866125L, 
-1578787590L, 1165324088L, 531815649L, 1449316243L, 571573172L, 
-427513662L, 1430293719L, -55588575L, -1620492058L, -1883396636L, 
-1121984235L, -1556580033L, 1795499224L, 1930923254L, -2040793341L, 
-459665339L, 1471246434L, 811055056L, 587468025L, -1721072085L, 
1821651356L, 474108362L, -1171443009L, 1873642505L, 791262494L, 
-34539316L, 208759965L, 2131431719L, -1714365616L, -1210341906L, 
2143453851L, 786425085L, -926274582L, -1796305784L, 1692783153L, 
-730635101L, -714282844L, -1158956718L, -2025421657L, -100032271L, 
969562166L, 284231892L, -812794779L, -748194193L, -1798203224L, 
1317094918L, -1149311181L, -789937259L, -2101315598L, -1583967168L, 
-726045271L, 557515803L, -1791884820L, -116524550L, -1043161553L, 
-4502983L, 722945102L, -934523748L, 1176763917L, 552419959L, 
1039823488L, 1988102366L, 1051599787L, -1225249619L, 1831670042L, 
543442392L, 37936705L, 763950323L, 491987732L, -1708535134L, 
284232631L, -1838512255L, -1766929018L, -318283836L, -35511563L, 
1897076575L, -853526088L, -322879338L, 1085310627L, -2090669979L, 
1224580482L, 1295671024L, -1309371751L, -436791669L, 1857247100L, 
-1285547606L, 373764575L, -424638615L, 714190718L, 64288620L, 
-1894765635L, 92403847L, -522513296L, 1888055054L, -247425989L, 
