.Random.seed <-
c(403L, 508L, 671151068L, 238657921L, -1678780194L, 1213705892L, 
581094057L, 902355121L, 1699715261L, -1062626420L, -243574856L, 
1075342613L, 475012707L, 1233747273L, 1098825729L, -733763356L, 
-1715034309L, -1375872779L, -71963514L, 881985051L, 1746208265L, 
-101577231L, -1562231046L, -2078358684L, -1823957235L, 574015590L, 
1027865138L, 381742394L, -502169661L, -425221488L, -372946623L, 
-936759786L, 1889791439L, -154335087L, -124696191L, -2138568210L, 
-1306650690L, 456061007L, 1941742769L, 1240963345L, -1188508194L, 
-1819718977L, 1994884205L, -1944227431L, -212985453L, 966091984L, 
1865296245L, -2022691078L, -839345903L, -1858120049L, -1504408184L, 
-583278852L, -253452905L, 1926492980L, 1723897512L, -1336231494L, 
-2053146024L, 1369498647L, 294903142L, 602398552L, -1987029934L, 
437084680L, 1765278044L, 746551169L, 1822850404L, 1193728095L, 
-1160842597L, -1542273032L, 2125860527L, -205662803L, 249871546L, 
534997526L, 1157784182L, 1925952654L, 1277250229L, 1935681615L, 
-253659473L, -407932889L, -235051179L, -1859995551L, 1940911441L, 
1215634246L, 1732827529L, 253045283L, -1688650581L, 173174027L, 
-2054538860L, -777593244L, 1644710640L, 2141537744L, 1927477486L, 
603514320L, 1061962040L, 650167243L, -2076258822L, 831501211L, 
1641061274L, -1686068461L, 1628245333L, -845190231L, 1785416136L, 
1301023746L, 906424198L, 65087305L, -1338089974L, 1522108910L, 
1646848142L, 1503086218L, -1670128355L, -958901918L, 1679325142L, 
-703417301L, 2114605201L, -596468307L, -1456455282L, -1201658020L, 
-582776617L, -611798169L, 593634585L, 2036028228L, 1487248607L, 
-351181498L, -1079400260L, 799549354L, 846206821L, 759739189L, 
366781553L, -1461099869L, -632392195L, 1115564434L, -979617984L, 
-1409454758L, 711876255L, 1946394017L, -138340063L, -1716884069L, 
-2505329L, 184818599L, 79566155L, 484569130L, -37427234L, 1345548226L, 
100250840L, 114088419L, -810519858L, -171360670L, -88127470L, 
-1737022111L, -257900127L, 1644418090L, -280507668L, -373620704L, 
-803665175L, -443046368L, -1690025443L, 1177026866L, -212626047L, 
-137143186L, 166388528L, 1725904064L, 752046259L, -1190564373L, 
-578089267L, -303290788L, 2128573992L, 437650061L, 1327951196L, 
-205284337L, -745242754L, -1902217732L, -1661218943L, -1110858238L, 
-1390273798L, 181758360L, -505386483L, 875695646L, -986698923L, 
-1871049152L, 1366689855L, -886071149L, -430527349L, -1752043347L, 
535525548L, 1873918477L, -440360752L, -771722993L, 1377021210L, 
1705595109L, -921685868L, -274661513L, -1947025538L, 1308925701L, 
-1999647250L, 805895198L, 645198648L, 1568732281L, 403636371L, 
839616546L, 1001548025L, -54313992L, -1318441569L, -1895225730L, 
408676523L, -1844733817L, 1081570046L, -1843237408L, -850486513L, 
712418438L, -718620442L, -780214073L, 1313976515L, -2009941895L, 
1790895564L, 1059427615L, -2107353418L, -2046196054L, -2115078606L, 
111671151L, 488821661L, 167436930L, 1421001667L, -398571596L, 
172584174L, 251676866L, 2107776018L, -1569781143L, 1348748170L, 
-1866366144L, 62736686L, -1416114721L, 1350093507L, -1769054765L, 
-1224834649L, 648373261L, 972956186L, 1267482304L, 594467149L, 
-866039536L, -1035207967L, 1878537156L, -1593322779L, -285668818L, 
-258799099L, 1224277695L, 478005680L, 434229224L, -254312334L, 
1757767998L, 952661014L, 1330153426L, 381108591L, 786004217L, 
-1639366476L, 710175682L, -1727676107L, 872076756L, -370730897L, 
-843807201L, 63842214L, -1791862586L, 1947684000L, 1976022391L, 
105016958L, 294304273L, 881677030L, 1504438623L, -1239737033L, 
630661243L, -1741194498L, 1352152968L, -67511091L, 1499235827L, 
193818071L, 748668125L, 277908733L, 1361699862L, -1688153752L, 
67563947L, -481615176L, 1314285676L, 13135072L, 1590016902L, 
95438054L, 353934818L, 764032146L, -951393161L, -2030801015L, 
983898363L, 2065632519L, -1889645131L, -904302621L, 966963116L, 
805936525L, -437769856L, 1637223836L, 1354301285L, -1226359550L, 
741955170L, -2122048586L, 794345315L, 1635047644L, 1721204265L, 
673151983L, 1684721494L, -1440920336L, -511274263L, -949217106L, 
991778552L, 1518480511L, -419864257L, -1453104090L, -925559447L, 
-1447281774L, -98002762L, 1495306059L, 267190832L, -1720435496L, 
-1109614144L, -1587493404L, -1112595049L, -115040309L, -374581675L, 
-1440210304L, 1350218568L, -885860009L, -1324205814L, 965199193L, 
-1827888668L, 498897389L, -1510005082L, -543046892L, 318165959L, 
-1373669195L, 1581451816L, 1827934166L, 109175648L, -1531967888L, 
1757741841L, 105773588L, -1914982975L, 1387850919L, 1316783057L, 
1819138257L, 1088096455L, -1981298374L, -347662159L, -148398212L, 
-515878097L, -1149216838L, -2068943296L, -1831352644L, 903577640L, 
1803355440L, 1750499287L, -1661691658L, -261664016L, -1374027747L, 
-398153213L, 2130265196L, 1022580474L, -844973827L, 1652663337L, 
-662300998L, 415532121L, 833680513L, 834663064L, 1034781706L, 
412175997L, 1228545486L, -1790155658L, -698414109L, 355739526L, 
-341071451L, -424410301L, -1237809645L, 1905222706L, 2117117205L, 
-1334813629L, -1376806145L, 1992778393L, 1259352234L, -2085044387L, 
1834214075L, 623077594L, 1834968270L, 1883844040L, -49926946L, 
-1900918577L, -1912202017L, -584191870L, -2022791906L, 156415366L, 
110176202L, -864854183L, -339654428L, 225612388L, -1079127636L, 
1474991063L, 316773834L, 866414040L, 1171067067L, -748815750L, 
-1933865047L, 1447606122L, -1892597372L, -1482319055L, -394938729L, 
1518077507L, -1654343110L, 882532656L, 49675543L, -1376525087L, 
-1778780490L, 8110080L, -396521949L, -1858538596L, 368267178L, 
1144420422L, 533337256L, 1833226243L, -612688534L, 1683047374L, 
-1196568434L, -1251034032L, 792550465L, -934828097L, -1060353326L, 
857741973L, -1882830217L, -1834768505L, 1964388064L, 2123299414L, 
2142709604L, 2131950043L, -898890036L, 361404221L, -1141614493L, 
-1980380648L, -524799956L, -993669411L, 587396661L, -1133286575L, 
1147900952L, -593212849L, 952896586L, 129083081L, 235159470L, 
175556736L, -404283865L, 1652807332L, 942193561L, -441728042L, 
-774715716L, 171639383L, 2054467562L, 468802873L, -1154541892L, 
1184826824L, -14500283L, 1699878990L, 1791232107L, 817132184L, 
-1924547186L, 1410984730L, 1019890399L, 1356685471L, -147367778L, 
2123508174L, 135820951L, 1969448962L, -841528628L, 198885608L, 
-1266678332L, 1352936069L, -307410718L, 68787747L, -1376062544L, 
-549466664L, 1128904123L, -1364263489L, 681530040L, 153642428L, 
1223713662L, 1149829150L, -916752298L, 482601912L, 881981985L, 
770350898L, 1573139284L, 571494787L, 33393730L, -611067377L, 
1845249076L, 814866247L, -487745444L, 1800732738L, 1244440336L, 
-2068869712L, 1716561987L, 448364126L, -174950531L, 334638745L, 
-1712155137L, 451801236L, 1304075715L, -1533478668L, -87598263L, 
2084189064L, -499877616L, 1766458714L, -121526977L, -962553532L, 
-396345268L, -1141948950L, -153422391L, 172328237L, 2043774801L, 
-164795615L, -205170474L, 471816283L, -447758962L, 824332888L, 
-1986343154L, -1915914466L, 434858854L, 30265830L, 1023122928L, 
1953151795L, 1899472387L, -315275053L, 222618952L, -1176167320L, 
350819384L, 1513555151L, -1295267355L, 694506111L, 171354174L, 
-1585608945L, -1518690862L, -1909257211L, 382383229L, -1891699856L, 
122615086L, 1652130836L, 1175716447L, 1018319953L, 732269496L, 
1518000953L, -126124618L, 1204314622L, 2075779220L, -2002505111L, 
-645738906L, 45775010L, -1245807808L, -1557710400L, 463663173L, 
82592732L, -1342281093L, -514233806L, 1827322831L, 993598233L, 
-1643422776L, 1510900440L, -1716543854L, -1967862965L, 399768319L, 
333270949L, -475375773L, 486484576L, -352363115L, -2134861409L, 
-678562914L, 1100906088L, 1561026478L, 139893653L, -1164077946L, 
1303751093L, -347721699L, 358035082L, -268685101L, 521980984L, 
-1768754851L, 1083990048L, 782941291L, 1065357874L, 120900413L, 
-900300829L, -1568734835L, 1688925372L, -1118506886L, -1414562653L, 
1196488050L, 1108238295L, 2114215991L, -1788088654L, 1997229853L, 
949639423L, 1576392409L, -698497744L, 797155601L, 1971707305L, 
1880265560L, -1314968930L, -788449296L, 1034637930L, -617398915L, 
