.Random.seed <-
c(403L, 10L, 1250415349L, 1720300879L, -1745059242L, -577216256L, 
578131011L, 681490401L, 404412240L, 183454126L, -938260647L, 
1769557355L, -1021700902L, -1478779492L, 979124639L, 1320846325L, 
1305596556L, -1608452254L, 1252869949L, 878821303L, -1733792674L, 
-962903656L, 2088142075L, 1949380761L, -283524824L, -93874218L, 
-836332463L, 1344831235L, 575583890L, -977349596L, -209282329L, 
-1847365827L, 1686499252L, 1495028762L, 994439013L, 1056363007L, 
777239686L, -1458208752L, 925131443L, 422142289L, 276979968L, 
-2123750434L, 1333678121L, 1265788891L, -2102143766L, -120229236L, 
1662676431L, 353247621L, 944101948L, 2131787538L, 1929913357L, 
338456391L, 1506348334L, 294423688L, 1633540491L, -396254871L, 
560433976L, -111020570L, -477523583L, 1361315091L, 1905181378L, 
1395035508L, 750529911L, -436890003L, -373393148L, -1098970070L, 
326435221L, -202754513L, 1899877174L, -748541088L, -472575581L, 
-1015852351L, -601896272L, 1236805070L, -578414279L, 258921803L, 
-584704262L, -1424257028L, -1174572993L, 1735125269L, 1545548332L, 
216497922L, 1244564445L, 613705431L, -1720045122L, -1473203208L, 
-722835493L, -1919018439L, 1022958472L, -21042378L, 961706353L, 
-406842461L, -1106697486L, 1605608004L, -926978809L, -1706789667L, 
-1195941420L, 1811080442L, 2068249669L, 710986911L, 1711590950L, 
-162215248L, -935430317L, 1182601841L, -496975968L, 1364776766L, 
1286725193L, 1854241531L, 1838557898L, 476339244L, 1943987247L, 
542018789L, 1289938332L, -888453134L, 796430957L, -492234841L, 
-1518089778L, -1802354904L, 400471339L, -348047543L, 1072200792L, 
-226719482L, -733670175L, -141028237L, -840146718L, -80664492L, 
1714089303L, -773391027L, -113991452L, -1528628022L, -613273291L, 
1819252623L, -609041258L, -1336865728L, -283509501L, -696889055L, 
-1808590320L, 1670210030L, 1257444761L, 1165218347L, -1755348198L, 
-684353060L, -653045793L, 1801967541L, -1656008372L, 754210722L, 
-912376067L, 874565623L, -176432866L, 2113151960L, 567223611L, 
-1051319591L, 692248168L, -1823195242L, -2061440239L, -1563007805L, 
1548029138L, 1757288804L, -2112316249L, 1471685117L, -2063135756L, 
110888154L, 264144421L, 396843839L, 1366685894L, -241437360L, 
1357921651L, 1420519313L, 1322449344L, 440236958L, -712506007L, 
-1657274981L, -1185005398L, 1480416972L, 1597603727L, -1746940987L, 
-2058014852L, -971501614L, -1339449523L, -1199743481L, 1949097454L, 
-1519548216L, -1138669621L, 2108576297L, 1842557048L, -1245606490L, 
-339544127L, 921668691L, 932127490L, -2062178764L, 1892148151L, 
-641154131L, 1442965700L, -1454551830L, 453870421L, -1889020689L, 
1837890294L, 1417463328L, 798440419L, 1278013569L, -574075152L, 
1264057742L, 1934291705L, -1757532021L, -1523926854L, -2058269764L, 
-614158081L, -1036168107L, 7421804L, -1108291646L, 811255837L, 
1598421143L, 1545414142L, 853652920L, 1455135131L, 1371152377L, 
837732168L, -845471114L, 1819392945L, 188253667L, -2089796942L, 
1610790660L, 1741507655L, 1112697629L, -885468780L, 478745914L, 
594307461L, 1499040351L, 2103373030L, -218987244L, 994536642L, 
2009689184L, -1887945348L, -1515880496L, 1672399138L, -367391064L, 
114687884L, 763258044L, 1886524210L, 1512879680L, -1925434188L, 
-350909368L, 1651084730L, -1076749808L, -441529108L, -1260646060L, 
6961938L, 104482208L, -1892707636L, -1566422432L, 1208887234L, 
1006707496L, -1941921364L, 109770044L, 24904562L, -1674812112L, 
-553492700L, 763651384L, -374888742L, -357550192L, 979436284L, 
-35447916L, 1120379970L, -1693848320L, -1136918468L, -1547367088L, 
989017250L, -340919480L, -1066111220L, -1383412004L, 234997586L, 
1190979200L, -297201580L, -720714776L, 1540737786L, -572691120L, 
1753069356L, -1269634188L, 1813922706L, -108524960L, 73887628L, 
-1824876704L, -559277086L, -867742808L, -83587892L, 823265788L, 
934170546L, -978412048L, 2126659012L, -1199640232L, -630954630L, 
1962417584L, -165018692L, -2029803436L, -38461502L, -1451755488L, 
-1821683524L, 73661008L, -951085086L, 987291240L, 18488908L, 
1728047356L, 1500983282L, 996967680L, -2075559052L, 815101960L, 
1487636922L, -139276848L, 242209772L, -1240552556L, 1174244306L, 
261328736L, -1696630452L, 1340514592L, -1071059070L, -1639321880L, 
-849020692L, -869843396L, -1715199118L, 933701232L, 1589054500L, 
1783455544L, -1721450342L, 2132879056L, 1682752700L, -1050203500L, 
1107507842L, -1633357632L, -415726276L, 1382484112L, 425647650L, 
909498888L, 472536332L, -1036410212L, 1175393810L, -539717248L, 
1678967316L, -817816024L, 864215354L, -3335216L, -1006522772L, 
-1253557452L, -468200814L, 662168928L, -851528372L, -1841044512L, 
-1920073822L, -1476714584L, -1840410740L, 107780796L, -271172750L, 
152789232L, -1984320444L, -1791701672L, -69472198L, 439731056L, 
-1475972036L, 882289428L, 1210338754L, 1201327328L, -848496772L, 
1571911376L, -617792862L, 1326847016L, 1941324044L, -1289917508L, 
623060274L, 975968192L, -1136654796L, 1714170824L, 774620346L, 
699525008L, 936651244L, 1294701652L, 1897691794L, 273353504L, 
1157235148L, -219685920L, -1936779582L, -488278488L, -1606259028L, 
1074833084L, -1725816334L, -1442686672L, 1046620324L, 898284216L, 
1435164506L, 1147461008L, 778587516L, -340504300L, 897944898L, 
-1187360000L, -588149828L, -866315440L, 419743010L, -1807668920L, 
2106944524L, 786431068L, -1144101678L, 463963136L, 797239124L, 
-2121295384L, -1554736134L, 717023952L, -1662163668L, 517127412L, 
-946674798L, -1340863392L, -747824884L, 1924553440L, 1225155938L, 
-669673816L, -604733876L, 1078686588L, 57540402L, -2110471568L, 
-42069692L, -1211250728L, -410631046L, -426317264L, -900452676L, 
-978505900L, -2003616190L, -1925906528L, 362880188L, -1413320240L, 
1220575586L, 566380520L, 1261607884L, -136020228L, -80845838L, 
216724608L, -939597580L, 2143998088L, -437554886L, -1297607856L, 
-448438164L, -1706689388L, 1084630354L, -57343264L, 1502506188L, 
-1616696160L, 1656737154L, -1858945816L, -1532965652L, -875763652L, 
1555840114L, 373128304L, 933339684L, -200313288L, 898220570L, 
1504892112L, 217499196L, -1115844460L, 1486331010L, -1537680448L, 
-1569289384L, -1635085631L, 169129331L, 835667604L, -1195740382L, 
-1999512009L, -818205951L, -1883180538L, 180162628L, -803741323L, 
1364468959L, 1974138936L, -543637482L, -1257910237L, -336130075L, 
627276290L, -560207760L, -451944935L, 8667147L, 1144527612L, 
-210367702L, -560620193L, 1183200489L, 124503038L, 1818542060L, 
-585446595L, -1307965689L, 268082928L, 836238990L, 2034170043L, 
-351638371L, -1869733814L, -659946904L, -1340567983L, -230279869L, 
1578771524L, -1253832974L, -42725689L, -1508510575L, 2088200726L, 
-705963916L, -1115366651L, 2000843087L, 744862536L, -1314749722L, 
-1513442285L, -1939731595L, -437474478L, -853140576L, -693801335L, 
-1441473861L, -1587117812L, -124748646L, 1450574351L, -246233511L, 
1919212270L, 799756668L, -221470227L, -1009504617L, -116496032L, 
-1078047426L, 2015550987L, 1262332557L, 1039951802L, -2061806088L, 
338522529L, -1216768173L, 919139956L, 525637634L, 602849943L, 
498715745L, -792967002L, 487291044L, -1090809515L, 697872895L, 
1417652376L, 94893494L, -1177608637L, -1542716539L, -1711413214L, 
-471045360L, -1775507783L, 754826091L, 1748562524L, 529354634L, 
152477567L, -571084087L, 861764446L, -1722351604L, 1559670749L, 
2072230631L, -161238256L, 1136552494L, 652595419L, 1188892093L, 
-1781253334L, -541551672L, -706309903L, -968790429L, 161577572L, 
1032395154L, -908798361L, 1335752241L, -1493062794L, -1378860908L, 
-3420507L, -760087633L, -137176984L, -2028393402L, -1323849229L, 
-1528670891L, 661307186L, -2026548480L, 167016425L, 1116326491L, 
1343935660L, -1115641158L, 1743781999L, -1627529735L, 1339918478L, 
554852700L, 2038733261L, 963345719L, 1235283904L, -450639714L, 
1364454763L, 777811181L, 2140587354L, 1562371608L, -641420415L, 
2067507507L, 1901659988L, 1927307618L, 1542687223L, 1561283137L, 
-868606266L, -1263509500L, -2033635403L, 1601314975L, 166305016L, 
812188886L, -255183517L, 1185743141L, -1236502846L, 1964733360L, 
-1967091751L, 559139147L, -1997754436L, -38066198L, 399241247L, 
