.Random.seed <-
c(403L, 256L, -1015033576L, -780708404L, 1303321740L, 407803995L, 
1701270173L, 2114035922L, 914133122L, -2117581055L, -403677638L, 
-508797149L, 844214588L, 2040290811L, 1786656674L, -1471167073L, 
-1007531897L, 420110656L, 537269131L, -1887173610L, -307588092L, 
-467569780L, -1480663250L, -234157438L, 1518323532L, -24683296L, 
1354728311L, -925562590L, 23749114L, -323408454L, 672492685L, 
-1338194995L, 941941537L, -1660729029L, -1938355971L, -372345629L, 
-1539090465L, -923363168L, 194401091L, -382660586L, 1683681979L, 
-1491438266L, -461822664L, -1306829855L, 461714567L, -1849362167L, 
-370341921L, 399820059L, 534533158L, 53287185L, 2101203246L, 
310177993L, -1444883381L, -570316203L, 1390368198L, -473673256L, 
1422627470L, -883650461L, -499886394L, 1089414540L, -881153087L, 
1052810868L, 1388232147L, 453152520L, -886914036L, -1252825686L, 
1351695323L, -1373681512L, 1679722948L, -716128137L, -753001202L, 
-934178793L, -769158286L, -1513195178L, 85178917L, 1701016447L, 
-1161535877L, 569616440L, -1495621503L, 262325078L, 632737396L, 
-1110513439L, -1815191506L, -1433073086L, -1440775963L, -1188816766L, 
1834739899L, 103646511L, 310187840L, 2034932696L, -1362354568L, 
-927867118L, 1982306136L, 1922406486L, -882180968L, 1964596114L, 
-1314440531L, -1351709412L, 1230705358L, 308627147L, -1741521969L, 
281279537L, 886416981L, -1882250796L, -1324451087L, -1494187776L, 
1481825103L, -1045158461L, -813883590L, -1335194536L, 1820072742L, 
-556479859L, 166765304L, 971679253L, 517123994L, 339462785L, 
-1438750897L, 1904839927L, -1356081379L, -1340580538L, -1291308887L, 
-1720828196L, 614651099L, 375616323L, 286831158L, 1778607918L, 
1383195250L, 255613891L, -315494083L, -1179917384L, 8066286L, 
1241943280L, 1984832398L, 1732355141L, -875340258L, -838952466L, 
1391122574L, -1765431655L, -99649926L, -1167023801L, -1030426288L, 
820106639L, 1048236577L, 2105030819L, 1672529735L, -640149032L, 
-817534705L, -755801743L, 1381437598L, 1734644307L, 1962347752L, 
887081903L, 1452967165L, -928130443L, -555514806L, 168454769L, 
296733226L, 2043741883L, -165087521L, -1610340015L, 1409670164L, 
748205816L, -2121627737L, -1628977041L, -1202975275L, -162907555L, 
-1066424832L, 308597530L, -1327619596L, 162759466L, 712739810L, 
316440239L, 1101851022L, 1840108733L, 2059356647L, 1578674463L, 
1053935408L, -1556760918L, -1958635589L, -1192893075L, -384319738L, 
93184485L, 1406400927L, 302732291L, -654176369L, 1068862442L, 
1712632572L, 267020810L, -370286800L, 1026088440L, 1168744775L, 
770606308L, 870102854L, 1744961225L, 1367719724L, 1371945760L, 
-262270424L, 408082413L, 69045616L, -913111226L, -172607338L, 
-186124994L, 23801644L, 290068446L, 1498021518L, -1429035784L, 
-654714553L, -119490027L, -1793214227L, -298607721L, 1786819240L, 
1649564367L, 1653805041L, 2032459586L, 2015785712L, 1239228073L, 
-395924001L, 73529723L, -45106558L, 416617066L, 2048620088L, 
1072007242L, -779437300L, -950447983L, -1410461216L, -1250688121L, 
-609791532L, 1847321347L, 210519638L, 115047746L, -1281386643L, 
1088077555L, -334162650L, 779106180L, -598040885L, -871863544L, 
-1153457132L, 945394320L, -1354485064L, 810036499L, -1482461083L, 
918119551L, -1934140014L, 226186773L, -1353213971L, -1469537715L, 
1042147716L, 582882991L, 1524769102L, 1982369865L, -1814582980L, 
-867494973L, -1219498097L, -610342656L, -1895648443L, -1693482891L, 
-564398556L, 545726012L, -1520090558L, 1339722060L, 412560718L, 
848676863L, -1748437513L, -1782013508L, -2047397626L, 443917887L, 
-1109495316L, 1215822151L, -269744282L, -865616676L, -1932014774L, 
-2052214529L, -1785528414L, -1963993737L, 1548108241L, -1709703912L, 
-262476799L, -1188105316L, 2146227664L, -2031869920L, -1902304233L, 
-1466833531L, -1185175503L, 972416060L, 267315628L, -1507384981L, 
1121651079L, 1965126240L, -27107148L, -36408659L, -740623563L, 
1509969979L, 264074488L, -1834762407L, -743177229L, -1731905022L, 
-450323944L, -1439972818L, -1154712265L, -1347925986L, 869972171L, 
203188906L, -1808651775L, 433684184L, -1165126609L, 1115749198L, 
-1342410100L, -40981325L, 67308640L, -1283048226L, 1059137098L, 
1693876063L, -309187305L, 1199243636L, -582833876L, -843197219L, 
-1609077343L, 904383668L, -100562451L, -1460573987L, -61569521L, 
-1383993183L, 1815949319L, 834403017L, 859689423L, 927441082L, 
965751006L, -102330389L, -666017608L, -1151379380L, -879498679L, 
-640139295L, -1351867942L, -1942265045L, -2122895139L, -1471632569L, 
-629695890L, 1790325140L, 1014959684L, -1058288129L, -1644964133L, 
-1385599640L, 964860571L, -621046469L, 412629774L, -1380171043L, 
-572158808L, -393896738L, 1129215485L, 1044934064L, -1057696665L, 
1661704581L, -1437023197L, -1069459511L, 2035595810L, 1121954677L, 
-982563245L, 702907060L, 1533899880L, -73861324L, 2027048831L, 
392413632L, -1786681740L, 1624872233L, 865648155L, -652250896L, 
-176333809L, -2008267150L, -312405288L, 1186628321L, 1653357059L, 
-1318674142L, 1362334185L, 1383942481L, 1699843091L, -1176758093L, 
-380418126L, -9911990L, -1477379372L, 691070453L, -349382237L, 
1710508297L, -1152728365L, -1710630312L, -511207821L, -1780221773L, 
77332808L, 2140469484L, -701520643L, 1138526919L, 1064269053L, 
-1728629642L, -1673638299L, 1614725543L, 1878201431L, 175322801L, 
1264362574L, -210630461L, -635706931L, -1646687371L, -1197813821L, 
1123234436L, -1784170638L, -1152468103L, -1471626173L, 1382880445L, 
-1570146130L, 17183225L, 215867904L, 1068901592L, -669661305L, 
-693225660L, -1875701955L, 1450685481L, 1706752005L, -1653114112L, 
1785997925L, -1647540643L, 542423819L, 1156364027L, -1055637515L, 
221307483L, -55587846L, 1910323256L, 696794390L, -1482623356L, 
-871331003L, -1636312802L, 482521803L, 331533805L, 1629582015L, 
-925427705L, -1256351747L, -75703516L, 382347156L, -1971724859L, 
-1061208171L, 998816771L, 623366353L, 589106096L, -968818629L, 
1306533301L, 1342739185L, 952347483L, -877689868L, 1240533065L, 
-601580527L, 1228469354L, 1303874231L, -325644700L, -24397031L, 
1901840262L, -751636357L, 1578002206L, -441310011L, 1378413056L, 
873558969L, 1403970107L, -278223538L, -1230325088L, 900271871L, 
-652359883L, -1903378982L, -384645039L, -1445333149L, -364560334L, 
-2018212483L, -904219888L, 1095442429L, -2067167351L, -425970335L, 
256946760L, 2083705458L, -1340771440L, 961393112L, 1111147609L, 
1087095915L, 892949107L, -1985186234L, 1460598673L, 665858676L, 
-1442654955L, 1700607213L, -612851991L, 1338111306L, -2035291322L, 
-1902588528L, -1500921349L, -1352090018L, 800136230L, -390268147L, 
-133848165L, 856989244L, 1811854440L, 1383209164L, -146028257L, 
-871176210L, 578841675L, -437610566L, -1205508471L, -168619299L, 
-1359563676L, 146661098L, 361679505L, -1729642706L, 285430333L, 
-1062166959L, 1720249922L, 262229239L, -1596957762L, 348908316L, 
-754500044L, 805774201L, -495988860L, -1008467301L, -590655176L, 
-223206994L, 1729289774L, 1056394324L, 652495741L, 941025025L, 
1870388036L, -553802590L, 1773559873L, -1529561459L, 1420820715L, 
984858436L, -1231167431L, -1620460308L, 828909836L, 1086688573L, 
1720055883L, -990665686L, 1491444582L, 1424813722L, -684030241L, 
1464826067L, 834253068L, 1522935660L, 1854205108L, -1829892128L, 
-853413399L, 1947285518L, -2059081457L, 1854936180L, -1955044965L, 
1847478000L, -1847237083L, 736249392L, 1224096168L, 858190377L, 
-1526680333L, 1176597552L, -1184901917L, -445405507L, 1821093552L, 
1976957082L, 1362827638L, -832466833L, 623355121L, 1836445677L, 
133408212L, -1557352500L, 619737739L, -663621725L, -1403245652L, 
593858769L, 447093113L, -2116331625L, 1348524554L, 179198610L, 
1356252114L, -1651284553L, 1961296890L, 207676100L, -16758678L, 
1750627013L, -657169519L, 1015033918L, -959158624L, -584984380L, 
-607789319L, 1734449245L, 1387343636L, 615018705L, -1191396735L, 
540085173L, 521691041L, 2054518932L, 377643109L, 232660632L, 
672600814L, -884838283L, -1759469014L, -508548542L, 1098865385L, 
-1896551746L, -1209235639L, 734680334L, -478803294L, 586184912L, 
