.Random.seed <-
c(403L, 20L, 1442206891L, 1515263433L, -1591567912L, 2083131526L, 
406429025L, -1793806093L, 807993186L, -914736684L, 1599933655L, 
-605991219L, -167303580L, -1474780086L, 1374417333L, 1293483279L, 
848329238L, 996611264L, -495275389L, -664068447L, -171798384L, 
2145876846L, 615343385L, 1174771115L, -1909656678L, 382970716L, 
270297695L, -1651256779L, 1258797516L, 607392034L, -1124281475L, 
202289271L, 1293497758L, 472009816L, 33044923L, -1860468903L, 
-1899332376L, 362390806L, 167409297L, 1055406915L, -1485281710L, 
884869348L, -1388586201L, -2019954819L, 235176564L, 1995283546L, 
-1236065115L, -159023425L, 1069098310L, 83422160L, 1517102579L, 
-490401519L, -647791296L, -517489378L, -281368087L, 741051163L, 
532976938L, -1915400628L, -1159898609L, -1475248827L, 368697084L, 
-863144622L, 33372877L, 75502215L, -579144338L, -1581437112L, 
-1699194037L, -752434519L, 1220274168L, -206141658L, 249903169L, 
1624840659L, 1312535426L, -1848297548L, -1231245513L, -2061621715L, 
-744138940L, 1220043882L, 1522515669L, 492779631L, -1123550858L, 
813318816L, -1083609245L, -1354292223L, -77541520L, 1948534542L, 
1233576313L, 2070574347L, 751611450L, 397018428L, -1215001985L, 
-1582067243L, -208572436L, -101625534L, 1904463517L, -490681577L, 
-2106901890L, -1408374216L, -1872155365L, 1619139193L, 1054283464L, 
1312173814L, 481077041L, 1202405219L, 284202290L, -1080400252L, 
1536406215L, -1914744419L, 1383519508L, -943752262L, -2112418299L, 
1084075999L, 235947622L, -1130958352L, 336011027L, 1509335217L, 
204170080L, -966840066L, 133939337L, 2064814011L, 1133279626L, 
-2039854996L, 1472702959L, -1488756187L, 17118940L, 1250929842L, 
2074156973L, -1680424089L, -114278258L, -813179544L, -104759957L, 
1796787977L, 1830855064L, 663431366L, 248674849L, -1973861709L, 
-549318622L, 1211173396L, -611299689L, 384573581L, 1044944292L, 
1003952010L, 1580930037L, -943302065L, -289776298L, -707094528L, 
1916717379L, -281213727L, -35463600L, -1064451410L, 1046955609L, 
1578307179L, 1998136282L, 700347548L, 268017311L, 1413428469L, 
2129163660L, -2013089694L, -803102659L, -1218274633L, 845939038L, 
1335273624L, -1408764933L, -1849998951L, -245104088L, -166104362L, 
244119377L, -1539360253L, 817606034L, -1373652188L, -975774233L, 
-68306371L, -745909068L, -1972382950L, 485357669L, 1091547391L, 
1531888006L, -2048772336L, 946049971L, 572936273L, -2047122432L, 
-91429666L, -2045389015L, 1413671643L, -586153494L, -1930090100L, 
-1601401137L, 938750597L, 1195886908L, -1850821614L, -1437918451L, 
-6535097L, -21747154L, -1125936248L, -1146012021L, 1230860393L, 
-27861960L, -1922061082L, 1974293633L, 1970865171L, 1829163970L, 
-1878619020L, 891978359L, -704816275L, -1620681724L, 2065782570L, 
972924053L, 1720767279L, 457867830L, 774444640L, 310527139L, 
-2147233855L, -1751331920L, 970534606L, -4518855L, -1138093493L, 
729270266L, 1338622716L, -1761622209L, -415373291L, -2111153364L, 
2117840898L, 1018436317L, -1160330793L, 1219267774L, -1849555208L, 
-1478249253L, -855333063L, -1564421496L, -1190303264L, 1167884194L, 
679120808L, 865203340L, -1994050628L, -1901062030L, -1899351056L, 
-770129852L, -1473538984L, -796684230L, 762937456L, -425938372L, 
-1547912428L, 1527414466L, -1966522656L, 928461948L, 798867664L, 
-351833182L, 1888834088L, 2084709644L, -1841538116L, 2124956978L, 
1346669760L, 1950801460L, -149317944L, -195193158L, -1439162224L, 
1593801452L, 819505748L, 1226509970L, -1206781152L, 487844812L, 
-114737952L, -838210878L, 1054302248L, 2041465772L, -28222788L, 
2047297010L, 630761008L, 589787044L, 593921464L, -1129283750L, 
-607299440L, 91163516L, 389964564L, -1205649086L, -1964014848L, 
1643089852L, -886738096L, -1393789662L, 1426398792L, -1082218484L, 
508285020L, 234928594L, -969344512L, -1632042668L, 1057121512L, 
-249611014L, -948881712L, -1615696596L, -290027276L, 1496683922L, 
1295808864L, -2009860084L, 472137440L, -1118004638L, -1762312536L, 
-470231476L, -844227716L, 1784378674L, -504717712L, -943809724L, 
2003153880L, -294912134L, 1746047536L, 1229851580L, -965975468L, 
483011650L, 1318795424L, 601866940L, 88399312L, -1486235806L, 
1094685416L, 93938892L, -2088358404L, 320657906L, -284281216L, 
2013201908L, 461369992L, -1593161926L, 1899208528L, -1257288596L, 
-2068984428L, -415847342L, 733460960L, -1077594932L, 591491232L, 
894609794L, -1562281752L, 228401900L, -1374415556L, 1765952626L, 
-685628304L, -1210078172L, -1219076040L, -1471354086L, -1724752688L, 
-122365124L, 686024596L, 1249292162L, -91621952L, -514817476L, 
-1835550320L, 96451106L, -497718008L, -165496180L, -1577920740L, 
1242476690L, -612867712L, -1831747052L, -463281368L, -1705089478L, 
-174237232L, 1924912492L, -994413644L, -2026726382L, 991334880L, 
-1890819124L, 447754464L, 704210978L, -1619845848L, 74528268L, 
-159505604L, -253111310L, 240074480L, 463653444L, 1828580952L, 
1310921530L, -1341943312L, 1043939004L, -2043208428L, -1955438910L, 
1667047520L, -1430476932L, -1633657904L, -2072060638L, 365766312L, 
-473199732L, -1118913348L, 2041898802L, -1615203776L, 1538627764L, 
-868021688L, 79494586L, -1812925936L, -217276692L, 946826580L, 
-253102830L, -442730080L, 672521932L, 848512608L, -658345022L, 
127550248L, -755041364L, -816181444L, -1738736270L, -573870288L, 
-86100700L, 501930808L, -1583743270L, 1359152016L, -844768516L, 
-858401900L, 804491330L, -871718656L, -1349331908L, -1167063728L, 
432890018L, 20340040L, -766526708L, 1866334940L, 1776763218L, 
1995563136L, -481883052L, 451443688L, 1422791930L, -1907671216L, 
-2145808596L, 1270431092L, -1888755822L, 1198783584L, -935357044L, 
1681558368L, 708716002L, 1345381288L, -1653546804L, -524420100L, 
1039536562L, -2143281680L, -834814012L, -2036702888L, -1338788486L, 
814497712L, 1894389180L, -431037356L, 962561986L, -1761200096L, 
1761298620L, -810953136L, -83300382L, 1983510632L, 209313868L, 
1282426108L, -695494670L, -291238656L, 1960047988L, 800008200L, 
-1531841606L, 191620560L, 1885351916L, -472871532L, -1327359534L, 
-1561722528L, -637310132L, 348256544L, -43468926L, 1876264680L, 
-1136652486L, -929390097L, 298120313L, -1891989746L, -246840612L, 
1926447437L, -1830740809L, 609355328L, -2026485986L, 1483316715L, 
1044390253L, 1290108890L, -775288424L, -525805567L, -1314481741L, 
-983256876L, 991385058L, 598786167L, 481437121L, -238006458L, 
-443778428L, -1923972043L, 897655839L, -1661672584L, -297874858L, 
763500259L, -529067867L, -253329086L, 1975977776L, -207858855L, 
-833709877L, -1032083140L, -1019943574L, 813461407L, 246061609L, 
-734870338L, -543990356L, -1966832899L, 558739015L, -1034744528L, 
1200307790L, 89771643L, -1735762467L, -1676239862L, 1450687784L, 
126350225L, -1089780349L, -198335868L, -318127950L, 1060388871L, 
1355193425L, 1798663126L, 1620325044L, -1916898619L, -502647793L, 
411399304L, 1329862054L, 1163935059L, -383543627L, 739134482L, 
-2125181472L, -510594999L, 1815426683L, 766050124L, 639146714L, 
1064591055L, -978538855L, 1640731310L, -1022808132L, -1660864467L, 
-319625257L, 719048224L, 16994174L, 1888612683L, 403772237L, 
-241585798L, -77888584L, -68781727L, 128795923L, -664744652L, 
1685583682L, 668329815L, 4077217L, -1688168602L, -1550626460L, 
-818670443L, -804143681L, -547094184L, 1016803190L, 1468751235L, 
1215870917L, 919858402L, -732202672L, 1874765945L, 1770154923L, 
903852316L, 1142208074L, -1913769409L, -1405335927L, -182226274L, 
-2019807412L, -684423395L, -1620859225L, 1546038736L, -1243351698L, 
1209509915L, -2042017411L, 1793806186L, 248470024L, -965812559L, 
-1061603037L, 403089956L, -2132918062L, -57542361L, -818367631L, 
2095727030L, -1051838124L, -290818075L, -944799249L, 610937128L, 
-1907605114L, 1260375475L, -1042706155L, -1984388238L, -1476587584L, 
1077846057L, 715553947L, 1115470188L, 1671786874L, -1157266769L, 
-1964631623L, -1017609266L, -458278116L, 774410893L, 567483127L, 
-212972032L, 335046750L, -1838480597L, -1380298707L, -1723533158L, 
