.Random.seed <-
c(403L, 10L, 1303505839L, -646574235L, 156296476L, 1449405810L, 
1316464109L, -927815129L, 70519374L, -619852120L, -1218018133L, 
1389471177L, -1045796392L, -537771898L, -1489547935L, -1911144205L, 
-1483542686L, -847181356L, 730807511L, 1150353101L, 483178084L, 
-1333087158L, 1682407861L, 1020792079L, -2116720106L, -599776064L, 
-1981996413L, -245649759L, -849469296L, -847049874L, -409217767L, 
-1500174933L, -265231462L, -66405540L, -1108157857L, -1632468427L, 
1374702028L, 1681801506L, -1232731267L, 1710301303L, 1657775518L, 
512171096L, -46872133L, 371691353L, -1049465624L, 516404502L, 
-716839279L, 1862183747L, -1085704622L, -778381084L, -368669913L, 
1273462653L, -760917388L, 376720474L, -17410907L, 1159163583L, 
263689542L, 2023332816L, -446745101L, 1753530641L, 1882672448L, 
-106722018L, 1885125097L, 810613531L, -510466774L, -648430004L, 
922520079L, -2130457275L, 1727401724L, 498034002L, 1655573197L, 
-83385721L, 1283384686L, 1205870408L, 1611410251L, -1450143063L, 
-1641490440L, 1208907558L, 256354369L, 267995603L, 1782588290L, 
-1835513932L, 1688166199L, -538069459L, -277149884L, -503679894L, 
-1228886315L, 966043759L, -1984566922L, 376607392L, 1925250915L, 
-1565748223L, -2119065744L, 1362925326L, 1680691577L, 590734603L, 
-1178026438L, -960285380L, 1060797055L, 721674709L, 72712172L, 
942645570L, -1669685603L, -697451753L, 1433152126L, -25724360L, 
-208487141L, 621079161L, -1777031480L, -40485130L, 1430574897L, 
-471625885L, 562963762L, 800421508L, 173351623L, -1558019683L, 
-2093480684L, 1769556922L, -540901883L, -746831905L, 1972680294L, 
-118070800L, -142381293L, 1824862385L, 1625183072L, -1039417090L, 
659927177L, 661086139L, 1071868298L, -2105862036L, 410597871L, 
-248352219L, -539023652L, 1605090482L, 216125357L, -2090626201L, 
-1962905458L, 314117480L, -1552036501L, 1152065289L, -1890373224L, 
1811142854L, -72685023L, -1037700429L, 944586786L, -1298474476L, 
-1757012329L, -1580904307L, -1623988828L, -1058461814L, 587711477L, 
1010035279L, -1633260202L, -2132654080L, -1485104829L, -663595807L, 
1893854800L, -632950098L, -554822055L, 720363115L, 1464439770L, 
-1546681188L, 1814515359L, -1866709771L, -229481076L, -1916755870L, 
219066429L, -1252119881L, 2121584990L, 387078296L, -1965136901L, 
-1113583207L, 521187880L, 1841726166L, -1469814959L, -994604541L, 
200818066L, 240159524L, -1096798745L, 917973565L, 428565684L, 
-1570364646L, -566212507L, 2005475583L, -753528442L, -1206728944L, 
-280017997L, -1918861231L, -1335913472L, 545035486L, 1187391273L, 
-1831044389L, 2012074474L, 769792396L, -1011982641L, 51946117L, 
7387452L, 205300754L, -684176627L, 836769863L, 437631534L, -936811640L, 
-1324437877L, -553648023L, -256275400L, 1434959078L, -877755263L, 
-1206299629L, -1027341374L, 1347148916L, 239645303L, 2120911725L, 
1946971140L, -810350806L, 1923781781L, -1443855569L, 118043190L, 
303220320L, -1396271965L, -1571045439L, -139191376L, 1123630798L, 
632847417L, -890478005L, 1378588666L, 623948540L, 1563735871L, 
-1949108203L, 1877216044L, -15972056L, -1657757638L, -1564928048L, 
1723091564L, -2076046284L, -1819642734L, -743293600L, -1208594100L, 
49261024L, 78749602L, 1356066728L, -420645748L, 966054844L, -1921369998L, 
115758064L, -641580988L, -1666599848L, 146755642L, -657678224L, 
-1480863172L, -2039071980L, 543973058L, 1621647072L, -306555780L, 
1054097616L, -253193310L, 670208552L, -1117805300L, 1030224828L, 
-738425550L, 711855296L, -763134412L, 1815819976L, -293759302L, 
-1500168048L, 502463212L, 96954964L, 316321426L, -925951200L, 
1242098636L, 1515437280L, 606792386L, 805625896L, 1283754924L, 
76544700L, 2103567858L, 973325872L, -365203548L, 486786488L, 
515448666L, 204871824L, 732146556L, 70902548L, 1277649218L, -889814272L, 
1938829244L, 1963815760L, 2052912418L, -322658744L, -1952716788L, 
-804728740L, 1335884242L, 1713912320L, -841932460L, -1352162072L, 
-1837835014L, -872393008L, 541527340L, -1286690572L, -961219182L, 
-1905551008L, 1089812492L, -550076704L, -129123742L, 1993776808L, 
252696140L, -995771524L, 1004762418L, -105660816L, -352076988L, 
-1222224936L, -1929437318L, 1469166128L, -2146841668L, 2131518036L, 
496127042L, 1207261344L, 1540178620L, -74490416L, -1779869854L, 
160781032L, 1366877388L, -648647172L, 943167986L, 512734848L, 
-329619980L, -1869278584L, 159991610L, -2027086000L, 1331743852L, 
1159851412L, -776893358L, -1123067424L, -1325378356L, 1952247968L, 
413100418L, 808155368L, -493853972L, -1970047684L, -2071278478L, 
-1840970640L, 288058404L, -1781997512L, -306574566L, 596016336L, 
566868796L, 1688709012L, -1707544702L, -1752132160L, -1191271876L, 
306837904L, 84072994L, -1085952760L, -1884874100L, -357976292L, 
1274499218L, -1449008768L, -1101217260L, -1928625368L, -882399686L, 
1615395280L, 696677740L, -1440640076L, -137249774L, 2089103840L, 
1008403404L, 1532850400L, 666855458L, 1321213224L, 470726156L, 
33137468L, -1271032846L, -1896685840L, -1014052284L, 1820036696L, 
-1762045126L, 214766064L, -1915593028L, -319636204L, 1724268226L, 
1620934752L, -1657616516L, 2025561040L, -1822884574L, -329087320L, 
-1185387636L, 2138766524L, 183265074L, -1023618496L, -1452296012L, 
-1800811960L, -1919361606L, 540807696L, -1385177364L, -2138731180L, 
-1675684590L, -27510368L, 211001036L, 931448416L, -340519998L, 
-1301839064L, 1750358956L, 879857468L, -1442570894L, -1996320976L, 
590959908L, 1000627000L, 352206554L, -23664L, -1025934596L, 234443668L, 
1991036994L, 54968576L, -1592658884L, 303220048L, -1348829022L, 
841301320L, 2134784780L, -991370532L, -1271594670L, -786202496L, 
1619815508L, 166640616L, 811226362L, -254091440L, 1060908844L, 
663706996L, 561348498L, -962331552L, -886360692L, 1967590240L, 
-815389214L, 512631720L, 1156915404L, 1954094076L, -572542542L, 
610057712L, 373317572L, -1478991528L, 895563130L, -2111717456L, 
-2049206852L, -1670962092L, -1072584766L, -1021962208L, 1268672700L, 
2091587152L, -1181069342L, 756988008L, 875634764L, -620772100L, 
-1306445838L, -1264440064L, 1422800244L, -117413880L, -1053944902L, 
-1497160240L, -2143246650L, 209790835L, -1190936619L, -390514766L, 
-867323520L, 1953745257L, -496706085L, 499684652L, 967253818L, 
-1125887505L, 621651065L, 1195939598L, 988926684L, 237072717L, 
1412017335L, 1594357312L, -1144350946L, -406573589L, -1845505683L, 
314470362L, -80791144L, -1634678783L, 1780885939L, 1405427924L, 
177055202L, 137506935L, 885642689L, 1432321862L, 1725663876L, 
841659445L, 1928360991L, 1885524856L, 1107008086L, 802776803L, 
-416792411L, -1184198334L, 1179817776L, -242228391L, -922933045L, 
-71182020L, 580031850L, -1770643553L, 1333865001L, -1494616898L, 
661499308L, -170732803L, 987897415L, 914144560L, 2010697294L, 
-78922117L, 354340317L, -1082151926L, 476957992L, -86916207L, 
-1382214269L, -187190652L, 1302950066L, -1874866169L, -1787048879L, 
1441422294L, -199433548L, -885144891L, 1348183055L, 57853064L, 
-740268634L, 363375955L, -207083851L, -1900831726L, -137380384L, 
1631559753L, -1456503173L, -540946612L, -894334246L, 943361743L, 
530579097L, -1076698450L, -548782148L, -274675667L, -1153501225L, 
864255520L, -354803842L, 1248092491L, 240968525L, 1896604026L, 
1264997304L, -1947989663L, 1456477459L, -1354646220L, -1042471102L, 
1379301207L, 1013982881L, -878803098L, -2094554780L, -534535019L, 
977792447L, 151032152L, -1352974474L, -1360048765L, -1616517179L, 
-2071208734L, 178055504L, 1894250617L, -2049442901L, 663836L, 
1192617546L, -552803777L, 798914185L, 1602265758L, -1620312244L, 
486340381L, -111454553L, -327705136L, -1975909010L, 1691334683L, 
1923783037L, -695484566L, 1965074952L, 826445489L, -619247325L, 
1770338852L, 1415098578L, -1713870553L, -1468267663L, 1663726006L, 
-1360492204L, -1538299931L, -1605807633L, 1475189032L, -1397460602L, 
718880179L, 891445525L, -1737649294L, -1978376256L, 2083754025L, 
272534683L, -43824788L, 317579642L, -1244351825L, 462735801L, 
-45313074L, 1938869020L, 233251469L, -1122882825L, 822656512L, 
1234262110L, 1342198571L, 1201569837L, 1995171994L, -916161448L, 
