.Random.seed <-
c(403L, 376L, -796932068L, -682434464L, 452692699L, 1372616384L, 
2122566279L, 1754612477L, -1696096394L, 1543550589L, -540038454L, 
-1080627994L, -281718463L, 1257473838L, 1639463465L, -1919805401L, 
1544218856L, -689047761L, -112028424L, 72441044L, 904674959L, 
398137172L, -1604103117L, 1662952817L, 703009978L, 891005137L, 
472722174L, 2060504002L, -904182243L, 1466860282L, 44336285L, 
-855964061L, 544555300L, -1818366981L, -1792991292L, 130133480L, 
1429741075L, 1832565464L, -526242833L, -1966623995L, -1134648562L, 
2040396389L, -41452270L, 582634654L, 596040377L, 576464646L, 
1716203233L, 2108293231L, 1567240048L, 1633083015L, -1149010512L, 
-1209243540L, -1470969449L, -512900644L, -1858481493L, -699586935L, 
175999138L, 557821065L, -957868714L, 771074771L, 556326913L, 
-1657916876L, -1401872106L, 177997584L, 2029958978L, 1108393851L, 
-1127330535L, 1725085757L, 54607099L, -1770341326L, -833026136L, 
-765229310L, 1866513276L, 952506153L, -1292929301L, -1831519225L, 
-1238808019L, -737954800L, -1891892974L, 1455197956L, 1715602206L, 
1505832015L, -1942479339L, -659585215L, 1361740407L, -1323117346L, 
-1733802156L, 1999221430L, 219543688L, 1855343933L, 1293498551L, 
-1761104453L, -981694407L, 566611212L, -435879538L, 829622728L, 
2073640346L, -1385965725L, -2145392175L, 2847749L, 545094979L, 
-242919430L, 184030704L, 301516170L, -1261275596L, -1761349311L, 
31368867L, 1871740559L, 443939173L, -62789880L, 2037615402L, 
-1563131876L, -917929578L, -899284713L, -1881529875L, 770388073L, 
602644831L, 139002630L, -1676982180L, 510786526L, 497062976L, 
466302901L, 373971823L, -1365398877L, -1334531727L, 1260971108L, 
-690485978L, -1253894304L, 926225586L, -1106848885L, 1146619593L, 
-1254055699L, -1641292693L, -1730873918L, 495590360L, 1204322354L, 
-1305255732L, 1951291705L, -2024676997L, 1285769239L, -445560707L, 
-594617696L, -1621966046L, 554521620L, -1267467058L, 1374115551L, 
-1014247483L, 575503825L, 1632649863L, 1497850446L, -1175424572L, 
1864339622L, -537320072L, -1026745843L, 2059734247L, 371988427L, 
-1890277463L, -879729860L, -1074318882L, -1839405864L, -1551356086L, 
1103531571L, -1437338175L, -941574347L, 1037599283L, -92752310L, 
-60379616L, -1050993670L, -1462137276L, -1212818927L, 581459059L, 
1730514463L, -701844491L, 1150596376L, -411686470L, -868183700L, 
-999046266L, -1404693401L, 641220957L, -982342855L, -631442513L, 
2065739830L, 67373196L, 255022990L, 1921274352L, -1182419515L, 
-796074081L, 126398835L, -853973343L, 264234324L, 345007350L, 
-1404754256L, 909333218L, -616831845L, -1965366919L, 1313564637L, 
1688299803L, 1990401554L, 958340488L, 1871348514L, 1189941340L, 
-865498487L, 2064117899L, -1430496729L, -1777662707L, 1280660848L, 
1193798642L, 157747492L, 126866622L, 976535535L, -1393140107L, 
-728624479L, -1529287721L, 975052222L, 1011541428L, 1691960470L, 
584638696L, 1480847773L, -474914473L, 262909787L, -1348426663L, 
-804393428L, -486291538L, -1267506584L, -1733455494L, -790375037L, 
1169497393L, 1749916069L, 1277286307L, -1857335270L, -512031728L, 
1195123178L, 1808776852L, 176528033L, 2005842243L, -1756050961L, 
1377743173L, -1843363480L, -1825122038L, -1851768068L, 1601652022L, 
1398217207L, -1329572595L, 1416688841L, -33590145L, -255337050L, 
1280736060L, 1894377022L, 21299744L, -872385963L, 2122088847L, 
1051372611L, 619394193L, 621073412L, 1243086470L, -2086439552L, 
1074082386L, 1470375083L, -724863831L, 291568397L, -97389813L, 
-1382578270L, 1637937336L, 1864475346L, 1413135532L, -2104786279L, 
-1095610469L, -436971209L, 1265083741L, -1446846976L, 984373378L, 
1807855668L, 1442353006L, 934809727L, 264282021L, 443527345L, 
820015463L, -13197650L, -1354756956L, -675447930L, -2132624040L, 
-1294202643L, -1821698297L, 1378739435L, 279963721L, -1699628196L, 
323667271L, 769712924L, -1609741604L, -448259680L, 1070824650L, 
1730676811L, 1024462475L, -1520345089L, 823540301L, 900658410L, 
-1137023066L, -719414098L, -60060004L, 502694533L, 1414701649L, 
-1388420151L, -457699541L, -498552400L, -1698374168L, -988843444L, 
346078606L, 1792555903L, 1275495039L, -353574229L, -1724855127L, 
344182502L, -1751710838L, -764568942L, 592321768L, 770393873L, 
1110010909L, 609266413L, -1880215649L, -733494044L, 983822852L, 
-2024536584L, 1868563810L, 375838227L, -837620301L, -835148617L, 
1424154421L, 1754342050L, -562993554L, 488940326L, 1341127956L, 
-1191806579L, -1997344295L, 107823409L, 1742482451L, 2054157320L, 
-143866688L, 1854653012L, -863696938L, -1660353097L, -1709867113L, 
-261892109L, 1982187201L, 310996238L, 185948322L, -1151921190L, 
1738071728L, 1557655017L, 1588391669L, 941848389L, -179183785L, 
-1130089972L, 807579852L, -1263237968L, -1853360934L, 1116267899L, 
-1701001029L, 946852111L, -965744291L, -1748648038L, -338810346L, 
222401982L, 1113523916L, -526879467L, 1690582465L, -186174055L, 
1161509051L, -296047936L, -1926765960L, -52550404L, 671013950L, 
-926913233L, 698701007L, -765984357L, 1758130425L, 1363098998L, 
805792122L, -154960670L, 1241997528L, -539069823L, -1029974899L, 
2140256093L, 1685047247L, -1660078732L, -1809293868L, -190722008L, 
-2106254574L, -1722043741L, 1921406339L, -262330521L, -2111893083L, 
1305412594L, -900420802L, -435880874L, -1804415260L, -905081859L, 
-395301079L, 1572372577L, 1355812227L, -1129642568L, 1447890032L, 
-1611200028L, -413427162L, -427847481L, -945473017L, 340933059L, 
-477201551L, -1808357698L, 1299972914L, 547301386L, 529555136L, 
1886439161L, -1084579067L, -1512337259L, 1425807975L, -1543449540L, 
1241728700L, 1553706432L, -1595869910L, 1303577515L, -1316554709L, 
-714274337L, 1707036717L, 1340892874L, 226772422L, 161101902L, 
1630564476L, 1866175973L, -349776143L, 415292585L, -909503349L, 
-93606128L, 248165576L, 717998572L, 537861294L, 1465348191L, 
1038909343L, -1993726517L, -416449079L, -317306L, 1719975850L, 
1448522034L, 1126432072L, 1008254577L, 776273533L, -1153488819L, 
319193791L, -360319484L, -773096988L, -332673704L, -979926462L, 
-755990989L, -734255085L, 72063959L, 1196926037L, -2095447871L, 
-481419972L, -1098115587L, -2133342766L, -1153748601L, 1254035830L, 
647657245L, 849474470L, -1924324623L, -171825416L, -820806347L, 
1334428934L, -1193748529L, 1935695050L, -804920239L, -277141466L, 
329470377L, -62046788L, 1243235357L, -1152459830L, -969390545L, 
-1728411802L, 99327165L, -1133422506L, -132541167L, 303327528L, 
490842557L, 1283259422L, -1758354961L, 1062075738L, -1405533311L, 
-1426471314L, 1670839169L, -1106195540L, 2001005341L, -956451438L, 
-1334344521L, -293287338L, -749548611L, 626608358L, -1119870383L, 
-232300696L, 1522848437L, -1617042074L, -526123633L, 1427275082L, 
348793377L, -426569290L, -1628925015L, -1100531652L, -695457715L, 
11019850L, 624218047L, -2107882058L, -1736207315L, -1832255162L, 
-437949471L, -482745784L, 1326296580L, -1995062374L, 1576706313L, 
-1509374567L, 1379167914L, -662223872L, -1732451943L, -1994165303L, 
1015839856L, -2065314078L, 1632845093L, -751184951L, -1454628718L, 
-487117412L, -359604619L, -1640147639L, -678598012L, 419516282L, 
688227489L, -1624724095L, 658328354L, -204936256L, -1282691815L, 
-1162649375L, -1860430792L, -765110750L, 1233044437L, -1861701487L, 
1038001610L, -1290663308L, -1097280595L, 2030174193L, -542245228L, 
1497145130L, -653639127L, -1068945927L, 1441919066L, -751462720L, 
1851318377L, -1402688311L, 1584011680L, -1351959598L, 355534789L, 
787986393L, 2146109410L, 675769292L, 1586304901L, 156706633L, 
54051924L, -1601384054L, 958821713L, 2041719153L, -114931230L, 
1131335488L, 690159849L, -1878428975L, 1584407224L, -1282086990L, 
-484757707L, -1174717487L, 1515557770L, -1158958156L, -66570355L, 
187820513L, -584849628L, 52605402L, -1178682199L, -230221287L, 
-763043318L, -1253696544L, 2040204857L, 1232662153L, -347872752L, 
497502530L, 1669521125L, 514410441L, 264194418L, 568057916L, 
-1833691307L, -1595069911L, 61244196L, 1322642970L, 614021857L, 
-1105428447L, 1218736066L, 832298016L, -1882154311L, -857056351L, 
