.Random.seed <-
c(403L, 480L, -90831096L, 599915844L, -1998931338L, 1220935777L, 
-1814775696L, 391689048L, 1829652105L, -1186289746L, -854806684L, 
675178263L, -1108697997L, -1044618601L, -1188811840L, 1674233296L, 
-1205493460L, -1248234428L, -250760035L, 1250525895L, -1537113397L, 
-646660738L, -1663783861L, 978289903L, 1560387789L, -549996711L, 
1645232482L, 364762612L, 976994515L, -1227586182L, -437476140L, 
-656196393L, -1256254716L, 126846864L, 1774579954L, -1919162770L, 
539978061L, 1941914796L, -1120825183L, -1561117301L, 1027298054L, 
-1130607357L, 935214749L, -1714195231L, -1012197177L, -83377512L, 
1975251036L, 91537690L, 442866098L, 798160197L, -1216485898L, 
-1421449693L, -1217002265L, 515712045L, -215796352L, -1008379704L, 
1637142363L, -1110028136L, 1356278611L, 382403755L, -1344887484L, 
-904135674L, 1746370496L, 730826387L, 1807097738L, 287517088L, 
2109278529L, -868674437L, -554304365L, 538625716L, 1737569488L, 
-721054774L, -175954567L, 629266849L, 873238071L, -1371472727L, 
-894664501L, 2015019916L, 1516142723L, -1845233846L, 1567039164L, 
-1937009034L, 875836728L, 1305356169L, 595282048L, -1307954335L, 
565024400L, 1808817729L, 1998371428L, -537960947L, -460129470L, 
-2087639729L, 259097569L, -1264928601L, 124326883L, 858456956L, 
-1017586806L, -674699500L, 1631199257L, 591792797L, 1070184718L, 
807033369L, -1543695290L, -591765858L, 2025078616L, -2059526161L, 
1093641755L, -1118744509L, -399853559L, -50761184L, 924111488L, 
-1912096915L, 791696564L, -2040190683L, -1826627104L, 1923395236L, 
-568660475L, -136432135L, 528909662L, 1010750194L, -685161874L, 
1796048489L, -617465452L, -1968242804L, 869871459L, 277052166L, 
1867697156L, -2053936992L, 159696742L, 1238956437L, -559186337L, 
68246690L, 851324307L, -1666343437L, -1021786796L, -1710958187L, 
1866198390L, 383426657L, 885992549L, 269973479L, 1462272095L, 
1021262740L, 1801755970L, -1639074237L, -320533299L, 2126880017L, 
-487974106L, 1979433343L, -1934680543L, -1813759507L, -1221215748L, 
-1389657005L, 604981364L, -606800167L, -1148611L, -312696383L, 
408939270L, 22398594L, 307351134L, 1619173211L, -1519676569L, 
-1510153027L, 1185612003L, -721041075L, -1889364763L, -370884748L, 
-514382475L, 1191410952L, -1095498935L, 572349336L, 1947867929L, 
-2129513967L, -1534600297L, -857762379L, -2095751917L, -1846519713L, 
-1110887678L, 1949092206L, 955742239L, 398070646L, -181136184L, 
1359271035L, 1366747431L, -2039430096L, 1059777914L, -1454414946L, 
-1462020593L, 1018263019L, 1547488233L, -1119308953L, 1287050752L, 
-1998045776L, -1398689344L, 702528346L, 1325337882L, 1542531904L, 
-1804348634L, 926554621L, 1962748685L, -120150404L, -2061533222L, 
-1010930221L, -384488780L, 254007247L, -1686326091L, -282432348L, 
-1312266616L, -694211446L, 289707186L, -2013698734L, -1602650483L, 
1691398431L, 1600925859L, 1485541340L, 1793076773L, 2006931782L, 
-1564247869L, 1406427977L, -1678135477L, -123530349L, -1060328435L, 
-1399445901L, -1555757575L, 951949144L, 427970481L, 20295191L, 
-140497933L, 1705531788L, -1941795001L, -1358527311L, 445300600L, 
-1511845029L, -336549304L, 524646412L, 287309527L, 250792827L, 
554819996L, 271785077L, 1289729929L, -739153067L, 891618476L, 
-1365415695L, 2020909917L, -1938197070L, 729531479L, 1982229230L, 
-1238047207L, 302101490L, -986414481L, 1649597889L, -1409493913L, 
-62557011L, -518158006L, -2103984013L, -1171112980L, -1110433744L, 
1527198028L, 290918525L, 1302223104L, -2000325485L, -7893819L, 
-1737744916L, -1175886486L, -1079837196L, 1129313943L, 2020546957L, 
1532708945L, 207338025L, -271540216L, -941249452L, 868675611L, 
-717242955L, -1435595602L, -2117342153L, 1094466495L, -407665951L, 
1883827757L, -721418450L, -1714369346L, 1825993481L, -2073041644L, 
1922568336L, -2065653247L, 1886259283L, -689537804L, -1397048384L, 
-723674244L, -957167563L, -1896041917L, 1200468366L, 2126938583L, 
-215530674L, -297932270L, -1198280258L, -125076033L, -412958862L, 
1945973098L, 1846305353L, 2002387574L, 2026854364L, -1099941885L, 
1143704650L, 1033690899L, -1118454891L, 106022342L, 935307944L, 
-407996668L, 14367472L, 1432937840L, -591874927L, 2124626444L, 
367919237L, -112933482L, -148769746L, -1401668514L, -2118979854L, 
1643859584L, 1449819953L, -58272397L, 147960098L, 1590086767L, 
13804812L, 1536856753L, -728969716L, 1102708444L, 769886409L, 
1325134999L, -950375620L, -1948614620L, -1470807496L, 1745334480L, 
-1961044169L, -1095167739L, -1401548338L, -111456939L, -1165873927L, 
-1907757532L, -1405078150L, 1108568460L, 1140495850L, 252066521L, 
-8270774L, -140564303L, 224400158L, 1949070248L, -1944951236L, 
1514829190L, 1890727257L, -78251977L, -464057470L, -2143838335L, 
1561160491L, -1612896486L, 1417482438L, -1849390440L, 1443561291L, 
-405751278L, -223776410L, -330987870L, 1299272203L, 1874037234L, 
-2086609812L, -657009358L, 652496580L, 975199241L, -713896703L, 
-828649715L, 297619428L, -2070442632L, 373209495L, -306633075L, 
-1483837093L, 1787295276L, -2020905840L, 1135772271L, -1625790804L, 
-595160254L, 1751531856L, 2040988983L, 1215701638L, 684381347L, 
135155801L, -1892705523L, 2083852431L, 1997001605L, -1140589019L, 
85463657L, 1777183746L, 491015632L, -508506605L, -738102754L, 
148596497L, 870362023L, -1943249189L, -299202547L, -722370031L, 
-1144963825L, -508540565L, -1722586795L, 832794326L, -2133204564L, 
-978988315L, -1486461219L, -1940698317L, -782605403L, -897906478L, 
466507517L, -88600151L, -240645514L, -815124132L, -279891419L, 
-1991731806L, -1839870516L, 2007399378L, 1837779560L, -1890727603L, 
-988338295L, -261549672L, -1503484793L, -1595522493L, -224114470L, 
1796379444L, -130263732L, -1494615928L, -1421087290L, 2052084356L, 
1336709295L, 756799629L, -1333736989L, -1483119608L, 2144175855L, 
1276375486L, 468677012L, 1413890248L, 1307365805L, -1507345028L, 
-2110366922L, -682462400L, -1662508701L, 1839562025L, -1016297911L, 
569466293L, 1276088288L, 2005081633L, 96644476L, 222798954L, 
-1943432618L, 1431415537L, -1054189237L, -1376016263L, 424670035L, 
-98971530L, 1428222740L, -653559744L, 1205434462L, -1973474036L, 
1209666763L, 781385656L, -1746904452L, 1948958611L, 709027065L, 
-449362375L, 1889173894L, 1721301515L, -816571957L, -1307107114L, 
-119903183L, 1054628815L, -1003942774L, 890937112L, -1668510169L, 
1933046346L, 1961189804L, -1737222912L, 495074866L, -1146657911L, 
35673187L, 1934400979L, -1081205895L, -121236944L, -1573458106L, 
-852495396L, 215943414L, -280643714L, 1566921251L, 435449666L, 
1070942019L, 1273063765L, -1484231309L, -426466359L, -72466708L, 
-1378411007L, -684646750L, -637398945L, -1769189834L, 2000621379L, 
369366176L, -366480624L, -1813684054L, 2039476555L, 1173494094L, 
-67468556L, 1564820467L, -1477279093L, -1179515974L, 1561246869L, 
-309267074L, 569429666L, -809759797L, 72328053L, 1060030022L, 
1968516403L, -2120995360L, -1050782646L, 1684822141L, -463276854L, 
-899554407L, -331185890L, 65102192L, -861934411L, -1397340790L, 
-280889483L, 2133624260L, -117919659L, -1129895261L, -1443887666L, 
854620626L, -931879611L, -1337655157L, -714914074L, 868512531L, 
1263659029L, 2060905040L, -1743555366L, -143764926L, 1125542121L, 
-2034053430L, -846042319L, 433664072L, -1863234453L, -1308714841L, 
1870142666L, 256142595L, 161647472L, -714739219L, 250939285L, 
-314800611L, -395183196L, -1810106795L, -1620547350L, 1169099840L, 
1887735613L, -1817703185L, -1194387121L, -87352402L, 756509983L, 
1723146415L, -1509955081L, -407457202L, 1637440278L, -675611148L, 
156639766L, 1170465721L, 236347227L, 1897975408L, 1862156485L, 
-1784548485L, -1789221956L, 2092406623L, 1610886874L, 1393609819L, 
-1659403097L, 545090695L, 1267488498L, 703632635L, 1389009276L, 
1159295763L, -1541667137L, 1987790458L, -1466201020L, 19816755L, 
1207545750L, -734248381L, -1898287683L, -1000391047L, -203242536L, 
1264398641L, 362001832L, -1901597526L, -963109232L, -1571690993L, 
