.Random.seed <-
c(403L, 281L, 937187630L, 654279905L, -1230468646L, 1016053937L, 
-1236393239L, -756191573L, -32880868L, -518286221L, -894108267L, 
213144577L, 1077840129L, 1262262765L, 1057633928L, 581159279L, 
209815078L, -720507907L, -643897902L, 1370409396L, 524068344L, 
913656510L, 1946300562L, -1169753446L, 868699264L, 2093402093L, 
-146309055L, -2061787519L, -1317812674L, 647011054L, -73178702L, 
30253674L, 650744079L, -1557044631L, -1352216609L, 181256733L, 
853667109L, -1716171621L, 620259075L, -164201202L, 2080465647L, 
1500434177L, 733961302L, -1464948095L, 953665595L, -341967990L, 
1063534137L, -47111890L, 355657779L, -2017563570L, -667837288L, 
1859962920L, 766692947L, -2079837475L, 576330476L, -466854484L, 
-686486514L, -933162729L, 1842201497L, 1683829129L, 1659211084L, 
1646148779L, -1276576466L, 860043767L, -882753098L, -113861455L, 
-2035102223L, -1372641418L, 779568188L, 696767685L, -1010209252L, 
1054006234L, 630216361L, 452931891L, -1243605439L, -1152388164L, 
1266465655L, 1055538821L, 1493747649L, 1384292306L, -1564660055L, 
1653381138L, 1882266934L, 554556665L, 22467055L, 24743899L, 1375775185L, 
713149629L, 858868279L, 567300759L, 1514141893L, -232344468L, 
-2348667L, 855758016L, -2061020106L, 1060069661L, 428547581L, 
-1332713609L, 1921285255L, 1364371768L, 1686602753L, -1659477004L, 
152854669L, -671817549L, -393330045L, -1375358382L, 2054165138L, 
84933165L, -724061183L, -1218636284L, -824421100L, 418539048L, 
274964898L, 952154451L, 1921055033L, -1481753414L, -391594763L, 
1603207068L, 1921851388L, 1799051034L, -1350308766L, -1072886763L, 
372638687L, -1012340717L, -782215793L, 1218844621L, -509320292L, 
-913096381L, -1487399728L, 1449676529L, 274634733L, 1915547384L, 
-1544581888L, -290671210L, -1284188032L, -1633859265L, 1494046591L, 
-1024487559L, -1701830759L, 1832414220L, -1235126935L, 720418099L, 
-282853134L, 1937821069L, 1093591764L, 883163425L, -2145941247L, 
-2132796102L, -1581124435L, 1271441424L, 177289682L, 1545651871L, 
167007954L, 1803969557L, 582778046L, -233393997L, -1961282026L, 
1019300011L, -1343160133L, -458970185L, -553039780L, 124394232L, 
1629577650L, 904001594L, -468746120L, 1268227364L, -1399200807L, 
-679868276L, 40255275L, -1266345834L, -566338746L, 1314085558L, 
-764870474L, 315736029L, -1633839597L, -916765432L, 2130856573L, 
1996293889L, 1974584730L, -649654829L, -430010023L, 1906437408L, 
-674102337L, 47505847L, 1105529345L, -1023203861L, 1729211659L, 
-1375765630L, 886100149L, 1813759695L, -1469066594L, 1389605309L, 
-1693496876L, 449433972L, -1736579825L, -1279794156L, 1820093981L, 
-167612619L, 1962889877L, -2058073803L, 1830319784L, -68921026L, 
359683394L, -1027898839L, -320224632L, -1061857478L, 1195562318L, 
-801504948L, -1316295942L, 502144749L, -1860995316L, 239000358L, 
-604166018L, 2005340352L, 161138479L, -1198520044L, 514506262L, 
1045348675L, -1052735264L, 1126193636L, 1639647376L, -1877849967L, 
-381714709L, 372955436L, 258118493L, -208745263L, 1887004603L, 
263281712L, 351851644L, -1889082661L, -1880047122L, 342077858L, 
1293962875L, 884276518L, -1689927757L, 1855398654L, -2031969182L, 
1537687007L, 1427988329L, 996775059L, -1087311672L, -1970226273L, 
1714910731L, -619919776L, -249396598L, 357840479L, -1580305848L, 
1838573221L, 1102914272L, 321119665L, -1346226289L, 707468061L, 
-1868081148L, 1850424570L, -115194275L, -81883975L, 1860838222L, 
540597052L, 1127978089L, -1135970856L, -1643892656L, -1165073894L, 
-471301848L, 1595687336L, -90148190L, -1093252609L, -1265702116L, 
60739118L, -1438307160L, 1150320929L, -398845457L, 323079711L, 
981361598L, -546830205L, 598105306L, 878948059L, -870427177L, 
-1250175386L, 949850853L, -929351701L, -1113207085L, 722585038L, 
-1913722572L, -2028904802L, 527341281L, 1044226899L, -1340656498L, 
688219434L, 681758121L, 716723720L, -185218465L, -15986661L, 
-775128628L, 1723160724L, 519261906L, 1523976605L, 168803039L, 
1450479902L, 2068334314L, -667286538L, -581396545L, -214124670L, 
-2080706860L, -909485109L, -1923993477L, -73704628L, -1050008642L, 
2052457058L, 1022195661L, -1984833370L, -281146159L, -1973862624L, 
-269198009L, 1217392425L, 612294735L, -1051663037L, -2031767189L, 
2136448764L, 665227513L, -1985187053L, -1624925048L, 2790498L, 
-484034619L, -587131873L, 1133467894L, 1257229997L, 2146996265L, 
-1921837799L, -1683390511L, -72577459L, 1670417942L, 879511205L, 
-1359896944L, 550368254L, 1853212079L, 633261138L, -631167817L, 
-360127347L, -1294156847L, -1379015933L, 1666096751L, -1539341379L, 
1106180424L, -1046545599L, -1281982325L, 1789743600L, 622899641L, 
-1860896393L, -244994795L, 246312153L, 74817929L, -1137314710L, 
-418774607L, -1680416759L, 33452020L, -817710406L, 1378894614L, 
461108516L, 225196814L, 1242009638L, 1392416371L, -214588585L, 
-2143661681L, 529420287L, 224845207L, 1336026381L, -200701914L, 
-206910412L, 928587539L, 1102415947L, 811585592L, -451960653L, 
1039637849L, 1717331640L, -1404002214L, -176981314L, -480498459L, 
-1466676483L, 585333511L, -534447931L, 527303830L, 590899084L, 
1475988990L, -1014836852L, -1116685053L, -2024453366L, -879950544L, 
-286122556L, -278946924L, -1545739786L, -261333766L, 1382521532L, 
-2054403335L, -735044339L, -270387122L, -244674554L, -97140431L, 
-880261362L, 735588087L, -1510328490L, -1661392879L, 2666394L, 
-1562928004L, 1783905547L, -1034118275L, 1542263582L, 244412708L, 
-1940861186L, -786133660L, -1930846587L, -901702414L, 1554385774L, 
463804359L, -1412622918L, -228524193L, 68493013L, -1887009753L, 
-1087939045L, -319873534L, 1336257219L, -718867897L, -2103880349L, 
1092103332L, -1894433747L, 1708431576L, -1462333699L, 1146086423L, 
1352777867L, 872596192L, -1583443885L, 1167640468L, 1445066943L, 
792477159L, -510457519L, 696965985L, -1032697657L, -1680301866L, 
1247082690L, 1577258324L, 1453986647L, -1786470992L, 697093682L, 
-845460355L, -1617066422L, 447133652L, -1740820414L, -1961711433L, 
-1893579687L, -1074862202L, 771241786L, 1291937547L, -1762034362L, 
1487120744L, 2094756135L, -449142685L, -706771106L, -24662653L, 
1879318022L, 1955489461L, -2046708925L, 398244210L, 1483233901L, 
-381114665L, -1785493427L, -2030181438L, 525983641L, -131684835L, 
1515017499L, 1795975833L, -782588178L, 1426644979L, -1524565584L, 
-942422525L, 366918490L, -894247953L, -387926926L, -50568431L, 
942307461L, 1883323363L, 1425421010L, -1008333818L, -114448706L, 
-128530893L, -966761604L, 1501450721L, -953690110L, -1898672123L, 
2093405381L, -1946743113L, 1370516590L, -553219553L, -101071789L, 
18641292L, -1672418840L, 1521604294L, 1036781616L, 1450401888L, 
-1364590695L, 459284342L, -1998080348L, 303968736L, 87789926L, 
839202269L, -852040693L, 1479938075L, 679410484L, -1973340708L, 
1850413405L, -1078486777L, 265705372L, -1792182380L, -810976479L, 
-2034135866L, 1761969195L, 1372121132L, -2002633205L, -1241510510L, 
841536988L, -1698684331L, 1349210818L, -907761095L, -523685985L, 
97761645L, -2034164974L, -1951240852L, 497222470L, 918518391L, 
-184635415L, 106681731L, 1453135031L, -998540680L, -1416013053L, 
954027572L, -1739338285L, -1862539084L, -820353211L, -441497239L, 
1724316890L, 1558001309L, 696755097L, 1964880601L, 171825460L, 
368841013L, -1702777370L, -1257037925L, 1202588717L, -1565628090L, 
-629312933L, -1096991439L, 1289188156L, 584803187L, 708482333L, 
569339771L, 1672085506L, -444608689L, -764403104L, -1007565217L, 
-1372095955L, -1438688979L, 1428542878L, -1452385879L, 259128113L, 
-1917078667L, 674955231L, -1015996060L, 384026759L, 1173166610L, 
-1786680915L, -1230195187L, 1879486811L, -1164064318L, 596110731L, 
1510211151L, -1174187885L, -1503476308L, -1078012952L, -606565437L, 
1576496887L, -1565307979L, 1854509303L, 1541318053L, -604375493L, 
-1725620809L, -212204446L, 350953769L, -194815293L, 483492943L, 
-1967395380L, 321456000L, 2145573168L, 880383920L, -363619800L, 
-1233669512L, 417846842L, 1407996606L, 1476535642L, -963537804L, 
