.Random.seed <-
c(403L, 20L, -1164041438L, -637346435L, 90828407L, -1631889506L, 
-1775045032L, -1299226693L, 1281864025L, -1995904280L, -55987434L, 
273036433L, 692545859L, 549250130L, 1126119140L, 291467559L, 
740123005L, 145746036L, 206244442L, -664500571L, 1856853183L, 
391702342L, -597113392L, 17405939L, 1179152145L, -559386816L, 
375592734L, 1734969321L, -466408165L, 1383073578L, 1297340492L, 
343748623L, 1747417925L, -1550570244L, -776840366L, 1934605517L, 
-1261388665L, 2008385390L, -2073151160L, -793756341L, 642883753L, 
2048475640L, 571339046L, 1779331649L, -1934672941L, 1180207490L, 
-1628865100L, 583567671L, 14703661L, 992594244L, -1264173462L, 
512538837L, -765192593L, 1587528566L, 1419867296L, -1963135645L, 
343899649L, -1588445840L, 1988041998L, -677191815L, 1521868555L, 
1279533114L, 1231466300L, -1808003969L, 807739349L, 1584009708L, 
1012360002L, 2002463901L, -2024647401L, -365892482L, -163429320L, 
-1896373477L, -2066823047L, -579301176L, -1099941642L, -77444815L, 
-110231197L, 384013106L, -1146266492L, 2031184071L, 1728500637L, 
-1715513580L, 1447955898L, -1554682875L, -603160097L, 2143126630L, 
1276494832L, -803046125L, -412425551L, 1363430752L, 80593662L, 
412417673L, -1462228549L, 1870074762L, -517358996L, 845280239L, 
1967881253L, -530619172L, 1705867954L, -1446306387L, 1837670759L, 
-42516850L, -2104268952L, 1655922539L, 1453033737L, -1809178728L, 
-1501337914L, -1205914591L, 1982374067L, 169736738L, 1634417684L, 
-966217577L, -476036467L, 921457572L, 440233354L, 308648437L, 
4682831L, 1168225110L, 1351756288L, -1948155069L, 1441710817L, 
-162607024L, 1409151150L, 1037640793L, 1147786347L, 1155373530L, 
76030620L, 1143930015L, -1992118539L, -1885514868L, 1989468770L, 
-289778115L, 2059876535L, -180467874L, -2013885800L, 1823267323L, 
228787097L, 161602600L, 1517194454L, 1051244881L, -150988797L, 
1470611346L, 1771728164L, -1248959513L, 1908783165L, 122480308L, 
23424282L, 1855946341L, -1271704833L, 675874694L, -1676166896L, 
2012432819L, -1623780783L, -640679424L, 388243166L, -1765485271L, 
-1126344485L, 1220059114L, -2029551732L, 263139535L, -1569476475L, 
986665788L, -1931875822L, 1315430669L, -1878398393L, -484511698L, 
1098728840L, -1049256821L, 1373517417L, 164588088L, 873511654L, 
940185217L, -1953809901L, -83788350L, -1181747596L, -472217481L, 
-380556947L, 1641844228L, -387056342L, -1638573419L, 1528099119L, 
1010254902L, 1570529376L, -99613021L, -496041535L, -2086486608L, 
-715606834L, -2085936583L, 1062909003L, -1282288134L, -547139332L, 
-462502593L, -573638123L, 2120831276L, -1655160318L, -1082978083L, 
129459159L, 1894538942L, -1397462792L, -1623025957L, 163638585L, 
-1595443064L, 1279557686L, 1372599409L, -659980637L, 1638085618L, 
1489848132L, 1127237639L, -495508003L, 1972789972L, -672174598L, 
-1446117051L, 1405306271L, -634521818L, 1257625520L, 160920659L, 
1954852721L, -1204459872L, 918817342L, -1695735479L, 198516731L, 
495272906L, 578280748L, -1871597265L, 210247653L, -423280996L, 
528009970L, -1305285779L, 1139070119L, -1015134484L, 1621136980L, 
1069819538L, 519137056L, -1927956532L, 366995680L, 537104066L, 
857510952L, -1644061780L, -1170568516L, 1323540978L, -597498320L, 
1705080740L, -121814600L, 949033818L, -2122345328L, 8199036L, 
373071636L, 51223874L, -1336881408L, -1698972740L, -1422745776L, 
1594745122L, 348039752L, 123000844L, -1876456356L, -979250734L, 
-1658120704L, 1333031252L, -351985432L, 1219285242L, 701277904L, 
-1803335380L, -755156748L, -1570624110L, -506721952L, -656455668L, 
1738844896L, 1683006050L, -1984988504L, 1362524748L, -349452420L, 
-1483502286L, -191306128L, -55248060L, -261158952L, 1062051706L, 
-163140048L, -1067395140L, -2122639788L, -1085241278L, -1161789280L, 
1567616700L, 563382736L, 1119839074L, 1860305640L, 371704012L, 
109314556L, 1301719538L, -1641710976L, 1719399924L, 1607558792L, 
1483300666L, -1574337712L, 739931244L, -1589282412L, -477485998L, 
56650208L, -791003956L, 1221471392L, -20802174L, 1054351592L, 
-1075478804L, 2102955324L, -112804750L, -1600036752L, -601229276L, 
-433443784L, 1747351322L, 716340432L, 473372476L, 1501878164L, 
-1717367934L, -415190592L, 1120489020L, 1857430928L, -5921246L, 
-515597048L, 765167244L, -2120427748L, -917102446L, -1474115200L, 
-1690739180L, -1796190424L, 1242501690L, 1758795216L, 1322060140L, 
1698603956L, 698599442L, 283962848L, -1151647796L, -1322737440L, 
1422514210L, 1444380968L, -1914552820L, 643292988L, 1490844658L, 
-144463120L, 2113185348L, 2140447320L, -779002054L, -496306704L, 
843435708L, -1485350636L, 425392834L, -136557472L, 1098609532L, 
403359696L, 1439809826L, 103778984L, 1730278284L, -408377156L, 
674719538L, -1751184832L, 1625711796L, -1860142520L, -293429830L, 
1548155408L, 1241762540L, 756697428L, 1668301074L, 1317551520L, 
-891577652L, -761643424L, 1664999362L, -1838448856L, 1042632620L, 
-894258372L, -1322448526L, -1010451664L, 931136804L, 921410360L, 
267294426L, -1231478896L, 1049947900L, -865565804L, -71698366L, 
-1775049472L, -1728625604L, -1127612080L, -1930671966L, 1709283656L, 
1991378700L, 295187164L, -1778635438L, -1979958144L, -492437420L, 
-2096179224L, -394780422L, -1847604400L, -1933254868L, -549807756L, 
-1065268334L, 1969236064L, 214951308L, 1918073696L, 1768147426L, 
-982684760L, 1108360396L, -362334212L, -1848220238L, 407375344L, 
-940639292L, 365682008L, -955518598L, -1424290896L, -1327349316L, 
1251887188L, 1276522434L, -1800112096L, 305338556L, 1385841232L, 
-1575007262L, 225978472L, -1318568884L, 552499452L, 1882782706L, 
1978030336L, -1267351180L, 1251476488L, -373522502L, -246672944L, 
-716776468L, 1312553364L, 1578992082L, -189607584L, -1292800180L, 
1403168L, 1237014402L, 530894568L, 208609516L, -1305713604L, 
-558318734L, -239892880L, 1561512996L, -1018264776L, -965002086L, 
-1197405488L, -1710219076L, 157671060L, 810643074L, 1350351040L, 
1521818428L, -1974653808L, 1817017890L, 195887112L, 1905476876L, 
482632860L, 393764370L, -2139984000L, 978232852L, 100172328L, 
1472793914L, 205382096L, 1673501804L, 1251883316L, 802090642L, 
646757186L, 930140464L, -1979602599L, 1431661259L, 1625428796L, 
1839659882L, -1955096161L, 1523241001L, 553691838L, -1992594516L, 
-2045503235L, -85453753L, -1566379216L, -330206130L, -733800325L, 
-1371857955L, -49348086L, 213673768L, -1541867119L, -1511833725L, 
929182852L, -1065028942L, -1266080249L, 1076946513L, -441098794L, 
-1773031244L, 1980230853L, -974639601L, -1605933432L, -146388058L, 
-400981165L, 1826491573L, 561342994L, -608344096L, 924760649L, 
-405868421L, 1911890252L, 221279450L, -1142885169L, -442916711L, 
-2096300882L, -1860187716L, 1907667501L, -675576361L, 1991314464L, 
-2039647874L, -253730997L, -866081459L, 333572986L, -115282504L, 
789024609L, -281401581L, -1081589964L, 644705602L, -469851817L, 
779316385L, -1971882650L, 1136449380L, -56650091L, -211710017L, 
-1969695912L, 628076918L, -1834404989L, -983977531L, -1930570014L, 
-691783856L, 1758630521L, 1107563947L, 2109791004L, 1894067274L, 
229619775L, 1197975689L, 1715727518L, 951753036L, 633995549L, 
-1920987993L, 1174625232L, -1237048466L, -15637989L, 1626399613L, 
-1138949782L, 1882783752L, 675227825L, -1188477149L, -1467562972L, 
108762834L, 1958343463L, -1861864079L, -2063909962L, -1737384108L, 
1202199013L, -1758428177L, 1005441832L, -1768565882L, -1576603725L, 
882624277L, -1454214798L, 2017572288L, -1711823319L, 628652699L, 
695862124L, -1445995654L, -469785425L, 1391185849L, 141806030L, 
270544156L, -1498658675L, -1968003849L, -1999011840L, 651141726L, 
1685896491L, -1983070675L, -1699969382L, -2082090408L, -974508607L, 
-300838285L, -1538846828L, 685186594L, -210525897L, 1057124353L, 
-1541665530L, -1739114172L, -1120490379L, -840417825L, -1895347912L, 
-1572617450L, 120134435L, 1862037733L, -1334850302L, 1094713200L, 
-2131861735L, 1322743563L, 1041716220L, -924028886L, -80405409L, 
