.Random.seed <-
c(403L, 10L, 51940047L, -1569468970L, -1744486016L, -524674621L, 
824397665L, 153089488L, -141564626L, 420402393L, 2073276139L, 
2118077274L, 932097308L, -737711073L, 1896796277L, -1680323316L, 
547889378L, -468358723L, 177204791L, 142165214L, -1760133096L, 
-625787013L, 1892327193L, -1479760984L, 1235997526L, -977548335L, 
644259715L, 1237707282L, -129655388L, 372746599L, 1424455357L, 
-1416733132L, -1565915750L, -1743478299L, -1818817153L, -1691245306L, 
424689296L, -1465419981L, 1323386065L, 132808320L, 2037483358L, 
-603741015L, 1009686363L, 212053354L, 2000429068L, 664328271L, 
905498885L, 1644489148L, -1684734830L, -492992627L, 1372225479L, 
-906746706L, -1654160120L, 1788392203L, -684679703L, -835327304L, 
-1907839642L, -742889983L, -372305773L, -1729303742L, -1867733772L, 
960598263L, 39405805L, -966661244L, 994125226L, -758924523L, 
1433119151L, 245590454L, 1675251680L, 1288970019L, 1606881345L, 
363940656L, -647151282L, -409521223L, 1101800907L, 1853183610L, 
-513647748L, 866251711L, -1373594475L, -971251028L, -868384638L, 
-1286975395L, 1775380311L, -637543874L, 1900441208L, 1770016091L, 
-437519175L, -255634168L, 1266571190L, 1264729329L, 1319688995L, 
872390002L, 1512601540L, 1627493255L, 729399645L, 1574977364L, 
-933313158L, -463011643L, 2009301535L, -647510618L, 1667163952L, 
-1184240173L, -1213965327L, 2125438240L, 146504638L, -1542884407L, 
1086374779L, 89448778L, 281865644L, -985409361L, -1262034331L, 
-95020516L, -1437641614L, 1674742509L, -1757702361L, 792810318L, 
1945066408L, 1760698283L, 1126427849L, 2121612504L, -369294970L, 
-563308447L, -1946019341L, -1364195230L, 1095417556L, 1711515607L, 
773666253L, -275132060L, -939879094L, -1879173963L, 1979823119L, 
465505558L, 1044445120L, 2056102787L, -1374334559L, -191054448L, 
-419131794L, -522880999L, 1340318891L, -1112967014L, 357951580L, 
200107359L, 1132719925L, 646783692L, 2012995618L, 972860029L, 
929415031L, -1278627682L, -1771098280L, 2075851451L, -1329298343L, 
1914331112L, -79099370L, 1032375697L, 505812547L, 961881426L, 
-1405531676L, -1949751257L, -585681795L, -764610188L, -1111935654L, 
2049721253L, 312488895L, -1985839034L, -2101522736L, 117094643L, 
1228246545L, 1500747840L, 906300446L, 1196042985L, -76558309L, 
-1242441686L, -1383904436L, 322283791L, 359537733L, -313041412L, 
1032031314L, -1518645811L, 2028883847L, -719459730L, 1563265608L, 
499506251L, 2011037097L, -652054280L, 467268646L, -1288342207L, 
-15236397L, -119993726L, -1108168524L, 329637943L, -250383571L, 
-2076284860L, 1242092906L, -11533867L, -368773265L, 849129078L, 
500523424L, 988374627L, -934772991L, 610651760L, -385013234L, 
1537663609L, -2096222709L, -55787718L, -1139997124L, 275328383L, 
-1277493547L, -2055647508L, 144441410L, -98490467L, 604124695L, 
365988734L, 1488455992L, 92038683L, -169990279L, 1206313416L, 
-332743178L, 951377969L, 183487075L, -317680078L, 419488644L, 
-1369407033L, -557848419L, 886251540L, -1666222406L, 118843141L, 
-2059254561L, 6219110L, 422072560L, 522550466L, 38980704L, -1916031620L, 
1544173776L, 1461972002L, -905484632L, -1544787060L, -1331751492L, 
485663794L, -1507045568L, 2007884980L, 1034444616L, 173281978L, 
615612176L, 1389692140L, 268782676L, 1005989650L, -553484384L, 
-349633588L, 2144983904L, 488293570L, 1587199528L, 777387436L, 
1096493884L, 690739058L, -431620304L, -1180838364L, -1900614600L, 
647424218L, 2062089616L, -2009834756L, 1242334100L, -705568958L, 
695821824L, 84438588L, 1322422864L, 1150680738L, -1719211192L, 
1599791628L, 1866225884L, 368646738L, -714770304L, 849109844L, 
-695661080L, 1041043194L, -1957754032L, -1193538516L, 502618484L, 
1597822610L, 2073001568L, -2053024116L, -253159584L, -1786273054L, 
784421032L, -931652404L, 1427976700L, -202487886L, 883173872L, 
-864807484L, -1409518760L, 1790463866L, 1850074544L, 506691004L, 
685026388L, 907112386L, -1132808416L, 71484348L, -1787183536L, 
671513058L, -1386732184L, -1579231924L, 1691098364L, 1912603378L, 
-1318081792L, -111325580L, -1724613624L, -1096021574L, 1715899344L, 
-1823631892L, 1493655444L, 1903595218L, 17558112L, 1534891340L, 
-1145556704L, -654883198L, 1987757544L, 1959255020L, -1838843332L, 
485598834L, -1868539024L, 1171822884L, -956724680L, 600557978L, 
-1927107120L, -1263964740L, 868582548L, 541479042L, 873977280L, 
1713719100L, 1800050832L, -2028541150L, -1522376184L, 236151052L, 
1168877980L, 1923750418L, -94421120L, 1537692436L, 14973224L, 
-1716780998L, 220967888L, -716061076L, -1847676364L, -491497838L, 
-991908512L, 1248371020L, -2055220256L, 1374626210L, -1499176536L, 
-742801780L, 581850556L, -2071747982L, 374410224L, 2026355268L, 
-54730664L, 1731040314L, 1085496432L, -1818180548L, 622501140L, 
2056405698L, -832194848L, 1202551932L, -595041584L, -268320350L, 
475952168L, -2018478324L, 589981116L, 1450968882L, 1729892032L, 
1036494900L, -131133752L, 794765498L, -1778875760L, 125535980L, 
-1574120876L, 1705397906L, 1188517152L, -1812529716L, -1128173856L, 
-279446334L, -708797400L, -902347860L, -250018116L, 218105842L, 
-1236356560L, -501105756L, 306619832L, -624957606L, 1131763856L, 
-1719703684L, -1274723052L, 537985346L, 1523817728L, -1134100036L, 
-1514922672L, 1199999266L, -1550421432L, 461585420L, -357174692L, 
-1715907118L, 1017396736L, -1029844652L, -380533528L, 708860154L, 
35017424L, 1245847340L, 831356148L, 1537439122L, 1724565856L, 
510724108L, -1590122272L, 316753506L, 584872104L, 1825298508L, 
1476736892L, -1312424654L, 792620656L, -973994172L, -1820906536L, 
-160043142L, 1648641072L, 930054076L, 1021188692L, -1779601342L, 
-90204512L, 1509460668L, -1154455600L, -15570590L, -2117825816L, 
-2134207284L, -1697920516L, -1902816782L, 794431616L, -1468936716L, 
-1015952760L, -915298502L, 1422317904L, 1737627756L, 1587029396L, 
1144368210L, -176606752L, 84148428L, -1166177632L, -1102401150L, 
-162728728L, -1635329300L, -1646743236L, 352111730L, 646159984L, 
1588639268L, 1162182712L, -284551910L, -1476824880L, -1614467780L, 
-531968108L, -1257588862L, -881471552L, 922488380L, -226391743L, 
814182899L, 429873172L, 875535778L, -1160439113L, -1786907519L, 
2052637830L, -192429884L, -1513611787L, -41138081L, -402386248L, 
2067377046L, -1301087837L, 742288741L, -1154806654L, 1705059824L, 
-1789430887L, -10127989L, 1242816636L, 1579229866L, -691323681L, 
2011765353L, -1032873858L, 46719084L, -639649603L, -1280898681L, 
594066800L, -1085503474L, -548362949L, 1060342301L, 476122826L, 
397748712L, 1764277969L, 1753782979L, -1990159932L, 530151026L, 
-975165625L, -1166452975L, -1964963178L, 811790324L, -373548667L, 
-1858259761L, -378483256L, -756013978L, -2102017389L, -368006667L, 
1453859794L, 2146760736L, -135851511L, 739207995L, 1957191308L, 
-397741286L, 2128426383L, 826346201L, 1235322222L, 2097817852L, 
1965224557L, 1570614807L, 1671637984L, -239093826L, -845503093L, 
1726543373L, -680678854L, 924672632L, -316175839L, -150969133L, 
-1621597196L, -157301630L, -544092905L, -2115052575L, 1865002278L, 
427191332L, -36182315L, -867204481L, 1577997080L, -1646540234L, 
1909501123L, 1408483589L, 1267439778L, 918089360L, -2113942983L, 
1268798187L, -31919140L, -69134838L, 1953794303L, 46132553L, 
-1067589922L, -171752308L, -368692131L, -1750734233L, -965487728L, 
-443811922L, -1973004709L, -1947506115L, 453573802L, 1312116040L, 
-1532808847L, 673945315L, -1847558684L, 1609298194L, 1593920743L, 
-1267844431L, -1901682442L, 691251988L, -1681898459L, -836984529L, 
-447998232L, 2059789254L, 470914675L, 1538767061L, 1590715058L, 
-1340855680L, 168659561L, -44736805L, -189810132L, -574942662L, 
-1650008849L, -982880391L, 992113678L, 1208183260L, 1755392589L, 
1724021175L, -186116288L, -1240568290L, -1906419477L, 344901741L, 
1666867418L, 318767256L, -1454983423L, -379061069L, -95717420L, 
-224341278L, 514904951L, 1924513473L, 1236309574L, 206113156L, 
-467650763L, 420652319L, -1198003080L, -736765610L, -1980221469L, 
