.Random.seed <-
c(403L, 10L, -1251055563L, -1071929713L, 406542230L, -2065581248L, 
-1640860157L, -341177311L, 1332223760L, 479868142L, -1935221607L, 
-527222485L, -1741983718L, -1669436708L, 611810015L, 405308597L, 
-529599924L, 1425096354L, 1469810173L, -945393929L, 148342814L, 
-265655592L, 1880137275L, -1997567015L, 1757092200L, 206450838L, 
1148390929L, 1131423683L, 124607442L, 465413732L, -357927513L, 
376187645L, 1730719476L, -218904102L, -1130754779L, -81994689L, 
1861389254L, 1362028624L, 42173555L, -516888431L, -97994560L, 
1347531422L, -820220311L, 1000816283L, 51041194L, 218740684L, 
-550761841L, -58154299L, -211449220L, 453707474L, 411054669L, 
-751870201L, 1141572334L, -1460832312L, 1718188235L, 1338100009L, 
-32657032L, 828585638L, -1784037183L, -1869739693L, 1382905346L, 
-1239462092L, 293313719L, -1298486099L, -1069884988L, -456230422L, 
1353942613L, 114087919L, -372152330L, -1195597536L, 1875070691L, 
1884682113L, -188763664L, 1958949006L, 570079225L, 1493716363L, 
969095610L, -1454573380L, 761109503L, 107383125L, 410997356L, 
-2011466046L, 1176338717L, 1327724439L, 2059301630L, 208685240L, 
-1020177765L, 587292921L, 1746666056L, -463663754L, -890356559L, 
1493151971L, 1236340658L, 1042157572L, -2105294009L, -589227491L, 
1466921108L, -1908064198L, 1673945733L, -1731255457L, -933618714L, 
1748407920L, -62056045L, -183902671L, -2114988832L, -486881922L, 
-86190071L, -1929127877L, -2004539894L, -1188702740L, 1324505711L, 
1132615077L, -2068904612L, 1667012914L, -1373788115L, 555804391L, 
-1580266482L, 397546984L, -1196367893L, -90791799L, -497044456L, 
-362347706L, -464256607L, 1854132275L, 803478946L, -1285396332L, 
1342512919L, 875747597L, 694988836L, 1610698762L, 2014426485L, 
927020239L, -1903544362L, 1502214016L, -1952633917L, -1649377951L, 
-528210992L, 2006209326L, 477343449L, -195257109L, 665115994L, 
-1352552676L, 200149535L, -1019225483L, -358377716L, 1765575394L, 
142176189L, -1247733705L, -1436249378L, 214732312L, -311717509L, 
812460313L, -1087900248L, 53287254L, -1792636463L, -1915287165L, 
10328082L, -741450844L, 284642151L, 912584893L, -247109580L, 
-1453692006L, -309876763L, -509815937L, 380637958L, 1199086736L, 
1626295603L, 1933535953L, 1290637440L, 743172446L, -1544978775L, 
-683505317L, -844283030L, 1883630092L, -1644332465L, -225782011L, 
-469688388L, 181213842L, 1414332813L, -1129174585L, -29705554L, 
-131296504L, -256765685L, -170045463L, 264222904L, 1590415206L, 
-1516020735L, 1604782739L, -1009230526L, 1641034484L, 615169783L, 
1741086445L, -2140239484L, -1663809622L, -363807467L, 1667053487L, 
-822806602L, 122277344L, 1430725923L, 911333953L, -1904921296L, 
1419439950L, -2013399623L, 1691027403L, -1751786374L, -30179972L, 
1139627455L, -158264683L, -1060024148L, 173365890L, 1761366621L, 
-1019517609L, 1278249022L, -2063373192L, -1666853029L, 1166062265L, 
-714813688L, 1285129654L, -1561789711L, 1439722787L, -1430157454L, 
167871940L, -61883001L, 1815048029L, 1409261908L, 119509882L, 
-2070412603L, -718855137L, 743412646L, 1787469588L, -1832405566L, 
-1682916640L, -1065572484L, 255880912L, -2023245662L, -1861772248L, 
1135928588L, 1051125692L, -797087438L, 1478732224L, -271545804L, 
-1742591032L, 172357818L, 1953388944L, 655454700L, -211336620L, 
-101891950L, -265584864L, -804263476L, -2116168224L, -408799550L, 
-1589222360L, 1369993900L, -108903236L, 187169266L, -1665957584L, 
149427364L, 2077304504L, 494046554L, -476666480L, -60058756L, 
1658042644L, -635219134L, -564757760L, 258275260L, -1083326640L, 
-326728926L, 153050440L, 825621004L, 1268471900L, 118770898L, 
-255108608L, 2039139668L, 859724264L, -1151755270L, 1910452432L, 
428260652L, -75369740L, -142218862L, -1551010720L, -162200308L, 
-1792404768L, 1544587618L, 1478118056L, 479023692L, 1263649148L, 
-1767078606L, -1136029584L, -208996540L, -2084483624L, -52159366L, 
1652026928L, -511997252L, -891416748L, 1393751106L, 512134560L, 
-1396614468L, -1131505200L, 1469205858L, 1474703336L, 1978214348L, 
-1848180996L, 1412358642L, -872888192L, -586869516L, -1205012856L, 
233178938L, -1964289200L, -75630996L, -1050750828L, 833102162L, 
-596132128L, 1383625420L, 1748717728L, 19020674L, -1939590424L, 
-834546964L, 66415676L, 442425970L, -834091920L, 1000572452L, 
337355832L, -1250867174L, -1599812912L, -1441684420L, -1319488364L, 
-1542656894L, 2070546368L, 890386748L, 1205244560L, -1866171358L, 
2073608L, -2083063668L, 1850772508L, -1160763758L, 1725371520L, 
-1756635116L, -1425267416L, 1782918714L, 201565392L, 1707738220L, 
1055052468L, 1004136466L, 1995429856L, 414371788L, 1230958048L, 
-1031360990L, 1058171176L, -897928948L, 289617468L, 1491329266L, 
-391283984L, -648338620L, -846796200L, 263017018L, -730904848L, 
1436581052L, -283832812L, 1354604738L, 995536992L, 1034145148L, 
123313360L, -987472862L, 1813945000L, 226684812L, -317695556L, 
-333712334L, -2064214208L, -79824716L, -2064972984L, -1748116806L, 
588189456L, 997628140L, -1422330796L, -77674734L, 1395897248L, 
339926988L, 26241888L, 1762554050L, 534074920L, 816956844L, 618766140L, 
-1841549454L, -22265040L, -1397063132L, -790474696L, 2140974298L, 
1555554704L, -207837444L, 1669971860L, -1912036542L, -1670030848L, 
1275200060L, -1341376944L, 98063010L, -1197724856L, 920549900L, 
259386588L, -2024906158L, 972380288L, 2110110548L, 567235048L, 
-674837766L, 611407696L, 140624940L, -952519308L, -921047406L, 
472971872L, -273665396L, 396340064L, -634096926L, -1537378136L, 
9277644L, 1280037372L, 476659634L, 1663358448L, 1712065988L, 
-2073688232L, 1478499194L, 806215088L, -1775926852L, 1670950996L, 
315249602L, 1564324640L, 1816663996L, -291433904L, 1807957474L, 
1534345576L, 869150028L, 273559804L, 1652261618L, 1506475776L, 
-915054988L, -283340792L, -1347370566L, 1931976656L, 331241964L, 
-2110212204L, -1288461614L, -1516847520L, -636181172L, 567977248L, 
250415746L, 1025440232L, 1667219436L, 1995245116L, 960837234L, 
390531952L, 836434212L, 1975341624L, 1117366682L, -37004848L, 
1414628796L, 1592195220L, -2026482558L, -32832064L, 2049011992L, 
153042561L, -1798073293L, 1406411348L, 339748450L, 1978812663L, 
-1195791551L, -684203578L, 1539255044L, 414424757L, 1285327263L, 
1153992184L, -401429546L, -566536605L, 290227749L, -1612212798L, 
-2071164240L, 1761772249L, -778587061L, 1827211964L, -870991638L, 
1522029855L, -1953825367L, -880559298L, -1336093140L, -1793858435L, 
-788013369L, -743979088L, 752261582L, -1860603141L, -661114531L, 
946582154L, 582443176L, 1252459537L, -1418562301L, -420210684L, 
-1188456398L, 1417392263L, 635264209L, -1691072938L, 1811682868L, 
-570299067L, -1833214065L, -1458975992L, 9899302L, 1860466131L, 
1943617333L, -50309486L, -628796832L, 603800521L, -1389427973L, 
1105489100L, -422386342L, -1078663089L, 216376601L, -95809746L, 
486555964L, 1285736109L, -966655657L, 921399456L, -1937011202L, 
791634123L, 2129477325L, 769657338L, -1094282696L, -549793823L, 
52889747L, 109554356L, -213727294L, -350567465L, 513920033L, 
-737539098L, -112437532L, -1956675051L, -1183299009L, 1044824536L, 
-1867679754L, -802643965L, -212530363L, 1569709922L, -837779248L, 
-1532154887L, -811792597L, -750660452L, 1547209418L, -339885121L, 
-874549495L, 1172764702L, 945105356L, -343710819L, -1189044697L, 
-405343152L, 1599651054L, 1772763547L, -865669123L, 1804671722L, 
-1427567224L, 1015249713L, 1187877795L, -1710795868L, 865238610L, 
1312144807L, 1053063665L, 1150364982L, 1565480404L, 192944997L, 
1038844783L, 896048552L, -1008131322L, -710289869L, 1230249109L, 
-1893882638L, 324404544L, -1033041239L, 797852443L, -586517268L, 
2093742330L, 335554863L, 1519947065L, 1387036494L, 460707228L, 
-1698154739L, -971259529L, 724735360L, -40229922L, -1872048981L, 
-1275078739L, -1691620326L, -1305107752L, -1593201855L, 1263832051L, 
-1362602476L, 1090539426L, 624029879L, 2132241025L, -455460218L, 
-2039301436L, 304511989L, -603532705L, 1396548792L, -535502442L, 
