.Random.seed <-
c(403L, 418L, 900290179L, 1571441700L, -678138985L, -335539235L, 
-952190441L, -1266770910L, -223611596L, 922237984L, 1117289051L, 
1184203249L, 29194255L, 1730682944L, -2129666426L, -1902032329L, 
765161557L, 1213767805L, 1535766566L, -141369978L, -128392987L, 
-1353084392L, 1285631969L, 1138800593L, 1701383411L, 1973656546L, 
1747476005L, 1216992155L, -131882537L, 1978595210L, 598247410L, 
82851042L, -1104554134L, -1003738089L, 1420617658L, 2109163525L, 
254672432L, -321999533L, -161322179L, -834875998L, -2066650501L, 
-1099826231L, 283231283L, 603764455L, -773080956L, 325909134L, 
729986952L, 1975869968L, -1349018946L, -1484669073L, -9160295L, 
1716470089L, 118358451L, -218654785L, -1648614214L, -2130824270L, 
-1623790110L, 298550067L, -1157456453L, -2036692451L, -1729581879L, 
-974189978L, -336424734L, -615756488L, -361905313L, -734900735L, 
-929373020L, -631441004L, -1912336871L, 595379432L, 210406902L, 
-550204920L, 1487046627L, 45660428L, 1622361111L, 350374242L, 
-1821442858L, -1035719899L, -490066224L, -2089972871L, 1614999118L, 
77777598L, -172783299L, -1409988065L, -767619359L, -1115144811L, 
-369841862L, -77292478L, 506109428L, 1465767488L, -1491082104L, 
-1458422690L, 1729090903L, -1821126590L, -149327842L, -1605384154L, 
1232498710L, 902356328L, -919631326L, -748569446L, 1252866602L, 
-806315584L, 1127967256L, -1411911032L, -1271953893L, 494872864L, 
1682576217L, -1680465369L, 1984207308L, -640620236L, 382360661L, 
-351847064L, -722911042L, 1754198074L, 1454641589L, 1119170701L, 
-560766452L, 4465302L, 490609948L, 369026635L, 23929575L, 796882337L, 
-1114142168L, -883430111L, 1661767903L, 1483169771L, 1130918249L, 
-881273403L, 1453349315L, -1661371482L, 1967671354L, -1605154693L, 
-556568459L, -318263331L, 1934128203L, -2142237241L, 766640005L, 
851136775L, 207462318L, -1943932021L, -619202697L, -1999128210L, 
-421052021L, 1808692281L, -709398902L, -1228192649L, -195403406L, 
-998988796L, 322553074L, -1094202383L, -649249232L, -1157657646L, 
618816624L, -1755730607L, -720432282L, 1782151948L, 812627449L, 
970768610L, 2111676803L, 1831681456L, -1493804596L, 1934652359L, 
307346130L, 1740673596L, -1212638694L, 1828566157L, 1239059467L, 
-463387472L, -1862661551L, 1315973531L, -1429137841L, 570574305L, 
-1895577341L, 546498250L, -1024729734L, 537588002L, 795817039L, 
1187946459L, -129487314L, 783040831L, 643251187L, -230635693L, 
1896750298L, -349434739L, -775500770L, 1066868252L, -1462767999L, 
707841157L, -1917543143L, -468743403L, 577302697L, -253798420L, 
-1833149308L, -552139568L, -90916916L, 1582599562L, 1976908692L, 
402663668L, -140940007L, 1928471323L, 1238800662L, -1207248401L, 
576685221L, 2037894140L, -895481700L, 1281015337L, 1814137752L, 
873807653L, 1994373839L, -661509281L, -371544449L, -40830767L, 
732934844L, 159835554L, -975906299L, 979146601L, -169567322L, 
-860408581L, 199127038L, 1596310770L, -694007155L, -806813407L, 
-1186587777L, -25422320L, -419877867L, -652081264L, 113505417L, 
13706617L, -2050837789L, -359609387L, 1005526228L, 1391170827L, 
-44119705L, 1310533602L, -1162342542L, -1783912951L, 588184588L, 
-590395845L, -1121299371L, 348926840L, 894207045L, -917830384L, 
-403945528L, 756403790L, -1387527969L, -820868693L, 2013612370L, 
-477417221L, -2035549031L, 1863811689L, 463082678L, -1714960647L, 
565326885L, -660420853L, -210841389L, 692183259L, -413405042L, 
-531252794L, 1110427944L, 1036024192L, -2028696263L, 597956652L, 
-990412746L, 1386847330L, 351462279L, -1716880640L, -340989217L, 
-2056782469L, 1203582498L, 1608077784L, -751232855L, -1795785505L, 
-1273186771L, -115136565L, 1388310787L, 662981339L, -1799000304L, 
-2085271692L, -4791728L, -985643074L, 2074608566L, -1575149230L, 
-2012833843L, 871278354L, 1526575729L, -743821932L, 51246624L, 
-936932942L, 2126005391L, 832256795L, 1634858829L, 305479465L, 
390629564L, 1647298327L, -1344417201L, -1647840240L, 438410499L, 
-627204148L, -988387626L, 1618494292L, -1577692863L, -457685902L, 
1409835478L, 1642032800L, 909198147L, -1195287791L, 157202907L, 
1955337970L, -1162664428L, -901694L, 277453160L, 678573536L, 
118725409L, -305327939L, -1730958315L, -1529714484L, -1953598252L, 
995466654L, -1273677860L, -1589023551L, -2059608187L, -412364901L, 
1052024438L, -1005253121L, -1005991049L, 512241760L, 1084715873L, 
493795957L, 718352835L, 811947843L, 24716822L, 478556336L, 1941531508L, 
-27170633L, 1967909767L, 1911934036L, -639276787L, 902630480L, 
-1772356981L, -811631790L, -1091309816L, 1349522584L, -1728496359L, 
2096730324L, -167647863L, -1227761718L, -1615289760L, 703871886L, 
-2145439166L, -154669745L, -748922252L, 1182593727L, 56768078L, 
728488956L, -280319353L, -1954643404L, 608340663L, 46458185L, 
1487322130L, 1198513859L, -452395526L, 383233626L, -722871390L, 
309297350L, 896273830L, 1260069546L, 1261586588L, 2117086925L, 
-746164860L, 143522042L, 1907491457L, 1306521578L, 1450636091L, 
-1651090963L, -870562096L, 968249873L, 388571463L, 1873824871L, 
-509551109L, 2103485197L, -252488226L, 670716284L, -1945055715L, 
-720558656L, -1677909876L, 1577711303L, 1711466979L, -919695839L, 
-1492961221L, 502593460L, 109071278L, -2102909751L, -2069447665L, 
-899606823L, -140130181L, 1607740278L, -500032627L, -792235376L, 
172701092L, 913759281L, 450919441L, -1219524922L, -1067239783L, 
-913999244L, -1462308838L, -1467226810L, 605587987L, 1347658707L, 
1823449848L, 467732910L, -1324249504L, -13048090L, 220831629L, 
-1605960263L, 2128627750L, 2052694758L, -745413781L, -1768447991L, 
1084726544L, -853308238L, -904953348L, -2096296760L, -1917000175L, 
1775387228L, -218271800L, 2011275465L, 821328476L, -1718677717L, 
701747573L, 547906224L, 363223546L, 1161493248L, -420887005L, 
1436913455L, -467832650L, -1186319870L, 680096693L, -610717211L, 
685535898L, -1483469581L, 1193411382L, -2140900463L, 475332459L, 
-1088668587L, 174432038L, 1521676437L, 1227018714L, 2064112534L, 
-1738894024L, 1410124848L, 721106943L, 486708345L, -29775117L, 
-1964650706L, 1369979013L, -1004143764L, 1315246629L, -1363020305L, 
1030380825L, -167526224L, 1013137430L, 539418402L, -624278124L, 
-423169209L, -1483985126L, -850101661L, 1179240128L, -1754045127L, 
-1635558071L, 322087655L, -783927198L, 2095283488L, 1144703378L, 
-1840197352L, 1934139168L, 566772331L, 465323323L, 1854718863L, 
993664922L, -468677084L, -2089667653L, 1016901624L, 1672854666L, 
-1113735395L, 1714640001L, 1866762890L, 1249635619L, -956453409L, 
1114498121L, 1385307412L, -893961061L, 1600941081L, 2115481048L, 
-1048681334L, -310375821L, -1008367203L, 1459700091L, -1616246816L, 
214589402L, -2040932586L, -322816056L, 571263367L, 1080484887L, 
1927064458L, 647204300L, 1722584445L, 508006368L, 76116196L, 
-892373245L, 351547771L, -1689316957L, 1934173965L, -1083204568L, 
1013861349L, 1284350476L, 2081200270L, -1395854864L, 1272063226L, 
1894479290L, -1124888909L, 1220732321L, 1284611715L, 359264013L, 
36257052L, -2113308925L, -1247103778L, 1748372254L, -302877367L, 
2077303251L, 823362391L, 917184910L, 1634136196L, 630208416L, 
-1553687276L, 1649206886L, 1424253385L, 1443462602L, 472207526L, 
-494438575L, 2047977330L, 616651636L, -209774008L, 1068503320L, 
1085622205L, 908535519L, -793608555L, -1218625231L, 328557134L, 
2003644275L, -1140183620L, 1219241646L, 487671294L, 577632529L, 
-916609780L, 1043709595L, -803225875L, 1150114128L, 574549801L, 
1144163291L, -1021272298L, 539670704L, 1806429509L, -529860238L, 
-1795300979L, -489301700L, 1672636022L, 1482374084L, -1939200612L, 
-641204300L, 950866388L, -941971739L, 713626454L, 241353807L, 
-92401082L, 1616968069L, -772783765L, -532315306L, -1126243560L, 
-1467623587L, 1883480264L, -986261948L, -1748004319L, -1229245719L, 
273962050L, -1521043236L, -1853987954L, -1523056459L, 1822730684L, 
333158732L, -54781226L, 188393940L, 211996089L, -1592390442L, 
-858046928L, -1732620614L, -904830399L, 2147338338L, 1951002631L, 
