.Random.seed <- c(403L, 10L, 1897936630L, -1719655904L, 881993699L, -1426011007L, 
    -545453328L, 1718534542L, -512610567L, 806804619L, 1551647930L, 1053810620L, 
    1911463167L, -1908805547L, 1750049644L, 2123865026L, -142685155L, -1759859561L, 
    -1014494722L, -1217082952L, 1255720347L, 2006477817L, -886901944L, -309207434L, 
    -460957775L, 745187811L, 331939506L, 1853436676L, -2002112441L, 533583645L, 889597332L, 
    642175290L, 1125657989L, 604317279L, 400494822L, 178410352L, -82086765L, 1122496817L, 
    -2036508704L, -1899635586L, -1732489463L, 1004474683L, 331183370L, 1501129964L, 
    135584111L, 553475749L, 1369354332L, 4532274L, -876093651L, 1237888487L, -689442546L, 
    -1154345240L, -522045205L, 315701641L, 1326041368L, -903521210L, 679208097L, 
    478710579L, -1902939486L, 913820052L, -885991401L, 766689293L, 1430324516L, 1340555530L, 
    -2125858699L, -1786883121L, -253631274L, -1929153408L, -1662547261L, -166800287L, 
    1767019728L, 339002926L, 1357395929L, 242964459L, 739249754L, 2142111772L, 873600287L, 
    -1285188235L, 1939907596L, 1875764706L, -1895803203L, 1101754679L, 2056639966L, 
    -491255016L, -762183045L, 317141017L, -1126897496L, 588696150L, 769111761L, -1558038909L, 
    -1884820206L, -996247388L, 318617703L, -500631107L, -1152445644L, 1834481818L, 
    744742629L, 1909700735L, 1331229190L, -842179184L, 1398014003L, -11243567L, -1610422912L, 
    -1080301474L, 1667155881L, -20775333L, 1891000938L, -162574580L, -621156017L, 
    -480783867L, 2044100796L, -1994020462L, -360136051L, -1822199609L, -1733360210L, 
    741478408L, -1374419957L, 469090537L, 1340784568L, -1498539930L, -145405695L, 
    -667746413L, 298291266L, -160737292L, 1008992759L, 646776301L, 1482966660L, -2073347926L, 
    -754481643L, -1261741393L, -265678666L, -722563360L, -2146725341L, -1214038719L, 
    -1085439952L, -66938290L, -580264263L, -408507701L, -2041156742L, -396322180L, 
    -1975112001L, -1247111275L, 649809836L, 716475778L, 413700957L, 1484275287L, 
    63397182L, 1189424504L, 2144091739L, 1594251705L, -123671544L, -705005898L, 13796849L, 
    -810116061L, 47248498L, 1563797188L, 1056604295L, 2101675101L, -2003195308L, 
    -2060451718L, 624264133L, 878130463L, 1143837862L, 1336550960L, 101940435L, -1417497871L, 
    189612576L, -2088655682L, 142430409L, -461516165L, -1500874678L, -860059476L, 
    -107614289L, 1220885349L, 1778667804L, 246208882L, 1748781549L, 2065243687L, 
    -1784066482L, 1987801768L, 1644318891L, -1741915703L, 1497126360L, 359048326L, 
    896649569L, -1930998541L, -1583516830L, -1234928172L, -847497001L, 995543757L, 
    -1258546588L, -1743007670L, -103279179L, -2136114929L, 1909679638L, -2092556096L, 
    -645581181L, -1269108063L, -1472605040L, 993591150L, -1727801063L, -2075838037L, 
    1775802266L, 112658268L, 1742345823L, -681433547L, -1125923380L, -580319966L, 
    -1233211523L, 333218935L, -1102366306L, 1673211992L, -1803375173L, -633584807L, 
    334377192L, -2146692842L, 835498641L, 1192542019L, -31352238L, 576433380L, -1146865881L, 
    -605998211L, -2042247564L, 1718532186L, -1210171227L, -736632129L, 1835678022L, 
    1496747984L, -1934177805L, -1679943776L, -354409284L, -414342704L, -133320350L, 
    1767960552L, 961975244L, 385066748L, 1152828402L, -532697984L, 2003863796L, -1274437496L, 
    -1399242438L, -1537692848L, 20545644L, 536116372L, -1469086382L, 2000079584L, 
    -439759668L, -204983136L, 1194440066L, 1692673256L, -1416100628L, 1293498428L, 
    321727602L, -648078224L, 1906635300L, 421578296L, 725934618L, -1835447088L, 9825852L, 
    -898475884L, 217531522L, -181615680L, 989751612L, 1091522192L, 1495471138L, 1056276488L, 
    -2006834036L, 346840092L, 1930027154L, -1162093440L, 311446548L, -1873832152L, 
    842285114L, -1465083696L, 549359724L, 948045492L, 2119486482L, 1422369760L, -833014836L, 
    624499168L, 930687010L, -1809339096L, -855805684L, -1816112580L, 979855602L, 
    1475407088L, 63520580L, 561798232L, 1433087546L, -1986381584L, 981092028L, 932717076L, 
    -751110974L, 1097546336L, -1284230788L, 1608772816L, -269340638L, -1157163864L, 
    1368076684L, -1743912516L, 837323826L, -227365056L, 1530055348L, -418853560L, 
    -604981574L, -593085680L, 1581336812L, 695643220L, 230146834L, -1179193952L, 
    -774498356L, 1760389984L, 1143729346L, 599958056L, 284302764L, -236084420L, -1039765646L, 
    707862320L, -742491100L, -492105160L, -1608726822L, 1211212688L, 307745020L, 
    -1460082284L, 1164294978L, -512232960L, -1840221124L, -480688L, -1680534366L, 
    862840648L, -189290996L, -91187492L, -459268014L, -305819520L, -318147756L, 1733792744L, 
    -16313606L, -408400048L, -1263972308L, 533778804L, -1419679086L, 251515488L, 
    629406860L, 1310567776L, 1443987682L, -504309592L, -1066024244L, 1284457980L, 
    -901638222L, -526667792L, -804799036L, -1838724776L, 1030303098L, -717759056L, 
    -1639736900L, 1774332500L, -2036781630L, 1520798496L, -1621660740L, 551384144L, 
    -1883400222L, 1335810920L, -1483053236L, 524081916L, -949398798L, 1359180032L, 
    -986639244L, 1875098120L, -1175625286L, -855868976L, 228332524L, -1952426092L, 
    1679860946L, -140603296L, 1841805644L, -2035294432L, 1706844802L, 1458975208L, 
    -627883028L, -1114276292L, -1428745614L, -1435347088L, 556007716L, -2139357640L, 
    1248898458L, 1221465552L, -244158020L, -687924588L, 2003908226L, -367396416L, 
    1058234172L, -139704688L, -1675443422L, -246403576L, -768366836L, -400875620L, 
    -2078607342L, 1706001280L, -1030340844L, 1541155112L, 1946417210L, -176576560L, 
    673661548L, -1090698188L, 456469650L, 2014131552L, 920084812L, -508010016L, -348735582L, 
    -680960088L, 643714188L, -1138938948L, -966459278L, 1815024624L, -1877065660L, 
    384242776L, 270665786L, 279511152L, -933082564L, 410913556L, -1315840318L, -2126569760L, 
    -238959492L, 1118187728L, -544726110L, 1816191528L, 1696308492L, 280865724L, 
    -386839246L, -606731072L, 1636482612L, -152213816L, -1887760710L, 1579731088L, 
    -1802966292L, 2107531860L, 592733842L, 1397480224L, 176249804L, 727233760L, -1460815166L, 
    -1618329560L, -302324820L, -1559637316L, 1061920242L, 1015803440L, 1212745636L, 
    1816782264L, -301185190L, 1837074576L, 563389308L, 521689876L, -659193534L, -176659712L, 
    841459644L, 1367909200L, -664805485L, 497185716L, -1596671806L, 1442184407L, 
    908278049L, -228978458L, 17118692L, -1799720683L, -827029185L, -1838230312L, 
    -2124530442L, 856246019L, -467533755L, -1875828638L, 1716381648L, 815856889L, 
    748516907L, 1629880732L, -1031314998L, -947993921L, 257963017L, 1827489054L, 
    207603916L, -1696678755L, -525033177L, -1088992432L, 1355757038L, -367889765L, 
    -101026563L, -1712972822L, -533521272L, -13958607L, -430599005L, -1157048156L, 
    1806723410L, -1745742681L, 1767166193L, 1059711030L, 1634539732L, -888443803L, 
    -1932302737L, -1781389144L, -1286130170L, -685074637L, -2120150123L, -1568266254L, 
    93824064L, -1043227223L, 1639167003L, 477655532L, 567740922L, -1207980497L, -1302676935L, 
    379425870L, -1891410788L, -398520819L, 390820471L, -519028096L, 2063300830L, 
    -1057320021L, -1609491283L, -623697638L, 27006424L, 2049986113L, 1475233011L, 
    614093588L, 631399074L, 2144754615L, -2141194367L, -1537442426L, -1811427388L, 
    -651275531L, -108050593L, -1526658632L, -1000853354L, 543528611L, -705972123L, 
    -1585590910L, 491532016L, -627080551L, -1807620469L, 760121212L, 1855080874L, 
    -696368673L, 1377081193L, -1215864962L, -1814124692L, 1701600189L, 1402472583L, 
    1357218928L, -1254047986L, 1974404155L, 1628932893L, -2022325814L, -1564546328L, 
    -673767983L, -1945776189L, 607754436L, -2127239310L, 1954273863L, 110848529L, 
    1699390358L, -1498634508L, 1734609029L, -1672266289L, 2110064840L, 2071667046L, 
    1634046867L, -504439563L, 34176210L, 163900192L, 1561666313L, 402474043L, -537048692L, 
    666050586L, -999732081L, -1108626471L, 1218950254L, 575510524L, 1004965229L, 
