J3 <- list(list(matrix(c(2,2,2),1,3)),
          list(matrix(c(0,2,0,2,2,0),2,3),matrix(c(1,1,1,1,1,1),2,3),matrix(c(0,2,1,1,1,1),2,3),matrix(c(2,0,0,2,1,1),2,3),
               matrix(c(1,1,0,2,1,1),2,3),matrix(c(0,2,0,2,1,1),2,3),matrix(c(2,0,2,0,0,2),2,3),matrix(c(1,1,2,0,0,2),2,3),
               matrix(c(0,2,2,0,0,2),2,3),matrix(c(2,0,1,1,0,2),2,3),matrix(c(1,1,1,1,0,2),2,3),matrix(c(0,2,1,1,0,2),2,3),
               matrix(c(2,0,0,2,0,2),2,3),matrix(c(1,1,0,2,0,2),2,3)),
          list(matrix(c(0,0,2,0,1,1,1,1,0),3,3),matrix(c(1,1,0,0,0,2,1,1,0),3,3),matrix(c(0,2,0,0,0,2,1,1,0),3,3),
               matrix(c(0,1,1,0,0,2,1,1,0),3,3),matrix(c(0,0,2,0,0,2,1,1,0),3,3),matrix(c(0,0,2,1,0,1,0,2,0),3,3),
               matrix(c(1,0,1,0,0,2,0,2,0),3,3),matrix(c(0,1,1,0,2,0,1,0,1),3,3),matrix(c(0,0,2,0,2,0,1,0,1),3,3),
               matrix(c(0,2,0,0,1,1,1,0,1),3,3),matrix(c(0,1,1,0,1,1,1,0,1),3,3),matrix(c(0,2,0,0,0,2,1,0,1),3,3),
               matrix(c(2,0,0,2,0,0,0,1,1),3,3),matrix(c(1,0,1,2,0,0,0,1,1),3,3),matrix(c(0,1,1,2,0,0,0,1,1),3,3),
               matrix(c(0,0,2,2,0,0,0,1,1),3,3),matrix(c(0,0,2,1,1,0,0,1,1),3,3),matrix(c(2,0,0,1,0,1,0,1,1),3,3),
               matrix(c(1,1,0,1,0,1,0,1,1),3,3),matrix(c(0,2,0,1,0,1,0,1,1),3,3),matrix(c(1,0,1,1,0,1,0,1,1),3,3),
               matrix(c(0,1,1,1,0,1,0,1,1),3,3),matrix(c(0,0,2,1,0,1,0,1,1),3,3),matrix(c(2,0,0,0,1,1,0,1,1),3,3),
               matrix(c(1,0,1,0,1,1,0,1,1),3,3),matrix(c(2,0,0,0,0,2,0,1,1),3,3),matrix(c(1,1,0,0,0,2,0,1,1),3,3),
               matrix(c(1,0,1,0,0,2,0,1,1),3,3),matrix(c(1,1,0,1,1,0,0,0,2),3,3),matrix(c(0,2,0,1,1,0,0,0,2),3,3),
               matrix(c(0,1,1,1,1,0,0,0,2),3,3),matrix(c(0,0,2,1,1,0,0,0,2),3,3),matrix(c(2,0,0,0,2,0,0,0,2),3,3),
               matrix(c(1,1,0,0,2,0,0,0,2),3,3),matrix(c(1,0,1,0,2,0,0,0,2),3,3),matrix(c(0,2,0,1,0,1,0,0,2),3,3),
               matrix(c(2,0,0,0,1,1,0,0,2),3,3),matrix(c(1,1,0,0,1,1,0,0,2),3,3),matrix(c(1,0,1,0,1,1,0,0,2),3,3),
               matrix(c(1,1,0,0,0,2,0,0,2),3,3)),
          list(matrix(c(0,0,1,1,0,0,1,1,1,1,0,0),4,3),matrix(c(0,0,2,0,0,0,0,2,1,1,0,0),4,3),matrix(c(0,0,0,2,1,0,0,1,0,1,1,0),4,3),
               matrix(c(2,0,0,0,0,0,0,2,0,1,1,0),4,3),matrix(c(1,0,1,0,0,0,0,2,0,1,1,0),4,3),matrix(c(1,0,0,1,0,0,0,2,0,1,1,0),4,3),
               matrix(c(0,0,1,1,1,0,1,0,0,1,0,1),4,3),matrix(c(1,0,0,1,0,0,2,0,0,1,0,1),4,3),matrix(c(0,0,2,0,1,0,0,1,0,1,0,1),4,3),
               matrix(c(1,0,1,0,0,0,1,1,0,1,0,1),4,3),matrix(c(1,1,0,0,1,1,0,0,0,0,1,1),4,3),matrix(c(0,2,0,0,1,1,0,0,0,0,1,1),4,3),
               matrix(c(0,1,0,1,1,1,0,0,0,0,1,1),4,3),matrix(c(0,0,1,1,1,1,0,0,0,0,1,1),4,3),matrix(c(0,0,0,2,1,1,0,0,0,0,1,1),4,3),
               matrix(c(2,0,0,0,0,2,0,0,0,0,1,1),4,3),matrix(c(1,1,0,0,0,2,0,0,0,0,1,1),4,3),matrix(c(1,0,0,1,0,2,0,0,0,0,1,1),4,3),
               matrix(c(0,2,0,0,1,0,0,1,0,0,1,1),4,3),matrix(c(2,0,0,0,0,1,0,1,0,0,1,1),4,3),matrix(c(1,1,0,0,0,1,0,1,0,0,1,1),4,3),
               matrix(c(1,0,1,0,0,1,0,1,0,0,1,1),4,3),matrix(c(1,0,0,1,0,1,0,1,0,0,1,1),4,3),matrix(c(1,1,0,0,0,0,1,1,0,0,1,1),4,3),
               matrix(c(1,1,0,0,0,0,0,2,0,0,1,1),4,3),matrix(c(0,0,2,0,1,1,0,0,0,0,0,2),4,3),matrix(c(2,0,0,0,0,1,1,0,0,0,0,2),4,3),
               matrix(c(1,0,1,0,0,1,1,0,0,0,0,2),4,3),matrix(c(1,0,0,1,0,1,1,0,0,0,0,2),4,3),matrix(c(1,1,0,0,0,0,2,0,0,0,0,2),4,3),
               matrix(c(1,1,0,0,0,0,1,1,0,0,0,2),4,3)),
          list(matrix(c(0,0,0,0,2,1,1,0,0,0,0,0,1,1,0),5,3),matrix(c(1,0,0,0,1,0,1,0,0,1,0,0,1,1,0),5,3),
               matrix(c(1,1,0,0,0,0,0,0,0,2,0,0,1,1,0),5,3),matrix(c(0,0,2,0,0,1,1,0,0,0,0,0,0,1,1),5,3),
               matrix(c(2,0,0,0,0,0,1,1,0,0,0,0,0,1,1),5,3),matrix(c(1,0,1,0,0,0,1,1,0,0,0,0,0,1,1),5,3),
               matrix(c(1,0,0,0,1,0,1,1,0,0,0,0,0,1,1),5,3),matrix(c(1,1,0,0,0,0,0,2,0,0,0,0,0,1,1),5,3),
               matrix(c(1,1,0,0,0,0,0,1,0,1,0,0,0,1,1),5,3),matrix(c(1,1,0,0,0,0,0,1,1,0,0,0,0,0,2),5,3)),
          list(matrix(c(1,1,0,0,0,0,0,0,1,1,0,0,0,0,0,0,1,1),6,3)))

