.Random.seed <-
c(403L, 17L, -1243937436L, 160575818L, 1724553397L, 1031368719L, 
478325014L, -1341647936L, -1761804413L, -1102320223L, 1688555920L, 
641989230L, -1296499687L, -1084587861L, -33012582L, 1526666332L, 
935178591L, -802360523L, -1784473908L, 928621602L, -2122008963L, 
1228729207L, -208919394L, -1030618280L, -1444763973L, -1644296103L, 
-572572696L, 1619074582L, -1646321263L, -1258565053L, -1626812078L, 
2140235236L, -1081512921L, 1967405181L, -1711905420L, 1070958938L, 
1902714789L, 855146431L, -1953491898L, -246738224L, -313885453L, 
-1324606959L, 1828191296L, 2097033246L, -491606295L, 164498459L, 
-1522940886L, 833591116L, -1559794417L, -225701819L, 932706812L, 
1931417682L, 808673741L, 2131264391L, 525231726L, 1540466248L, 
1735901259L, -1294857815L, 996648184L, -232320986L, 582410561L, 
384723L, 1277363842L, -412742476L, 325268535L, 1050572589L, -1492716476L, 
717355370L, -2147363371L, -1914260625L, 600255094L, -1218851424L, 
-1532904861L, -1326322943L, 1336345200L, -1608581618L, 1897436793L, 
679010827L, 1103141690L, 834159164L, -1191313025L, -866546987L, 
243174124L, 1136917570L, 1193497501L, 705522199L, 1493774206L, 
622001464L, -690275813L, 1070375801L, -1370909240L, 1815661046L, 
-718504911L, -1964540317L, 2134934066L, -325447804L, 859413959L, 
-189139811L, 1833366548L, 905581242L, -1105431803L, 540772575L, 
-1064799898L, -12929808L, -425508845L, 1456137649L, -609099680L, 
1707781630L, 1133853065L, -1285615941L, 1786333834L, -617073300L, 
290951919L, -169341659L, 30088156L, -1560577614L, 1150613677L, 
1368107111L, 223215502L, 1893247080L, -2106264469L, 241540617L, 
-517218152L, -608465978L, 1424932641L, 643632051L, 1454023458L, 
113833236L, 729626007L, -754414195L, -1533244252L, -1067864438L, 
-519805707L, 1174149967L, -1374182314L, 1381246720L, 1569006147L, 
-1323664927L, -158851760L, 1218401198L, 663933273L, -1361113237L, 
404618970L, 777457564L, 839267231L, 1889851893L, -792404852L, 
310502754L, 1276475709L, 670994871L, 153818718L, 778616728L, 
1363840763L, -1842059623L, 517836584L, -1458035242L, 1722264145L, 
-1243578109L, 1946131602L, -644066780L, 295136487L, -1357414083L, 
-2100136524L, 2094082586L, 928928101L, 1289011199L, 1520146054L, 
-1396183536L, -1064586061L, 1601359697L, -712908032L, 69401054L, 
239968809L, -2041523749L, 1727708906L, 23989388L, 931918799L, 
751012741L, 420210748L, 1619257618L, 765279757L, 1305718087L, 
-208230610L, 1132092040L, 288279435L, 905513833L, 2111718712L, 
2024687590L, 716414849L, -1588332781L, 820060354L, -325010572L, 
1742686071L, -1479368595L, -1844314364L, 1535098410L, 187560853L, 
1556174895L, 1374482742L, 891294048L, 1279766435L, -955721535L, 
1010272432L, 2033588174L, 1161661241L, 1003619147L, 1810004218L, 
-2089213444L, -1996570049L, 410617621L, 230994988L, 584256770L, 
1558095325L, 1482314967L, -626548802L, -638780936L, -1180418597L, 
-2015275975L, -737618552L, 1959936310L, -400540815L, 1654831523L, 
1079510258L, 1622587460L, 1711741703L, 1536031453L, -1579031596L, 
186852090L, -64588219L, 1161475184L, 1877701692L, -1025788652L, 
628652738L, -727378208L, -2053788548L, 1044339408L, -1156642398L, 
-1502847960L, 1751750412L, 123329980L, -608323790L, 1704181440L, 
1337974836L, -345899320L, -337418054L, 1193243280L, 1413873388L, 
831728212L, 957017746L, 904973600L, -259717684L, 2125717216L, 
-2006530878L, 512572456L, 1301390252L, 1762905788L, -873891854L, 
470403632L, 2091238308L, 89898424L, 458530650L, 1644626064L, 
952815484L, -123685612L, 563099970L, 1333794048L, -1909485124L, 
366441808L, -1983823582L, -256257464L, 311137292L, 1780568668L, 
1097209298L, 763735552L, 105437524L, 726080744L, -1194915590L, 
-1984116016L, 1510514476L, -2012400396L, 2004995474L, -625393312L, 
283250700L, -258926368L, -897710494L, -1945116504L, -155602868L, 
-1708423300L, 1473039666L, -1060901264L, -1999607996L, -300672040L, 
719718266L, 1282614320L, 104556476L, 76638804L, -150198206L, 
-2010966368L, -1580477764L, 1612341200L, -911244958L, -1328903448L, 
-80753460L, -1867818500L, 445641202L, -1222670208L, 401030644L, 
1917373064L, -1163155654L, -1387998896L, 534638700L, -1997015660L, 
2016461906L, -1417506336L, 687849676L, 2127006368L, 1856063874L, 
61852904L, 50991852L, 2010581308L, -1544231822L, -606204304L, 
-2087057884L, -954861512L, -1362615014L, -234757936L, 1221418300L, 
1154400148L, 1789890434L, 1573281728L, -567794116L, 2142509456L, 
1997468706L, 1388370184L, 1120121996L, -2003066084L, -1707136878L, 
-1721345664L, -1758610412L, -957542616L, -872884678L, -243490352L, 
-1902079636L, -992544844L, 1574211090L, -136317984L, 1811363276L, 
381342944L, 1674559522L, 776193832L, -1312627188L, -696507588L, 
1025717234L, -359838992L, 28674628L, -1405909416L, -1673509062L, 
131638256L, -212273476L, 2043196692L, 25989314L, 668859488L, 
679868796L, -1537546288L, -1009768158L, 761216680L, 1916144524L, 
-1783812932L, -642752718L, -628780480L, 606233780L, -359574456L, 
1901590970L, 24088080L, 1300035820L, -2136790700L, 1543972626L, 
-1144978016L, 1737386700L, -197122464L, -753332286L, -1362836696L, 
-1559855700L, -2098589380L, -1468764302L, -1002929872L, -335110364L, 
-1631521480L, -2023826726L, 1133156240L, 1666552572L, -574136428L, 
1012439106L, -428978944L, -1719931844L, 1280769360L, 1280305314L, 
645531464L, 1352603404L, -414188836L, -387955886L, -760397184L, 
2038769748L, -2071970840L, 640120570L, -675403440L, 1940800300L, 
-1545472140L, 566948754L, 308860512L, 1703198604L, -656088224L, 
1345980386L, -712380504L, 1331944652L, -938783236L, -1028633678L, 
-478500368L, -2023536188L, -1891913384L, -1486019206L, 1395650992L, 
1922224060L, -1050947500L, 3376066L, -1753848800L, 748481724L, 
-1504155056L, -1998565406L, -1053821336L, 818203212L, -1240874756L, 
1568534514L, -462144256L, -409233548L, 1387225096L, 525071802L, 
-785662512L, 449479660L, -1032740972L, 898649042L, 249313120L, 
-1399900852L, 2141756704L, -589950078L, 748915432L, 1205957868L, 
2125511228L, 173284210L, -272283024L, 852641828L, -194578632L, 
41598106L, 657634000L, 71606460L, 2095589012L, 1485446253L, -771826470L, 
-1508154216L, -1226366207L, -818050893L, 722396116L, 2060156642L, 
1670266743L, -627768639L, -1391791546L, 378666372L, 1168745269L, 
1857339679L, -1186338696L, -41077418L, 1602210787L, 1594394021L, 
-188815294L, 1603446320L, -1748967847L, 1923536843L, 867289148L, 
1867052650L, 517344415L, 1943313705L, -362092098L, 788138156L, 
1773383165L, 1194677575L, -1497969104L, 1715820366L, -554005637L, 
785812701L, -705151734L, -233584600L, -1798579055L, 1083779203L, 
201312644L, 331003826L, 728070407L, -1516160175L, -631059754L, 
321270708L, -1264284731L, 1016433423L, -6415992L, 1721007270L, 
1337568339L, -1045287499L, -569097454L, -1211559712L, -948923063L, 
-279787653L, -1603378612L, -817861670L, 1673232847L, -1147709543L, 
1383608238L, -90835780L, -689500883L, -1860665641L, 1376421664L, 
-1607749506L, -474524085L, 1175628877L, -1816759686L, 1896901304L, 
1212227681L, -518692333L, 33089588L, 1158800962L, 751120983L, 
-1471151711L, 976896614L, -626580892L, -363138667L, -836244801L, 
-1618128296L, 1655801462L, 1848285827L, -838975803L, -1515967518L, 
-2023725488L, -476171399L, -213837653L, -1171279844L, 10854218L, 
-1304717505L, 1469065609L, -2127349346L, 278523980L, 212089373L, 
-1426188377L, 189344464L, -924828562L, 819725083L, -831685507L, 
-765537686L, 1104929544L, -137614415L, 1400511523L, 1731687716L, 
1926107602L, -1419529689L, 634035313L, -973946186L, -489107884L, 
853848805L, -1869975825L, 1716324904L, -1402495354L, 1056577715L, 
-1168855531L, 269385842L, -55497536L, -937451223L, -1334454373L, 
-647237524L, 1944306810L, -1006408273L, 2073619641L, 629348046L, 
-1971620836L, -867768435L, -1193577993L, -1817271040L, -782322850L, 
878851115L, 1227254573L, 1363629978L, 1989420376L, -2009380671L, 
766203763L, -1555776364L, -1505867486L, 749533239L, 1219176705L, 
