.Random.seed <-
c(403L, 1L, -222802501L, 741398410L, -98214292L, 224575471L, 
-1804904411L, -242763556L, -25731406L, -1363537491L, -306522777L, 
1158455950L, -139498648L, 457610091L, 1964305673L, -1940495464L, 
763982534L, 426031137L, 1385532595L, 1835929122L, -277934060L, 
1113396375L, -1974780275L, -868126812L, -415960694L, 1943055861L, 
-389693361L, -720226474L, 1019719168L, -2111709373L, -78481695L, 
-2106649520L, 835181742L, -541874087L, -873215893L, -1002058278L, 
-265128292L, -988919649L, -505576715L, 590380940L, 1412542050L, 
1127699005L, 1828265143L, -165452962L, 755435160L, -1128520197L, 
-196429927L, 647512104L, 420989142L, 151997777L, 61774851L, -2059222126L, 
-735006428L, 1578772455L, -1146512323L, 820169396L, 630745370L, 
-509515163L, 1667374847L, 751231878L, 1640457488L, -1241694797L, 
-986210735L, -1106043392L, -1609581858L, -1273538263L, -624859941L, 
-194862102L, -1947233396L, 593777871L, -1710965627L, 2059122492L, 
-1983338990L, -439343859L, -1735831993L, 992646190L, 1254709640L, 
1686921355L, 272087657L, 68126264L, 2131377894L, 794204801L, 
986498579L, 933024194L, 1538693748L, -625689481L, 1748026733L, 
333240836L, -1188857558L, -2025369963L, -958946001L, 1321820214L, 
-1367387040L, -1009362269L, 770534849L, 590776752L, -2023106354L, 
-1988516295L, 424966219L, 1188194810L, 1230513404L, 1337133375L, 
-431110635L, -1850714836L, -2012047870L, -1192612643L, -1997678633L, 
754066110L, -685132552L, -556381477L, -1953345223L, -1647405944L, 
1591268406L, -2080264079L, 801481379L, -1532676110L, 759618372L, 
1374024711L, 1255150045L, -743158060L, 2070671866L, 906501445L, 
-822810209L, 1254136614L, -274938960L, 1329877075L, 1384516465L, 
26360480L, 286576190L, 633251145L, -828548101L, 638296010L, -589139668L, 
486206767L, 1195643877L, -1671329124L, -1229222158L, -1996947603L, 
-2060232537L, 700889806L, 883861544L, 2018685995L, -197249463L, 
490061656L, 1148680710L, 1918182369L, 1001046387L, 2114548194L, 
809092436L, -1905656745L, 1024917581L, -993229852L, -1514184246L, 
-1294292939L, 563209871L, 1114249110L, -123372736L, 360134147L, 
-627618783L, 137813776L, -985467666L, -1482515303L, 2259243L, 
837595162L, -936170788L, 1577368287L, -1825389387L, 250393164L, 
-372080990L, -795228675L, 438611703L, 207079454L, 771173080L, 
861429307L, 136563673L, 338155880L, 481915030L, 603737617L, -1969395773L, 
-1197335598L, 1356424804L, 1163572647L, 228977405L, 1665036020L, 
-404616742L, -914764507L, 1548655679L, -238892090L, -183818160L, 
798311539L, 1555245201L, 2023717056L, 1256747678L, -1260310935L, 
1544421019L, 2096665514L, -1090881588L, 917457551L, 1725063877L, 
2046151292L, -2005219630L, 1577906765L, -791830777L, 1719812846L, 
1847605192L, 314587339L, -894596823L, -435916424L, 1481307814L, 
1543438529L, -1159378605L, -170543614L, 1494454068L, -867574601L, 
1365044397L, -22505020L, 1286552042L, -721303979L, 528357359L, 
304490486L, 2094096672L, 867733219L, 1946105729L, -28020240L, 
-1763970930L, -456755207L, -2032726645L, -666633798L, 1320761532L, 
-1786576750L, -811026048L, -1710385644L, -819679448L, -398153158L, 
2067824080L, -444085908L, 1485783988L, -1234962414L, -576109088L, 
-883173428L, -126009120L, 1871886370L, 810463528L, 1208258060L, 
-2059425988L, 556176370L, -1440617744L, -1658884540L, -2087021992L, 
-738812102L, 177083888L, -974833988L, -1165469420L, -818310462L, 
735495264L, 2099843964L, 1918920656L, -161058526L, 1706408616L, 
1714846604L, 530221244L, -1348583630L, 1706748480L, -133538636L, 
88289864L, -1276103238L, -503250416L, 919134956L, -1389600428L, 
1895702802L, 1656319392L, 1028420300L, 807206496L, -1528932414L, 
-1989691608L, 60665772L, -6819012L, 1986251122L, 75455280L, -1439826652L, 
-2126296264L, -401592614L, -983922800L, 553963260L, 896990100L, 
1927901250L, -1513483008L, 1889469500L, 1830060368L, -31080286L, 
2086728008L, -986577140L, 1610171100L, -1101800110L, 454661248L, 
-1947013036L, -2095181848L, -654333702L, -735323312L, -1399193812L, 
1613891956L, -151835758L, -148473760L, 1661623692L, -1578714272L, 
893499874L, -1673604184L, 1851462860L, -787296260L, 2131977650L, 
-1651354128L, 2049141700L, 934573400L, 2061212026L, -1125612624L, 
-919627332L, 469928020L, -68024382L, -728281056L, -1075345220L, 
1839391312L, 788800482L, -1043308440L, -1241254836L, 1924868348L, 
1180822514L, -705009408L, 1008488820L, -1041646584L, -89534534L, 
1215316432L, -1120523284L, 1209905556L, -858557998L, -1889230496L, 
-76619956L, 1183029536L, -1285034110L, 317857512L, 928420076L, 
1481585724L, 296987506L, 1903951472L, 1208005668L, -1803400392L, 
1917750426L, 150696656L, 958759100L, -354947436L, -803076478L, 
-1734944576L, -1895763140L, -363258736L, 1694686754L, -1860337656L, 
372653324L, -1942070116L, -1619010030L, -434618496L, -671404524L, 
-1985131992L, 1399883066L, 1976310224L, -1943735188L, 1417509172L, 
-781408622L, -1640871072L, 74056524L, -724609056L, -455202910L, 
-226539608L, 1553649036L, -345347908L, 2075543922L, -1228917520L, 
2007171140L, 1868616024L, 1896379962L, 426302320L, -1959643076L, 
1701486356L, 289060290L, -455394592L, -1427429508L, -204116272L, 
-886589278L, -1969284056L, -1034492660L, 2138499004L, 518450L, 
-1097160256L, -751105484L, -149279800L, -1878361926L, -437364336L, 
-1707085332L, 2101461588L, 30326930L, -1511653600L, 735177164L, 
-2108238368L, 287520450L, -2098240472L, 933425836L, -701840196L, 
-1144882702L, 1515061552L, 1814533284L, -512874824L, 924585306L, 
-444717680L, -1709730948L, 559692052L, 786453314L, 1858665216L, 
-2054129732L, -2035597488L, 1821016866L, -703701688L, 1828846092L, 
2003458140L, 1871138002L, -426288640L, -1970877100L, -128656920L, 
216931322L, -1121374000L, -1119863508L, -1677593868L, -1926993518L, 
-1275071392L, 1601799436L, -832269600L, -376895134L, 346792L, 
1502171724L, -16563844L, -1003715278L, 2139590768L, 919435076L, 
903597528L, 115678330L, 106425904L, 1125911228L, 1400377172L, 
1972597826L, -1694823008L, 129915580L, -754607664L, 1679150434L, 
2006429672L, -1600870452L, 1643642620L, -45424142L, 800770176L, 
307893492L, 469347813L, -1608288273L, 2044450600L, -409505914L, 
136592307L, 1479207701L, 541640050L, 1975925184L, 1458158121L, 
-88088933L, 1546233708L, -319856774L, -224253777L, 715531193L, 
-1087142450L, -2053541604L, -1397279603L, -162891529L, 243438592L, 
-613894562L, 1665075499L, 1878858285L, 2015586970L, -767707560L, 
1343379905L, 1480992371L, -1397578860L, 647043618L, 1775756599L, 
1214153729L, -1996093178L, 272497988L, 916029557L, 2059948511L, 
520404280L, 1270935318L, 97292067L, -646361883L, -443614974L, 
-942769296L, -982494439L, 538583819L, -1842647044L, 19794986L, 
1404379231L, -1222588439L, -366671618L, -95061780L, -421987267L, 
744853511L, 2010696688L, -1516427378L, 255907259L, -1324264547L, 
-158987958L, 1361936744L, -1768061103L, -163744701L, -941884092L, 
292519410L, 278067143L, 429808017L, 1482919190L, 1640813940L, 
102667269L, 925160527L, 417081416L, -3580442L, 2018669331L, -1355496331L, 
1043635794L, 1899862176L, 1783107977L, -827268677L, -414794228L, 
-625694822L, -444928241L, -1152600743L, -1147924498L, -628304260L, 
-931250451L, -578696809L, -936926624L, 588281918L, -895368949L, 
-747949171L, 2088964282L, 1279874808L, 1732689057L, -1149425581L, 
1505522548L, 372781314L, -586878569L, -994817183L, 2103816102L, 
1027783076L, -671383467L, -70437633L, -1794123368L, -567041354L, 
1348025155L, 1964721797L, 1096264482L, 882921488L, 2145291193L, 
-1160192917L, 1966268252L, 1779959434L, 353051263L, 134704073L, 
-319006626L, 216681228L, -1483255075L, 1054473191L, -711581680L, 
-873640658L, -32849445L, 2111690429L, -1969945558L, -291179320L, 
200569329L, -56557725L, 822888292L, -1667031406L, -968500377L, 
-1564850895L, -391422346L, -295616620L, 1191631781L, -977982289L, 
1613963624L, -267056826L, -586112781L, 379854421L, 2132312626L, 
346320896L, 1947997417L, -1731021989L, -1147243092L, -2139869766L, 
