`.Random.seed` <-
c(403L, 200L, 755797378L, 1252176088L, -959673241L, 1922056178L, 
-1645820382L, 1021440727L, -48774330L, -428839010L, 463183018L, 
1270351522L, 1142696352L, -1326931595L, 609772988L, 841120753L, 
103262634L, 93771487L, -1671543956L, -1061569202L, 495927654L, 
1927343663L, 232348467L, -526219129L, -96890752L, 1330540073L, 
-1027880341L, -1135590722L, -784362618L, -2059040261L, -1498582316L, 
-2020076496L, -984644112L, 233798678L, -448116112L, 2138501453L, 
683238629L, 839386955L, 1215670638L, -614608003L, -470442654L, 
2014865511L, 307763154L, -618294763L, -344613433L, -944242059L, 
-1790928336L, 1655213616L, -394147036L, -895000394L, -374892790L, 
23116153L, 793754286L, -1265167849L, -1196216370L, 366440121L, 
-793973491L, -584000767L, -627839001L, -118811502L, -553511794L, 
1506177770L, -30454025L, -706594150L, 446330645L, 1000766387L, 
-420534257L, 487117501L, 1220768882L, -2008131745L, 1130431791L, 
937487283L, -1790898290L, 708578137L, -1600679735L, -2110718953L, 
-936207035L, -1551820872L, -1479091016L, -457911082L, -1103473188L, 
-22835928L, 335255831L, 1680151835L, 1578007366L, 1514796214L, 
-2132397898L, -69033490L, 393631191L, 1404556783L, 42137526L, 
1610219738L, 1413515341L, 1130705787L, -896414548L, 1856169072L, 
267214312L, -1148995257L, -1922172175L, -1557083435L, 660208323L, 
-151741283L, 2127129517L, -117554558L, -1953060230L, 1309568324L, 
-1981360842L, 1020722987L, -1162148122L, 225252419L, 1818277141L, 
-2132885851L, 1134521063L, -2088029887L, -1463180125L, 114009048L, 
-1786377595L, -1214374290L, 1300169165L, 645890028L, 1786901281L, 
-364868580L, -1461221399L, -336878021L, -1624156263L, -942277955L, 
-511208313L, 1515412048L, -1678467798L, 1536791662L, -1327664037L, 
1214927995L, 576219023L, 423040805L, 258728624L, -794102509L, 
-1908812770L, -1294983902L, -1369742036L, -1765436693L, -912797677L, 
-1290401404L, 1827947572L, -431748919L, -585646345L, -1809489169L, 
-76941268L, -1493935822L, 855767818L, 488056153L, 658394098L, 
-1314356830L, 1101402852L, 1403235074L, -2094575086L, -1624457058L, 
-1414477595L, -1953787972L, 918451767L, -2021052916L, 1094137287L, 
-657290866L, -292431658L, 1965300692L, -726279316L, 1528747381L, 
338097206L, -2126339659L, -2144040171L, 1797325073L, 317654052L, 
-83111938L, 1977452704L, 1320249229L, 2032808110L, 2134901603L, 
-802822302L, 1026304603L, 1928701039L, 954814962L, -578591253L, 
-1176812392L, -1008513871L, -1764390089L, -448751786L, -1408428428L, 
-957838896L, 82383468L, -974781662L, 291739513L, -2002392504L, 
-1023792425L, -1178652978L, -193932984L, -713008759L, -1103793708L, 
1426338803L, -1078818045L, 1861750905L, -295873613L, 1284610160L, 
522669028L, -1780983890L, 841645389L, -1630046169L, 1440450634L, 
-1080098353L, -1085970207L, -130215114L, 208287544L, -963360078L, 
2072701533L, 1516262421L, -66898698L, 609084068L, -18625200L, 
-12230263L, 812071368L, -1926934118L, -1603834634L, -1671127102L, 
-1659487779L, 102512216L, -392111324L, 1823512535L, -1593791969L, 
1666712700L, -861593539L, -1635757400L, 1931065948L, 862004667L, 
-1177336687L, -1091256134L, 674814378L, -1736506221L, 1934067703L, 
-222716012L, -362195591L, -1090633599L, -2125415236L, 1125310265L, 
-2081066271L, 1613184041L, -1787080173L, 1914852689L, 823679397L, 
25542101L, 697591502L, -557547148L, 196605900L, -1375673570L, 
1588156220L, 1313570914L, 782254186L, 984258906L, 393900655L, 
1022248672L, -483711612L, 1303606771L, 1633072809L, 1466339527L, 
-943369449L, -1191833306L, 303268882L, -510906990L, 385632138L, 
-1320452949L, -1804129578L, -872666496L, -1283163602L, 2099568141L, 
-972236847L, -535333875L, -855330010L, 249809707L, -917792518L, 
1402609964L, -1478593199L, -1589427790L, -1758449224L, -15109448L, 
1314358093L, -1396727697L, -286242399L, 902733920L, -923710190L, 
-1327958248L, 70475661L, -611536572L, -1892261460L, -614591939L, 
366306573L, -1712652385L, -1633065634L, -514432482L, -1856584577L, 
184973830L, 2026473730L, -237963857L, 615394571L, 1514547899L, 
-1090081650L, 1076769823L, 1051476336L, -1917644663L, 680006598L, 
1693577390L, 1330261681L, 1353911269L, -1572037163L, 1032066056L, 
-359015258L, -1399436693L, -1260205615L, -1086671050L, -804236391L, 
1316217320L, 987389371L, -897604348L, -1758707001L, -46946363L, 
-405430651L, 1482033441L, -778242053L, 1474761731L, -9281621L, 
-1645778659L, -1012842685L, -542431547L, -555974153L, 1448367915L, 
1952681675L, 523761294L, 993610599L, 786427832L, 715506551L, 
-787682177L, -2108066522L, -451125016L, 1357547332L, 1208557510L, 
1324419193L, 1906307393L, -1953830011L, -1458224069L, 1167600247L, 
120529665L, -930355361L, -79321623L, -827404396L, -700570459L, 
-1052207153L, -2055864178L, -1145840137L, 1441312339L, 1609075318L, 
-1065136652L, -1432914816L, 2132801793L, 1732916436L, 1782813930L, 
1913039938L, 1041124353L, 1369298362L, 736675514L, 1473243503L, 
1579307480L, -1474998054L, 1722870438L, -1908144811L, 1864164408L, 
-562262793L, -817723069L, -2112070818L, -1525080143L, -544601253L, 
1530890463L, 418824475L, -188153497L, 1185025178L, 101538091L, 
1225024680L, 178740572L, 410504903L, -1055134406L, -46009553L, 
-584769864L, -1466396899L, -136433819L, 265690947L, -187852532L, 
-849461872L, -91758968L, -1107793334L, 1781478230L, 1990097733L, 
-984134961L, -1949496267L, -567965359L, -411355340L, 866819398L, 
-1913139661L, 1750782282L, -798042491L, -833118723L, -310340606L, 
1221946575L, 2066728513L, -2139358244L, 1595113723L, -1937285607L, 
708928874L, 1517860437L, 966434646L, 1622368159L, 1674320885L, 
689866842L, -474282830L, 741182156L, -1501618689L, 1352316931L, 
353615189L, 711579287L, 367069198L, 955285624L, 606664019L, 773965117L, 
-1041363862L, 2136680974L, -1736445858L, -1702920077L, 2050407536L, 
-79944509L, -1107774268L, 1007312213L, -1306698098L, -768633022L, 
1644906447L, -1989568157L, 684606642L, -511749165L, 276446942L, 
-22086245L, -809033465L, -1281876441L, 1574297959L, 938029483L, 
847853992L, -541555628L, -1477641775L, 378904856L, -692598587L, 
1641238328L, 2035416525L, 1950947856L, -974568446L, 1383083475L, 
1146694101L, 721265267L, -491841780L, -2000485777L, 151219522L, 
1225878519L, 2087648629L, -464269669L, 972904878L, 795295537L, 
-525162633L, -355962394L, 1063938684L, -1682420366L, 832589120L, 
-802676963L, 750751440L, -1751215333L, 1832120618L, 1422315218L, 
176224494L, -1483853082L, -1868162866L, -1774106783L, 680082527L, 
1412253154L, -1825251448L, 1982351386L, 1259932166L, 394961837L, 
-1587431472L, 2114934034L, 386218915L, 1322617193L, -1068471185L, 
-64400355L, 1964644505L, 1661928456L, -265801259L, -1811833422L, 
-2109980389L, -534210249L, 2141564938L, -55266879L, 1010620365L, 
-1672293966L, 1260128103L, -1849124650L, 1971731491L, -1321293271L, 
-444515942L, -2043649159L, -84378446L, -1394490968L, -2090555096L, 
1220583606L, 799255803L, -1245000013L, -1454530873L, 1389549274L, 
944255326L, -202662888L, -195498777L, -290615877L, 556872512L, 
1588374578L, 981099839L, 1182724966L, -712993105L, 423172932L, 
-1273286234L, -362529444L, 1990451873L, 628031042L, -1721456639L, 
-938644486L, -1442474839L, -1614791676L, 1370379290L, -1646166217L, 
-392253847L, 1107119980L, 1865148577L, -226501980L, 1420825342L, 
-1611643297L, -129431084L, -1673427531L, 2049713070L, -2104986212L, 
1143795256L, -478086153L, 521227992L, -488210108L, -318005952L, 
-1785817181L, -1132417091L, -339966638L, 195886860L, 1818934113L, 
820093787L, -2051186918L, 1742072557L, 512778205L, -6313536L, 
-770899946L, -528424749L, -1504608274L, -1204837038L, -115457174L, 
1858429662L, -1248386782L, -1087818943L, 1864562817L, 444458876L, 
-218385189L, 1361889529L, 964827252L, 762361833L, -970819398L, 
1503210025L, 1583134062L, 1021814450L, 455474708L, 886264684L, 
-593558472L, 296967180L, 472375427L, -1986160728L, -1450582359L, 
-1225353744L, -343859724L, -1853550633L, -635417789L, 1018875250L, 
