.Random.seed <-
c(403L, 10L, -1548101974L, 1085443093L, -1619575633L, -1313869130L, 
944091360L, -488834013L, 1712915265L, 2063568432L, 1417292878L, 
619734201L, -1225858869L, -725578374L, -1143811972L, 1476359359L, 
515834261L, 1583286700L, 259660674L, -1977147043L, 1555243095L, 
2057090878L, -475807880L, 1114870875L, -275110983L, -881008120L, 
1591675062L, -1396592655L, -185787869L, 1997902450L, 1866631364L, 
1344773767L, 674715229L, 1249048660L, 310643322L, -507383355L, 
164733727L, -1332113754L, 375332912L, 1026425555L, -1736197903L, 
1962656800L, -1418018114L, -698046775L, -662412165L, -66299318L, 
-842146132L, -1050076753L, 1389064549L, 296722204L, 1887552370L, 
1423687661L, 228601895L, -844699570L, -517780312L, -1979669845L, 
303523785L, -1748083752L, -436360570L, -2110157983L, 805129971L, 
293769570L, -312553516L, -1351361833L, 330817741L, -1662658460L, 
1072903754L, 680264629L, 65232655L, -1510056938L, -1419172160L, 
-951336829L, -272466783L, 997020304L, -24473234L, 1379176217L, 
801391531L, 879145370L, 1430013276L, 298777695L, 1165001781L, 
1250246604L, 323615522L, -289340035L, 1302677111L, 776462238L, 
-1169375656L, -1983375429L, -1618298535L, 1198830312L, 1956506390L, 
-540656495L, 2103234883L, 2097364050L, 1479737060L, -611915481L, 
-325236355L, -1429569420L, -1569758630L, -359715163L, -1508959041L, 
-931504314L, 169647568L, -1424973837L, 618465041L, -464337088L, 
-2007322850L, 1929969641L, -1524869861L, -1804587222L, 1746542668L, 
1416079375L, 1049191237L, 16499964L, 849122130L, 238421197L, 
1380656263L, -517890194L, 27816264L, 754038091L, -395913047L, 
1530276344L, 635844902L, 150366785L, 1534477267L, -693792382L, 
163526068L, -1697472201L, -1433517011L, -1240673980L, 422995562L, 
-1085853483L, 2021842543L, -1613440138L, -431969120L, 919831907L, 
-383236607L, -350976656L, 1746031886L, -1784572039L, 1976723211L, 
366004282L, -1580492996L, -915647361L, -1283782699L, 7367148L, 
-543388862L, 1856345245L, 1494404375L, 349406334L, 530955320L, 
-1687594213L, 1261162617L, 83187912L, -475827978L, 735482161L, 
-185878173L, -1198552270L, 1755350148L, -292781881L, 652745629L, 
870997780L, -110996038L, 971338757L, 996485599L, -858870682L, 
-528995344L, 442627347L, 17812145L, -950819488L, -2118771970L, 
-1207306615L, 1557905851L, -1204741238L, -667590036L, -1074369553L, 
578679845L, -163722020L, -1305501006L, 1166431661L, 680053095L, 
-2035816818L, -1918333080L, 2145769323L, 1218089225L, 88336280L, 
799588038L, 1955572769L, -446035789L, 468726306L, 247063572L, 
46119063L, 2138987149L, -2097636444L, 504710538L, -1723743755L, 
399899727L, 347110230L, 1466520064L, 880651075L, 1858595553L, 
1863620688L, -1260537682L, -2055775143L, -1224389525L, 201359834L, 
325601948L, 2096456863L, -215828747L, 1939434380L, 1744292450L, 
-824603075L, -1342197577L, -1542279330L, -2134052200L, -116260357L, 
1681267609L, -1509309400L, -1792486186L, 492806481L, -2046459901L, 
-266696814L, 1124648228L, 1163496423L, 1191555133L, -1350705484L, 
-97405670L, 1126463077L, -1497556225L, -527521348L, -96412076L, 
-276874814L, 213426976L, 1426330556L, 1306734672L, 1583946722L, 
-665829528L, 355317580L, -1661931780L, -1346001166L, 1840848128L, 
-1573397388L, -1527198200L, 625223098L, -1435048496L, 1031071724L, 
101723028L, 639797458L, -685525920L, -1659212468L, -1479093472L, 
-887289214L, 352014824L, 1479564268L, 1039289916L, -547535246L, 
-1557779600L, 1323707684L, -100001224L, 1692598682L, -1254347312L, 
207898044L, 1438363284L, 1662202498L, 1497476544L, 1411323708L, 
-1553661296L, -380934366L, -587692536L, -5938420L, 2089849756L, 
-519234542L, 597633920L, -1185879276L, 1261958440L, 704348218L, 
-613076016L, 1447115372L, -1012986828L, 1605136530L, 1197496672L, 
-1256121012L, 652228064L, 1315560354L, 1941945256L, -703353716L, 
717382588L, 480597106L, -1175656464L, -520948668L, 469330008L, 
1581092922L, 1434282096L, 735399484L, -1092172012L, 94595778L, 
1157993184L, -1461418884L, 841592016L, -1265613918L, -1351123416L, 
-1194684148L, -1969522756L, 903446834L, -2111727424L, 1379103284L, 
-1398674744L, 1439355578L, -509207408L, 632272620L, 31749716L, 
1948956306L, -282335456L, -1853679668L, 448522464L, -389652798L, 
-913353688L, 1808202668L, 179395260L, 1785143794L, -1293797840L, 
709973924L, 1344836024L, -1016632486L, 854746256L, -564487300L, 
495120148L, -1266422462L, 1683377920L, 1091140540L, 1370566480L, 
117780770L, 1481411144L, -729933812L, -138097572L, -1318555182L, 
1724921344L, 1488793940L, -808324888L, 845820154L, -386222384L, 
1949722924L, -685881100L, 375627154L, 1732143456L, 447064076L, 
-1030067488L, -1092914590L, -1066956120L, 520374860L, -882763908L, 
143760690L, 443729520L, 1133108036L, 617977816L, -35573894L, 
1996963376L, 520927164L, 1842898516L, 1563826242L, 1663275168L, 
-1903841604L, -2027869744L, -921795742L, 1315513064L, 455839948L, 
918098428L, 2110454258L, -1776645504L, -417638924L, 1102890632L, 
-695406790L, -1104121008L, -1884916628L, -892565100L, 334517330L, 
-1621554720L, 1930255564L, 1979542688L, 162977154L, -889495320L, 
-1382850836L, -1881662148L, -1626579854L, 904032368L, 758286372L, 
1522273336L, 1809733402L, -2012754736L, -838641860L, -1464330348L, 
1621531522L, 1273467328L, -2097226180L, -1254918768L, 1241916962L, 
1523842312L, -6474100L, 122103580L, 1179447442L, 142858624L, 
-858968556L, 1439797032L, 1513742906L, 921777616L, -772933268L, 
-1046137932L, 1145133074L, 888028640L, -1406906420L, -1563430688L, 
1613522978L, -2112036568L, 1499004428L, -536920260L, -2103309326L, 
-999462160L, 1146676804L, -1104420264L, 2145689402L, 104969712L, 
885116604L, 1647462676L, 1091586754L, -258106272L, 1663996796L, 
-1364187184L, 730480930L, -357410136L, -243706996L, 207415484L, 
-1065445582L, -962389440L, 1340204212L, -1547851192L, -1255051846L, 
-775325168L, 1083890412L, 2070563156L, -1592389358L, 1391119776L, 
-1335260468L, 871050848L, 2028052418L, 1906962216L, -35225684L, 
-1812360388L, -804144782L, 1201638192L, 898045220L, -1830245576L, 
1106077402L, 1144110992L, -1410277636L, -1402416236L, -1736718270L, 
153174842L, -1246512264L, 1900071201L, 419865043L, -1639116556L, 
632304002L, -2080132073L, -2013093151L, -1382802394L, -939521756L, 
1581943253L, 1510614399L, 1474223128L, -1281371338L, -1426061885L, 
-1237832699L, -1857017950L, 1087316880L, -1557158087L, -1880550421L, 
138929372L, -895369974L, 1970332671L, 1604572745L, -1655692322L, 
1727544204L, 1667226461L, -1203066009L, -1349246832L, -916865362L, 
-1073226917L, -185652419L, -516988502L, 147738184L, -826818959L, 
812081123L, -1383527708L, -1182502382L, 435971559L, -1067454031L, 
205887478L, 1460234772L, 226825509L, 2029061679L, 1566778344L, 
250311878L, -689434253L, -579847723L, -757477966L, -994417792L, 
-1979820183L, 993803227L, 93332268L, 1115077946L, -314981393L, 
295655033L, 1633161486L, 1786679516L, -425253043L, -425908553L, 
1339368512L, 927882526L, -695920661L, 109788013L, -1555301926L, 
-1000475752L, -494147071L, 391244723L, 1087204052L, 366320610L, 
1735347831L, -177137727L, 1974371654L, -915696508L, -361301451L, 
-1481563617L, -495307400L, -1235692458L, -1935587101L, -1564574043L, 
-450931902L, 1266735408L, -204570279L, -495758645L, 1874475836L, 
426513258L, 1988788639L, -210356183L, -487144770L, 1822561196L, 
-229064451L, -391730105L, -328770768L, 556829774L, 2107940987L, 
500093917L, 1734908426L, 640519976L, 2114208145L, 776263555L, 
-2094789500L, 570325682L, -1832141305L, 1404567121L, 1546425814L, 
-2136643404L, 1528304837L, 1454822927L, -630935928L, -1690786906L, 
-1073599661L, -126982987L, -2055323118L, -2003398688L, -153337271L, 
1354090619L, -256607924L, -1803703078L, 1161260239L, -66484071L, 
-1167473490L, -1273273924L, -409798099L, 591646167L, -821713888L, 
1836566910L, 1888724811L, 615845197L, -2083941510L, 1206257080L, 
-422946975L, 202301203L, 864745268L, -307763902L, 585173335L, 
846967969L, -521261722L, 1675702116L, -173171051L, -366602305L, 
1406597976L, 107247990L, 1170996099L, -1883887163L, 1131142882L, 
-1045348528L, -2041599367L, -745001557L, -1010224356L, 1250722890L, 
