.Random.seed <-
c(403L, 139L, -1764285837L, -203336522L, -1785834324L, 1180120990L, 
1680996116L, 400351953L, 1447119899L, -49291324L, -1322186220L, 
-800499622L, 1818134655L, 1265617319L, -2024684104L, 509884112L, 
709574379L, 940872132L, -139617598L, 422764011L, -1438765331L, 
-1673978413L, 584109023L, 739859326L, 2069710968L, -2052309255L, 
-1910340835L, 1568300437L, -1138956274L, 1792316234L, -1328019079L, 
-2104794345L, -998869158L, -203267913L, 1420814689L, -2116436676L, 
1567347826L, -1938083020L, 2141076630L, -431715381L, -682748711L, 
-140404926L, 484192034L, 1692076656L, 696275277L, -14124179L, 
1476366282L, 1686573050L, -44071191L, 949887778L, -1729100640L, 
1214581553L, 1212652123L, 2077773977L, -1037897255L, -1879551824L, 
510116310L, 578181471L, 1451673619L, 1528882099L, 509072140L, 
1044269024L, 1162035835L, 331404481L, 1993209448L, 1406241661L, 
-1936216225L, 1042589538L, -1127391808L, -1407596478L, -438507096L, 
-1582796539L, -1378062529L, 703390264L, -1134746224L, 1408357190L, 
1199402811L, 946313099L, 1381702244L, 1160050540L, 2057559527L, 
1120132952L, 1187691942L, 1695273407L, 1287103593L, -109047281L, 
425932411L, -2131034806L, -571541708L, 587261765L, -463380815L, 
-804414695L, 736231394L, 1913029862L, 265258461L, -1481530341L, 
-1517666146L, 500890595L, -727764003L, -334156632L, -1368332970L, 
-955214584L, 280907098L, 1170427967L, -2007205731L, 1420399638L, 
395311598L, 1925181548L, 619225225L, 1090090785L, 1867896294L, 
1463021382L, -984262251L, -1466681194L, 1482615972L, 1420668802L, 
70912336L, -1196314597L, -1629933326L, 1601752086L, 21417172L, 
-1132654216L, -1621960049L, -1893989274L, -1869041267L, 1125944296L, 
-28241838L, -1525376815L, 571049560L, -1942924472L, 1352510997L, 
2060404173L, 520874911L, 1084227884L, -1258003153L, 469205559L, 
-1740394991L, -334735397L, -332304376L, -2057191985L, -1064645434L, 
-1084383057L, -1265147511L, -1980524224L, 1194682595L, 1495043017L, 
635124304L, 1141928028L, 1301119338L, 872149917L, 609611976L, 
-380611292L, 1098742190L, 1015832138L, -1196928443L, -797782076L, 
1258759347L, 763105486L, -183335564L, 1985466947L, -1326104834L, 
-973733818L, -1848269857L, 1767955407L, -1128616599L, -1800063138L, 
-1494284331L, -400759643L, 457872763L, 1784578917L, -372644618L, 
206289117L, -616517188L, 1061869644L, -105067262L, 1755934318L, 
767888215L, -148934372L, 1170064729L, 1031102936L, 2034248404L, 
-117022142L, -210297597L, -121917414L, 2134547602L, 599413043L, 
2043471204L, -535018392L, 1854187685L, -1524102475L, -11143801L, 
1969550857L, -622500542L, -571738313L, -210711102L, 1768037831L, 
1851730971L, 550218325L, 910727406L, -881196845L, -1041199177L, 
-1863547000L, -1657480509L, 283310073L, 2138682246L, 1627730946L, 
-1714576076L, 1626493680L, -798089711L, 19251406L, -138467481L, 
-1878663922L, -952097986L, -1803788692L, -1592294807L, 1810775672L, 
-2022731320L, 1293348689L, 1392202094L, 908217178L, 1730455603L, 
-1280857877L, -1139777191L, 1046830155L, -1294840100L, 510478193L, 
1466808104L, 1017251669L, -1492095291L, -231587433L, 1779829620L, 
-372381935L, -1072558387L, 18387070L, 524716949L, -1608756933L, 
-924325524L, -2105294688L, 1402176750L, 201444978L, -940952757L, 
-1063928712L, 1022443341L, -1716276900L, 1706141592L, -1309211618L, 
-1752280945L, -582520442L, 673649030L, 1161440983L, 627359824L, 
-1244996724L, -884489511L, -2102178343L, -1576539053L, -56158067L, 
-1348672106L, -591646285L, -1389616074L, 1177511771L, -1452325457L, 
1675588561L, 587837946L, 296507903L, 11911259L, 1727113452L, 
-1796955457L, 13550301L, -333674774L, 2052887590L, -855544320L, 
1929793620L, 145492037L, 1372119050L, 2026793803L, 1369275842L, 
1027128770L, -466766776L, -139851179L, 918899300L, -643371844L, 
-1214829323L, -395511142L, -2083887426L, -378811941L, -428733485L, 
-2115688646L, -721679069L, -2070143603L, 1394103246L, -177722790L, 
-1781001371L, -1502752986L, 1015133170L, -902257054L, 1284623380L, 
1935090019L, -123865400L, 300348542L, 996145896L, -522274746L, 
178963462L, -1364673129L, -552189400L, -1588706304L, 1235426069L, 
-848695147L, -1407692206L, -1398667347L, -1050264035L, -1448156093L, 
-657410167L, 731908438L, 770328091L, 53794609L, 543905885L, -359599963L, 
1785314333L, 358432108L, -1124267799L, -2062568893L, 1793138800L, 
1275792120L, 116848375L, -580373608L, 1173618776L, 2101417384L, 
1174469438L, 982283721L, 1519863998L, -1625781232L, 829171698L, 
-584347252L, -1446840180L, -1544019L, -284852478L, -223378894L, 
849881243L, -1944455473L, 1293588680L, 1094740427L, -2052304849L, 
231721013L, 2132661607L, 1086572000L, -866167651L, 1176057935L, 
109933819L, 1343447551L, 366318071L, -22918442L, -381506009L, 
-83894447L, -2029243726L, -906603506L, 795233465L, 282111674L, 
-683946410L, 1865758118L, 623453720L, -1300584785L, -572311004L, 
1571781722L, -1626580836L, 1749602826L, 1896102882L, -708579341L, 
-817151316L, 1518881508L, -762958823L, -1226662471L, 1023590654L, 
-1582666023L, -333173399L, 1942442087L, 92394653L, -622819430L, 
1377068199L, -2074153315L, 421119377L, -1852156239L, 1636263433L, 
-739114544L, 186682677L, -1996975265L, -155405380L, 1805533844L, 
-1275564253L, 1968201188L, 1497645524L, 2146789012L, -1426478406L, 
1339626189L, -480067118L, -1875106556L, 1242988110L, -1842403320L, 
1306033136L, 1061219025L, -1523400754L, -906590465L, -1676158954L, 
1191998391L, 489647938L, 1301075060L, -621762480L, 1925394775L, 
1103596467L, 1925869153L, -2120471516L, -1504333557L, 1387874669L, 
-1015680396L, -1212922804L, -1586894896L, 761361975L, 178160412L, 
-1174375249L, 877065734L, -194464997L, 1878567421L, 1748772113L, 
1016098548L, 1712722324L, -729663378L, 841465725L, -1987325818L, 
-498033278L, 521751681L, 983014545L, 987432869L, 2023919556L, 
-1077811927L, -1760504452L, 659935153L, -414377852L, -420953394L, 
554951942L, -358733619L, -1242673871L, 2008208995L, -343710202L, 
2144092561L, -666827633L, -1934277590L, -373095278L, 1329967910L, 
406509789L, 861569714L, -1706898047L, 355236564L, -153678215L, 
-299519261L, -690393061L, 784586830L, -734545586L, 261295940L, 
893402907L, -1686301368L, -1511768680L, -383294581L, -264328421L, 
-743534993L, -1915486962L, 893264715L, 793842434L, 1832091883L, 
-2117451986L, 1073260520L, -475813356L, -1443732805L, 1296697007L, 
1153615413L, -864271536L, -1547520465L, 1270232473L, -1280955392L, 
-912975848L, -383862052L, -382827101L, 974829824L, -1425365741L, 
-1488578942L, -1248829113L, 893294017L, 1923886117L, 1352647296L, 
-1738513992L, -480780862L, 1805201777L, 1613425266L, 1858107014L, 
-638440403L, 382854853L, 1176324625L, -1114530608L, -1726237059L, 
-1916220592L, 265225277L, 73171208L, -21354550L, -1110398974L, 
2008506553L, 2076817077L, 220199919L, -2131825670L, 1618137789L, 
-1899843613L, 1894756750L, 1749278678L, -1464700870L, -666272451L, 
115218610L, -188277198L, -1524793836L, -428328656L, -1236027412L, 
643223473L, -320270434L, -1078043275L, -670672047L, -1338960203L, 
393334277L, 1189316182L, 529633541L, -1540732264L, 896195428L, 
-164284940L, -867457355L, -96932653L, -506395647L, -875910075L, 
-1361153107L, 1148749020L, -405711411L, -1156741158L, 593526862L, 
-982573292L, -356752216L, 1008369225L, -634390820L, -1149657671L, 
1635779429L, -310118873L, -1357713372L, 2147060260L, -1939622906L, 
-1751761782L, -788796806L, -1150168501L, 329083284L, -880740377L, 
-1770700045L, 1689654299L, 998592043L, 343722188L, -490859673L, 
1437896658L, 848754382L, -1911808674L, 1973866791L, -928243259L, 
-1684659693L, -1568914665L, -1158919109L, 1648497470L, 1237465643L, 
1743089156L, 146703392L, -16499827L, -1603924391L, 2031448921L, 
2136368241L, 1247151897L, -1824381007L, 1253480258L, -431473210L, 
447278783L, 806448389L, -1209458992L, 303926525L, -1698991783L, 
-1641983418L, 1918172688L, 522309739L, -31230230L, -1555269110L, 
-1292171280L, 1492450066L, 165855946L, 157538250L, 440939631L, 
