.__global__ <-
c("geData", "stData")
.Random.seed <-
c(403L, 10L, 839404628L, 1868269178L, -1430243899L, 1724561183L, 
-590212442L, -1620700112L, -1263204653L, 550129L, 1974853664L, 
2084951742L, -918691127L, 1330567291L, -1313720758L, -1612434772L, 
604669359L, 1431143781L, 429093660L, -1625532558L, -936612883L, 
1633893415L, 1566360654L, 1671694504L, 1308206763L, 2084574153L, 
-1657327656L, 429975174L, 1952866145L, -1098214669L, 1633594722L, 
1547078612L, 1051422423L, 600020173L, -1028148124L, -560670134L, 
-1423622219L, 100098831L, -1914019818L, -1650758976L, 1662110851L, 
-429090655L, 1318424208L, 1023094126L, -132220135L, -1759707221L, 
-1106813542L, 1179093340L, -20225953L, -7892939L, -244636724L, 
-855300318L, 651385213L, -317746569L, -1955189858L, -618571176L, 
1189090235L, -1959004839L, -1975251224L, -876990698L, -626401135L, 
-463463101L, -705140654L, 570940132L, -1570800345L, 1484203389L, 
-933254028L, -1541917094L, 382857893L, -68364097L, 378841926L, 
1224890832L, -534205453L, 1914213137L, -1414978752L, 916384542L, 
1552659433L, 633149723L, 1713533738L, 1870115916L, -46318577L, 
-1194346683L, 638361852L, 363007826L, 2131083469L, 87044231L, 
1531212654L, 948520264L, -1642811061L, 99828905L, -433367560L, 
1774951718L, -2005516735L, -437241901L, 1131146626L, 745161140L, 
1156525367L, -85563347L, -63482556L, -879160726L, -1024721707L, 
-1890346385L, -2069360778L, -1520594784L, 1106872675L, -286152191L, 
-1397139088L, -157791986L, -1449862279L, 1728500491L, -2110759878L, 
2060204860L, -1464225665L, 139482069L, 21560812L, 27103042L, 
-91262819L, -177198825L, -1998970754L, -1264863176L, 2039303963L, 
428678265L, -159349560L, 1356309750L, -1162824399L, -708762269L, 
-1673025742L, 1118990468L, 1909460167L, -995450979L, -1330910444L, 
-2014512710L, 1981419525L, 1505953247L, -1738188698L, 2032805872L, 
-1992167149L, 1008610993L, -137279136L, 700063486L, 1942010505L, 
2104235451L, -333238390L, 450172524L, -2100434961L, -1670471643L, 
-1948733220L, 136222386L, -1357211219L, -1704186521L, -1016604018L, 
-1356414104L, -996615317L, -2061155063L, -2019755112L, 149256902L, 
12705825L, 1283761331L, -1184410078L, 902211604L, -86766441L, 
1157260941L, -2034972764L, 1017510282L, 1240008181L, 287635535L, 
-1181733034L, 1562576384L, -588261565L, 674729697L, 60509264L, 
2142885038L, -2081025959L, -482963349L, -1007688230L, -537227620L, 
-610082657L, 387971829L, -1836071028L, 877086306L, 1784830525L, 
971883703L, -1433568418L, -264200552L, 1219370491L, -1520435303L, 
2144532520L, -566746922L, 2067424593L, -1589439485L, -828466286L, 
89340196L, 568819687L, 1276863549L, -1633586508L, -777551590L, 
-1214336411L, 1059772159L, -907687034L, 762350864L, -1350834765L, 
-25143727L, 2076775936L, -1754418466L, 1401364777L, -1261482789L, 
1147321322L, -1704260724L, 981945551L, 1963652229L, 684605244L, 
-254427630L, 545889549L, -1200593337L, 1876565038L, 2143863176L, 
1902499979L, -32705943L, -21270984L, -1376246042L, -273022335L, 
-141283821L, -289760830L, -633744780L, 686158967L, 1778982253L, 
-767032828L, -939499222L, -1010182507L, -1932319280L, 1867625916L, 
861537940L, 257598082L, 1791878592L, -1285271748L, 439562896L, 
1047578402L, -436029944L, 1025233676L, 1953745820L, 881959954L, 
1862955904L, -2048922860L, -1733196504L, 343715898L, -370715696L, 
-1019245972L, 691293236L, 848951442L, -992624288L, 1470725452L, 
-950604320L, 1017090978L, 148233128L, 409308300L, -152271940L, 
-328889230L, -1797330960L, 1149588548L, -1369995176L, 1419255866L, 
707293296L, -2104064452L, 455182100L, 1182325442L, 1958142688L, 
-2118472580L, -1094267696L, -1782015070L, -434262488L, 122374412L, 
1152227260L, -2144782030L, 816914624L, 1207456308L, 1743596232L, 
-48559430L, 1303614608L, -763488532L, -685261228L, -1752177006L, 
30189344L, -1811048500L, -1525841696L, -453747006L, 332592168L, 
-652321876L, 1073330876L, -1502287374L, 1662334512L, 351967140L, 
1213518264L, 106578778L, 266785936L, -2015630468L, -52410604L, 
-726487742L, -16560384L, 310268860L, 1617416016L, 181627170L, 
1671389768L, 85585932L, -1088318372L, 1760768466L, -145023488L, 
102629716L, 1489350888L, -2090327814L, -1599330608L, 1322438956L, 
-2030771980L, 1613434258L, -1749927584L, 842381324L, 678118112L, 
294726242L, 1042145960L, 1163283020L, 79785852L, -286075598L, 
-1009432976L, 1560859460L, -38647848L, -505231494L, 1807824432L, 
-840718404L, 985019988L, -866398142L, 2117341344L, -593447236L, 
-1473001008L, -867359902L, 1491526376L, -216637236L, 1680089596L, 
1521644018L, 601803392L, 1550409204L, 1321367176L, 1791917882L, 
-173976752L, 195980396L, 314802580L, -1717095342L, 1674666464L, 
-2060337972L, -857758560L, 1877923202L, 1185761512L, 126498540L, 
734745916L, -444216206L, 1431988336L, 989708324L, -55563208L, 
-1282994406L, 2046414032L, -826400964L, -57686124L, 1129984898L, 
196979136L, 79380028L, 352601488L, 1348443682L, 436020488L, 231444108L, 
-1452245220L, 815341714L, 1662794112L, 1577838100L, 854720296L, 
-1885144518L, 1200012752L, 1945348460L, 2131379124L, -1431554030L, 
976385504L, -1409734708L, 924451040L, -960825310L, 1579475240L, 
946527756L, -1964611780L, 920888306L, 659553008L, 133566020L, 
745243224L, 1695444794L, 18703856L, 1004377788L, -1733461740L, 
1228522178L, 628528224L, 2130764668L, 184907728L, 1578164514L, 
-1802003800L, 660904844L, 799127740L, -1968353486L, 23398976L, 
-1703355212L, 453345864L, 107079098L, 1130521104L, 1653519084L, 
-958865068L, 1812979986L, 1411599776L, -1962278196L, -1331306912L, 
-1430407230L, -656292056L, -1244123220L, -258129092L, -1766446734L, 
392682288L, 2116177188L, -1471009992L, 1019182810L, 604473232L, 
-1548693764L, 1963568020L, 1552580674L, 1382511872L, 886113340L, 
890061136L, -1179021150L, -577765048L, -703539444L, -1075338532L, 
-1225003694L, -1937226624L, -980385708L, -839970840L, 1995802874L, 
-1733383344L, -433864916L, -1681127052L, -13030510L, -1431402400L, 
2115956108L, -1398006944L, -1426351646L, 563213224L, -1090325300L, 
922935292L, -890264142L, 2048185840L, -62403644L, -501889704L, 
1954601338L, 2082374576L, -665065028L, 487626836L, -1476546755L, 
-1978053206L, 950796872L, -1051786639L, 646534115L, 1812225764L, 
1221518866L, -889736729L, -381039183L, -1268769802L, 1975866900L, 
-1352853211L, 378929711L, 1500297192L, -701701946L, -716065421L, 
-1612259883L, 2068758962L, 1381687168L, -1554963607L, -1233197093L, 
-1537126612L, -1025703622L, -1652908049L, 1833970297L, -1976140530L, 
-1926359844L, 1720593229L, -667950409L, -2113851328L, -786001634L, 
-1466999829L, 1224451949L, 1731366362L, 204267416L, -456430079L, 
748871603L, 337071828L, -1496557598L, 1766980215L, -395197503L, 
-502128314L, 1253183620L, 1769248309L, 370269727L, -1001617032L, 
1107363926L, 442762467L, 1420128933L, 743092034L, -1747423952L, 
1400573273L, 1862655691L, 1635235644L, -600645782L, 1390374303L, 
1131578409L, 641488574L, 106125228L, 2005269757L, 1613817927L, 
-1645996240L, 986763342L, -157811589L, 1266347997L, 1169702410L, 
-231488728L, 753528209L, -1669917821L, -1575659388L, 1361606322L, 
-789476857L, 1622940241L, -1803013674L, -511451980L, -1083463483L, 
-1845347825L, -866971000L, 63670182L, 1075818323L, -851873611L, 
-75223534L, -410973216L, -1974272439L, -492020613L, -760652468L, 
296380634L, -241936177L, 1531634841L, -2073065298L, 274888124L, 
507661869L, -308213289L, -1361698784L, -814611074L, 286767947L, 
995262797L, 1794334586L, 1199747512L, 548451169L, 855966483L, 
609737524L, -45418174L, 525393239L, 773486753L, 1551405414L, 
646890340L, -1320424811L, 1439574975L, -1923973288L, 216913270L, 
-54593661L, -2094428731L, -270920990L, 863984464L, 1991550585L, 
1956940203L, 1924718364L, -1537021878L, -1081205697L, 379124873L, 
-1224091490L, 1557951820L, 370660637L, 2003972263L, -1671659568L, 
-471730322L, 847887899L, 1967097725L, 1341771114L, -560749560L, 
-1087099727L, 1370213155L, -1268369372L, 1144437458L, -1789268185L, 
545190257L, -1072203850L, -690672812L, -647645723L, 470290415L, 
-2023657688L, 932026246L, 137683891L, 2071708437L, -540500622L, 
