.Random.seed <-
c(403L, 256L, 1202024079L, -365235878L, -1962442889L, -978861832L, 
-2084260659L, 1093258552L, 994743016L, 312727959L, -2056852792L, 
-776486872L, 1757679984L, 1477660454L, -1295853600L, 953157110L, 
279109168L, 1502892262L, -708429266L, 1100001242L, 1449788357L, 
397038230L, 1318841044L, 1900832250L, -1553317853L, -494814015L, 
-1801689049L, -71875359L, -1808514223L, -1800633814L, 659343882L, 
-833657358L, -644654132L, -894778389L, 1196713859L, -1144465471L, 
1669118445L, 1573269321L, -199410882L, -1703595480L, -1537227364L, 
531835992L, 1352663404L, -936485084L, -1981539785L, 94204123L, 
-785384597L, -1830037841L, 561660232L, 2067372161L, -1803680681L, 
1863329813L, 788708792L, 1927011744L, -949626704L, -884127699L, 
-1720661143L, 1866828691L, -732405982L, -77160662L, -1148446632L, 
201579023L, -584159195L, 1979829028L, 1427423196L, -1200395896L, 
278465376L, -1599767750L, -2021565544L, -1258117668L, -1954983325L, 
445815799L, 1348898986L, -1874454442L, 386608086L, 1542165596L, 
-1447243912L, -86991941L, 722071763L, 351189615L, -312485978L, 
-1513266492L, -1058134569L, -907656604L, 483956889L, 649922070L, 
1160942249L, -1516999787L, 1156440080L, 661094892L, -2055047362L, 
1290039777L, -1841872940L, 1535529313L, -200783826L, -2119014093L, 
1898730899L, 443780471L, 513676965L, -1956889432L, 1128070752L, 
-480238321L, -997186267L, -787824677L, 369886508L, -1280085697L, 
-1772652234L, -810252001L, 2078391598L, 740796812L, -1954123194L, 
-61419864L, 333228948L, 1374558765L, -496101906L, 1133954966L, 
919243550L, -530699946L, 590698121L, -186688481L, 1514514855L, 
-936721875L, -1028994481L, -1270284447L, 1529964296L, -233344163L, 
-1001114975L, 1493779024L, -1957770116L, -176537930L, 2007537351L, 
-1065042875L, -127997988L, -590933413L, 254972112L, 790729678L, 
1997048288L, -1808747349L, -447838054L, 396521605L, 1940205765L, 
2063586241L, 2125119125L, -299487064L, -1410855978L, 1894616252L, 
-665284244L, 34990293L, -434652528L, -801660321L, -1622691131L, 
-1246382788L, -1386687647L, -365138229L, 1545078127L, 1862662816L, 
220754776L, 1448520575L, -1047442711L, -175006236L, 1606199972L, 
-446290045L, -1449959379L, 1799502698L, 1815823728L, -462570898L, 
-1618958123L, 725357978L, -138650318L, -1374371016L, -695096364L, 
1426065569L, -740354098L, -344412532L, 1821171288L, 1284930405L, 
-290437844L, 1337181343L, 684086355L, -1425999242L, 1484019163L, 
1915598117L, -980342563L, 1098608659L, -1456941017L, -1374039557L, 
591445144L, 2124248294L, 1671941951L, 2105419354L, 1468105037L, 
-1203175404L, 1966943881L, 753738055L, 1936224746L, 920071194L, 
-23241623L, 207964619L, -1276231035L, 211902161L, 1360916579L, 
1000283981L, 217303578L, 1342918248L, -1128101509L, -1368561012L, 
-1224167979L, 2121276455L, 1838456471L, 236582865L, 1756371659L, 
1960354716L, 338568360L, -188115621L, 1484412461L, 43040695L, 
-372720895L, -140431383L, -690387394L, -1222287811L, -2003487635L, 
976932484L, -587723088L, 1165579044L, 1073381101L, 966803557L, 
1527410673L, -1105500685L, 40161565L, -418918939L, -69115220L, 
-489105366L, 682238287L, -729077254L, -977164059L, -1698166972L, 
1995322724L, 1466995746L, -17774268L, -937537061L, -93371623L, 
2125944589L, -580007268L, 893374376L, -1219493914L, 32387606L, 
-802129476L, -919609869L, -334645069L, 1974154994L, -1854134233L, 
661760811L, -1019058639L, 14085970L, 493606102L, -697581613L, 
1629728268L, 843031683L, 37802279L, -997968597L, -648126870L, 
-1625605438L, 765219566L, 890382583L, -504426372L, -1706084533L, 
1713364689L, -347460477L, -1641686639L, -1069794563L, -1097765041L, 
865557856L, -525206510L, 1490221898L, 1110878031L, -1557492973L, 
-487479526L, 1126994764L, 1649497330L, -992481728L, 1491680054L, 
972299411L, -490425438L, -475287698L, -529057720L, -454168252L, 
385154330L, 974600755L, 901654741L, 2069555130L, -183326711L, 
-1007953523L, -147186070L, 1117589919L, 373359610L, -475867513L, 
261041721L, 789842352L, 870187175L, -1986709506L, -1990682996L, 
630410804L, -1726996906L, 1320372165L, 1405360296L, 713623147L, 
746166619L, -1470667866L, 1983101728L, -482230604L, -954033731L, 
-1215952627L, -1232762845L, -775499346L, -1152510335L, -617743212L, 
2136752088L, -1106973432L, 87384821L, -194318940L, -1135566122L, 
85334053L, -3387299L, 1577744656L, 394977508L, 393041462L, -2082630907L, 
1491730765L, 582248757L, 2016628223L, -875264008L, 1103419249L, 
146644727L, -1640051934L, 1779877455L, -1510758058L, -1409882100L, 
-1372461307L, -1546175963L, -148752411L, -2067673965L, -1516154169L, 
-149363184L, -29210565L, -644252190L, 2116512481L, 1381189455L, 
1412131122L, 1833711594L, 1447373976L, -1932384700L, 1673812178L, 
1466620527L, -981539681L, 1671686357L, -162653673L, 140223339L, 
-1192149264L, -1084342265L, 142239716L, -756578455L, 493819801L, 
-1551358482L, 724650176L, 1811091238L, 1286391271L, 750575209L, 
149173827L, 1576700193L, -1374023550L, 23426321L, 1553350588L, 
324958978L, 66342759L, -1609953961L, -253277201L, -877303049L, 
-1523313193L, 388696422L, -361683843L, 15286989L, -2041345603L, 
-1145938877L, -1959494525L, 731614722L, -1766407342L, 1281198580L, 
-1347498975L, 1141368440L, 714679689L, -904655177L, -1256430471L, 
-128380970L, -1045460678L, -815984028L, 1932289725L, -334807999L, 
649937440L, 325436004L, -1566195138L, -503495742L, -843163995L, 
-772059222L, -1038663647L, 195750992L, -2053016313L, -1770000629L, 
1846858396L, -1770543464L, 1536541010L, 1263722361L, 175848320L, 
-1555433536L, 160973565L, -1530242809L, -613058505L, 1182812313L, 
-415172359L, 753568300L, -1314962847L, 1030816938L, 155532182L, 
-60561011L, -955645429L, -1054462793L, 72772595L, 896460884L, 
-609100202L, 888300802L, 1518296217L, -135397725L, 892082457L, 
1367770562L, -505855828L, 179440000L, 370618222L, -1343845956L, 
1065063493L, 1313675324L, -742373007L, 2127780323L, -723649397L, 
257062204L, 1483792672L, -1394811506L, -682454233L, -925006262L, 
-1378957630L, -963998604L, 2130336404L, -391100270L, 1536249084L, 
-644527706L, -1113592859L, 2002757654L, -860147176L, -1909914335L, 
-1461830078L, 579326074L, -1738537538L, -234869169L, -583753887L, 
-1461110753L, 927816988L, 267657597L, 1999696571L, -1903794730L, 
-1738000989L, -2030554616L, 1059847411L, -150402065L, 853166448L, 
-807117944L, 2111207367L, -600521452L, 1193517273L, 784127632L, 
1767267912L, -883561805L, 1414535310L, -1142727314L, 449336594L, 
-1069719383L, -1353051833L, 1276501820L, 752780955L, 726466321L, 
1097615277L, 1103299705L, -1218915639L, -1927534261L, -922250785L, 
-77251084L, 1245782715L, -503371134L, -774540625L, -2022746190L, 
-1583012303L, -1664544939L, 574677914L, -1896986135L, -485495358L, 
-1170577421L, 1145344534L, 1849221915L, -1305447785L, 1193678931L, 
1959129342L, 1213482147L, -1137881579L, -1528760338L, -1502865363L, 
-1495095123L, 1767879884L, 1062354808L, -649320297L, -757228802L, 
1501944194L, -783521972L, -75167797L, 1599950604L, 1888971711L, 
-1345252327L, 1858010306L, 1555401466L, 171989932L, 1383741660L, 
167034133L, 83913573L, 2071806115L, -848784774L, -1276947087L, 
-2128548840L, -1307334498L, -1753940610L, 1705976662L, 1272584068L, 
1626490545L, 541417720L, -1012620515L, -1608511511L, 840003303L, 
-2138363201L, 422478364L, 644254948L, 879249053L, 1210025310L, 
-481798679L, 743392802L, -519085897L, 582632564L, 77664615L, 
-1218124691L, 368534968L, 582310807L, -870440753L, 1957123751L, 
-1953894511L, -805504675L, -70757504L, -76813553L, 268566174L, 
-864464150L, -1488772124L, 1631110874L, 789389794L, 737639379L, 
-1515172205L, -1977362820L, -2059968362L, 879667813L, 485063080L, 
561894479L, 799207034L, -2022530769L, 623979334L, 1277314507L, 
1497213155L, 1276757107L, -1562781364L, -1564332879L, 280061568L, 
462453593L, -478185572L, 651237047L, -1701855876L, 1070662976L, 
1460338030L, -23383286L, 903154737L, 629667672L, -1387168019L, 
-1972400864L, -770301262L, 660468073L, 705632531L, 500668030L, 
