.Random.seed <-
c(403L, 20L, 507381694L, -897404424L, 1971078619L, 607628345L, 
-1310270072L, -2005518026L, -217963663L, 1708179875L, -2077385486L, 
1650450500L, -1914416377L, -2006416675L, -133133356L, -1447408902L, 
-1254240699L, -516573537L, 1741302822L, -1975269200L, -1992683181L, 
-984994703L, 1502458272L, 635981118L, -663581623L, 696649979L, 
-432906038L, -603023828L, -1177400785L, -572505371L, 1470904220L, 
823730674L, -1609921427L, -1994318425L, 1775224782L, -585186008L, 
-563316949L, 309984585L, 2116084312L, 1268038406L, -668084511L, 
544391795L, -2106397982L, -1940810156L, 488152919L, 1252856653L, 
867981028L, 1015961290L, 1159960373L, -1065280113L, 1123539606L, 
1464250944L, 1654665987L, 2054562593L, 438354960L, 1055777774L, 
776983449L, 140192811L, -148350694L, 1408195548L, -1390764577L, 
-709162571L, -1307064500L, 667663778L, -1524421379L, -1347210761L, 
99172126L, 719004120L, -1856677061L, -801723175L, 1464164456L, 
178537878L, -58835695L, 859016899L, -671330606L, 1025857380L, 
-1618244953L, 793793533L, 106063348L, -977427750L, 1198986277L, 
-545089217L, 1221729990L, -1472531632L, 1903037299L, 1532370321L, 
-700579904L, 1913248158L, -726678679L, 41588635L, -1122484566L, 
-778200884L, -1294603889L, -201417275L, 872071548L, -668315182L, 
1423306061L, 272584711L, -892059666L, -1850702136L, 2130704843L, 
286321705L, -1088308616L, 465414054L, -1582616127L, -1731762605L, 
439954690L, -473637836L, -1373897289L, 1117360557L, 2041033412L, 
918497002L, -1488058027L, -1307599121L, -1942823690L, -215561184L, 
234114531L, 1536601729L, -1752856336L, 1244661646L, 213694713L, 
1974411915L, -214621510L, -386822724L, 1887549183L, -1462355371L, 
580025708L, 1850996162L, 529937949L, 223817367L, 1062283262L, 
-1795443784L, -320983141L, -707201543L, 1551594824L, -407437194L, 
-460001871L, 1267520483L, 430346418L, -942637820L, 388144711L, 
-213358307L, 1880123284L, -236590278L, -234588283L, 749216863L, 
-2095534362L, -1684449936L, -1673879917L, 1470883633L, -504930848L, 
1427704446L, -669017847L, -2044314821L, -1034644726L, -1553810708L, 
-1254606993L, -1450870619L, -83070372L, -1945730510L, -1698322131L, 
688205799L, 270391054L, 1902643432L, -28370197L, -1273744503L, 
-1078636776L, 2034938438L, -1791593823L, -1896090317L, -457241438L, 
-1356405868L, -1006372329L, 1663925773L, 1387846436L, -416463094L, 
-1047213451L, 468892111L, 611320534L, -1158322560L, -1409718077L, 
-857356703L, -1895948592L, -434796498L, -917226023L, -1883545109L, 
2013914202L, 1942642204L, 1279029023L, -1991818379L, 380168716L, 
1837394914L, 90937533L, -1570830537L, -313208866L, 1852800280L, 
281661563L, 1624917529L, -1956942168L, 776346710L, -331564847L, 
-1402837885L, 1996228370L, -837737820L, 1569451623L, -1578016835L, 
-1966386892L, -24587622L, 1710592229L, -1445162369L, 961108998L, 
-4575344L, 228151859L, -649573935L, -560784512L, -1745234338L, 
-2052354647L, -97510309L, -957053846L, 1911160076L, -584016049L, 
1124523013L, -154549572L, -1919282286L, 466899085L, 1906763463L, 
-1837305938L, 1169627656L, 1381981707L, -643623072L, -1133509300L, 
-1538314976L, 1581106050L, 422353640L, -16603924L, 407562812L, 
1487965042L, 1235004016L, 1755265060L, 723961656L, -1242043238L, 
1049875152L, -1367367492L, 1553815188L, -1987385726L, -1767686976L, 
-506826436L, 91426960L, -905975262L, -294648312L, 921157900L, 
1488581276L, 147525138L, 634097024L, -1366254060L, 2012583464L, 
-1145445062L, -443267120L, 1635521132L, 21325620L, -982416750L, 
-1558357664L, -1248153268L, 658149344L, 1866776482L, -831006808L, 
199502732L, 589407932L, 1550158706L, 1294063856L, -1008191420L, 
-142140072L, 987092026L, -788847760L, 2025784380L, -1283405036L, 
-1808455230L, -188899104L, 272029564L, -1261855024L, 641484450L, 
-1760197592L, 1968228620L, -1681017924L, 10206514L, 1955307456L, 
364778036L, 1305664456L, -680704838L, 529207184L, 2067035628L, 
1114030164L, -2119647598L, -1117816032L, 1205874124L, 1269062624L, 
-590347582L, -135914968L, 954113708L, 1640755900L, 429511154L, 
1048594736L, 1327959204L, 13566648L, 234613594L, -1412395632L, 
-138694276L, -1342403308L, -426071742L, -1299676416L, -905241668L, 
-1143915696L, 1194164514L, 2106711368L, 1233582092L, 440612956L, 
1206691026L, 1765427200L, -329778348L, 1315250664L, -1200875526L, 
-714172720L, -1745623764L, -111572748L, 1923401618L, 654539872L, 
-72155892L, -1476573472L, 197287266L, 959103656L, 1417861708L, 
361052028L, -849155278L, -2012168592L, -1614660284L, 2071362520L, 
1159581818L, -1632066000L, 651102908L, 909076308L, -1980179902L, 
1293003680L, -392394564L, -88333872L, 1770243426L, 319411176L, 
1157724108L, -935840004L, 855035890L, 196533376L, -695936780L, 
-417794936L, -301177542L, -927153328L, 1565330540L, -88653676L, 
529242450L, -1585398048L, -1388482356L, 710801568L, -1424639614L, 
-2035238680L, -1981974292L, 1986017340L, 1142423666L, -590157712L, 
-370982364L, -697040328L, -888796646L, -1647611696L, -981567940L, 
1334889620L, 636834946L, 1971029952L, -764662468L, 1842028176L, 
1883780130L, 1859457032L, 474553484L, 1546223644L, -2051963758L, 
263531648L, -2133023724L, 167371560L, -914574278L, 1175399632L, 
-352512916L, 397751988L, 82821138L, -1437335584L, 1545333708L, 
205397472L, -1028240350L, 1727730984L, 82671884L, 1673809468L, 
-15118L, 353638640L, -774531260L, 1740132440L, 1467703866L, -282457872L, 
-1365695812L, 214551060L, 144968898L, -439019936L, -1036327556L, 
2033034448L, -1571351518L, 1540647080L, -461202036L, 82510268L, 
-1168062414L, -1822338240L, 1289395892L, -806481592L, -1518628166L, 
-628433136L, 1277157612L, -2033239980L, -896710894L, 697844128L, 
630892492L, -485384352L, 1187253442L, 1220136488L, 786786732L, 
1894327100L, -199376014L, -1371205840L, -727539676L, -983343560L, 
-2129251622L, 1417951120L, -1368500996L, -13636204L, -130841790L, 
-238286336L, -1785837508L, -931716528L, -1006231390L, 1526981448L, 
-28591604L, 51501788L, -1518227374L, 1290800256L, 1714472788L, 
1601839080L, 602518266L, 1486661456L, -491731924L, -1998747276L, 
255348370L, 278544992L, 395292812L, -1445277344L, -1901086357L, 
1836079196L, -1253681782L, -1621806721L, 1941941449L, 566825310L, 
999653900L, -69671459L, 13827303L, -1255175920L, 175847470L, 
296763099L, 2107725757L, 1390375210L, 177042888L, 1888594673L, 
-434002845L, 708132964L, 1178405778L, 1729880167L, -422199247L, 
-1310273162L, 1933213332L, -2085079899L, 949365167L, 505016936L, 
102820422L, 1493528563L, -1782026411L, -1475047118L, 1919759616L, 
164840937L, -1708855205L, 1164804780L, 968842426L, -428614033L, 
-541258759L, -1172368754L, 1371702108L, -1411608627L, 1408700215L, 
1747348928L, -1614687586L, -891679893L, -1143590163L, -1892767910L, 
-1714521064L, 442345857L, -5832909L, -509471404L, -555761822L, 
-1978272777L, -380208063L, -1540605754L, -1229584892L, -208547403L, 
1364782751L, -1262207240L, 739615446L, 694515555L, 1520291621L, 
-645249854L, 366350768L, 1568975321L, -1624357045L, -809415236L, 
1700847082L, 1911515679L, -1990950743L, -2138478530L, 937511212L, 
-1478499459L, 105691591L, -2088813392L, 671349454L, -1715097605L, 
-1204144035L, 1028194186L, -450842712L, 2102740241L, -2022949885L, 
1474344708L, -1251493070L, -751896185L, 1770627025L, -2048503466L, 
1567526708L, -1750060475L, 1302765199L, 710105096L, 55176230L, 
1078387923L, -1665866187L, 1651924370L, -404250272L, -2074363703L, 
695999483L, 425302988L, -1165175206L, -70337713L, 519877145L, 
-1230483410L, 1202134588L, 2128155565L, -596894633L, 1492801952L, 
1198129918L, -1844670005L, -741353523L, -190145798L, 663421240L, 
1890970337L, 1387994515L, 213075380L, -1922623806L, -471697705L, 
816281377L, -1979126042L, -1875007516L, -1105914091L, 565382975L, 
161884888L, -14053642L, 709994755L, -653264315L, -1153795486L, 
-410314288L, -1784887559L, -21982165L, 582767516L, 912591818L, 
58475711L, -814553591L, 512601886L, 1465210572L, -1605585251L, 
-1981611225L, 1571302736L, -2028645394L, 1071832219L, -267110659L, 
