# Machine generated file. See org/omegahat/XML/RS/TU/tu.R
# Wed Feb 13 03:17:42 2008 
xmlErrorLevel <-structure(0:3, .Names = c("XML_ERR_NONE", "XML_ERR_WARNING", 
"XML_ERR_ERROR", "XML_ERR_FATAL"))
xmlErrorDomain <-structure(0:27, .Names = c("XML_FROM_NONE", "XML_FROM_PARSER", 
"XML_FROM_TREE", "XML_FROM_NAMESPACE", "XML_FROM_DTD", "XML_FROM_HTML", 
"XML_FROM_MEMORY", "XML_FROM_OUTPUT", "XML_FROM_IO", "XML_FROM_FTP", 
"XML_FROM_HTTP", "XML_FROM_XINCLUDE", "XML_FROM_XPATH", "XML_FROM_XPOINTER", 
"XML_FROM_REGEXP", "XML_FROM_DATATYPE", "XML_FROM_SCHEMASP", 
"XML_FROM_SCHEMASV", "XML_FROM_RELAXNGP", "XML_FROM_RELAXNGV", 
"XML_FROM_CATALOG", "XML_FROM_C14N", "XML_FROM_XSLT", "XML_FROM_VALID", 
"XML_FROM_CHECK", "XML_FROM_WRITER", "XML_FROM_MODULE", "XML_FROM_I18N"
))
xmlParserErrors <-structure(c(0L, 1L, 2L, 3L, 4L, 5L, 6L, 7L, 8L, 9L, 10L, 11L, 
12L, 13L, 14L, 15L, 16L, 17L, 18L, 19L, 20L, 21L, 22L, 23L, 24L, 
25L, 26L, 27L, 28L, 29L, 30L, 31L, 32L, 33L, 34L, 35L, 36L, 37L, 
38L, 39L, 40L, 41L, 42L, 43L, 44L, 45L, 46L, 47L, 48L, 49L, 50L, 
51L, 52L, 53L, 54L, 55L, 56L, 57L, 58L, 59L, 60L, 61L, 62L, 63L, 
64L, 65L, 66L, 67L, 68L, 69L, 70L, 71L, 72L, 73L, 74L, 75L, 76L, 
77L, 78L, 79L, 80L, 81L, 82L, 83L, 84L, 85L, 86L, 87L, 88L, 89L, 
90L, 91L, 92L, 93L, 94L, 95L, 96L, 97L, 98L, 99L, 100L, 101L, 
102L, 103L, 104L, 105L, 106L, 107L, 200L, 201L, 202L, 203L, 204L, 
500L, 501L, 502L, 503L, 504L, 505L, 506L, 507L, 508L, 509L, 510L, 
511L, 512L, 513L, 514L, 515L, 516L, 517L, 518L, 519L, 520L, 521L, 
522L, 523L, 524L, 525L, 526L, 527L, 528L, 529L, 530L, 531L, 532L, 
533L, 534L, 535L, 536L, 537L, 538L, 539L, 540L, 800L, 801L, 1000L, 
1001L, 1002L, 1003L, 1004L, 1005L, 1006L, 1007L, 1008L, 1009L, 
1010L, 1011L, 1012L, 1013L, 1014L, 1015L, 1016L, 1017L, 1018L, 
1019L, 1020L, 1021L, 1022L, 1023L, 1024L, 1025L, 1026L, 1027L, 
1028L, 1029L, 1030L, 1031L, 1032L, 1033L, 1034L, 1035L, 1036L, 
1037L, 1038L, 1039L, 1040L, 1041L, 1042L, 1043L, 1044L, 1045L, 
1046L, 1047L, 1048L, 1049L, 1050L, 1051L, 1052L, 1053L, 1054L, 
1055L, 1056L, 1057L, 1058L, 1059L, 1060L, 1061L, 1062L, 1063L, 
1064L, 1065L, 1066L, 1067L, 1068L, 1069L, 1070L, 1071L, 1072L, 
1073L, 1074L, 1075L, 1076L, 1077L, 1078L, 1079L, 1080L, 1081L, 
1082L, 1083L, 1084L, 1085L, 1086L, 1087L, 1088L, 1089L, 1090L, 
1091L, 1092L, 1093L, 1094L, 1095L, 1096L, 1097L, 1098L, 1099L, 
1100L, 1101L, 1102L, 1103L, 1104L, 1105L, 1106L, 1107L, 1108L, 
1109L, 1110L, 1111L, 1112L, 1113L, 1114L, 1115L, 1116L, 1117L, 
1118L, 1119L, 1120L, 1121L, 1122L, 1200L, 1201L, 1202L, 1203L, 
1204L, 1205L, 1206L, 1207L, 1208L, 1209L, 1210L, 1211L, 1212L, 
1213L, 1214L, 1215L, 1216L, 1217L, 1218L, 1219L, 1220L, 1221L, 
1300L, 1301L, 1302L, 1400L, 1401L, 1402L, 1403L, 1450L, 1500L, 
1501L, 1502L, 1503L, 1504L, 1505L, 1506L, 1507L, 1508L, 1509L, 
1510L, 1511L, 1512L, 1513L, 1514L, 1515L, 1516L, 1517L, 1518L, 
1519L, 1520L, 1521L, 1522L, 1523L, 1524L, 1525L, 1526L, 1527L, 
1528L, 1529L, 1530L, 1531L, 1532L, 1533L, 1534L, 1535L, 1536L, 
1537L, 1538L, 1539L, 1540L, 1541L, 1542L, 1543L, 1544L, 1545L, 
1546L, 1547L, 1548L, 1549L, 1550L, 1551L, 1552L, 1553L, 1554L, 
1555L, 1556L, 1600L, 1601L, 1602L, 1603L, 1604L, 1605L, 1606L, 
1607L, 1608L, 1609L, 1610L, 1611L, 1612L, 1613L, 1614L, 1615L, 
1616L, 1617L, 1618L, 1650L, 1651L, 1652L, 1653L, 1654L, 1700L, 
1701L, 1702L, 1703L, 1704L, 1705L, 1706L, 1707L, 1708L, 1709L, 
1710L, 1711L, 1712L, 1713L, 1714L, 1715L, 1716L, 1717L, 1718L, 
1719L, 1720L, 1721L, 1722L, 1723L, 1724L, 1725L, 1726L, 1727L, 
1728L, 1729L, 1730L, 1731L, 1732L, 1733L, 1734L, 1735L, 1736L, 
1737L, 1738L, 1739L, 1740L, 1741L, 1742L, 1743L, 1744L, 1745L, 
1746L, 1747L, 1748L, 1749L, 1750L, 1751L, 1752L, 1753L, 1754L, 
1755L, 1756L, 1757L, 1758L, 1759L, 1760L, 1761L, 1762L, 1763L, 
1764L, 1765L, 1766L, 1767L, 1768L, 1769L, 1770L, 1771L, 1772L, 
1773L, 1774L, 1775L, 1776L, 1777L, 1778L, 1779L, 1780L, 1781L, 
1782L, 1783L, 1784L, 1785L, 1786L, 1787L, 1788L, 1789L, 1790L, 
1791L, 1792L, 1793L, 1794L, 1795L, 1796L, 1797L, 1798L, 1799L, 
1800L, 1801L, 1802L, 1803L, 1804L, 1805L, 1806L, 1807L, 1808L, 
1809L, 1810L, 1811L, 1812L, 1813L, 1814L, 1815L, 1816L, 1817L, 
1818L, 1819L, 1820L, 1821L, 1822L, 1823L, 1824L, 1825L, 1826L, 
1827L, 1828L, 1829L, 1830L, 1831L, 1832L, 1833L, 1834L, 1835L, 
1836L, 1837L, 1838L, 1839L, 1840L, 1841L, 1842L, 1843L, 1844L, 
1845L, 1846L, 1847L, 1848L, 1849L, 1850L, 1851L, 1852L, 1853L, 
1854L, 1855L, 1856L, 1857L, 1858L, 1859L, 1860L, 1861L, 1862L, 
1863L, 1864L, 1865L, 1866L, 1867L, 1868L, 1869L, 1870L, 1871L, 
1872L, 1873L, 1874L, 1875L, 1876L, 1877L, 1878L, 1879L, 1900L, 
1901L, 1902L, 1903L, 1950L, 1951L, 1952L, 1953L, 1954L, 1955L, 
2000L, 2001L, 2002L, 2003L, 2020L, 2021L, 2022L, 3000L, 3001L, 
3002L, 3003L, 3004L, 3005L, 3006L, 3007L, 3008L, 3009L, 3010L, 
3011L, 3012L, 3013L, 3014L, 3015L, 3016L, 3017L, 3018L, 3019L, 
3020L, 3021L, 3022L, 3023L, 3024L, 3025L, 3026L, 3027L, 3028L, 
3029L, 3030L, 3031L, 3032L, 3033L, 3034L, 3035L, 3036L, 3037L, 
3038L, 3039L, 3040L, 3041L, 3042L, 3043L, 3044L, 3045L, 3046L, 
3047L, 3048L, 3049L, 3050L, 3051L, 3052L, 3053L, 3054L, 3055L, 
3056L, 3057L, 3058L, 3059L, 3060L, 3061L, 3062L, 3063L, 3064L, 
3065L, 3066L, 3067L, 3068L, 3069L, 3070L, 3071L, 3072L, 3073L, 
3074L, 3075L, 3076L, 3077L, 3078L, 3079L, 3080L, 3081L, 3082L, 
3083L, 3084L, 3085L, 3086L, 3087L, 3088L, 3089L, 3090L, 3091L, 
4900L, 4901L, 5000L, 5001L, 5002L, 5003L, 5004L, 5005L, 5006L, 
5007L, 5008L, 5009L, 5010L, 5011L, 5012L, 5013L, 5014L, 5015L, 
5016L, 5017L, 5018L, 5019L, 5020L, 5021L, 5022L, 5023L, 5024L, 
5025L, 5026L, 5027L, 5028L, 5029L, 5030L, 5031L, 5032L, 5033L, 
5034L, 5035L, 5036L, 5037L, 6000L, 6001L, 6002L, 6003L, 6004L
),