.Random.seed <-
c(403L, 10L, -1256123987L, 1039741636L, -2147244310L, 987138389L, 
1467424495L, 375282934L, -204977120L, -1901539869L, -2135478655L, 
1103890672L, 2097055630L, 2127247609L, -1517837685L, -1805147462L, 
-122155588L, 1260599039L, 1946663509L, -1505100436L, -2087225918L, 
1365358109L, 856206999L, -74274818L, -826920008L, -2103529573L, 
784692729L, -1356729016L, 1036157046L, -1630507599L, -250457117L, 
1744179378L, 419429636L, -677241273L, 1207101725L, 1206642580L, 
472214330L, 633927557L, 791585887L, -2131218714L, 880661872L, 
731192979L, -880777423L, 976084448L, 1540000382L, 745150729L, 
-1005536453L, -526118134L, -412599572L, 619493231L, 252770469L, 
-1548488100L, -622329294L, -1510987475L, 447590375L, 912217870L, 
2094500072L, -1287087381L, -900090999L, -1704997096L, -1495780794L, 
1846735521L, -39029453L, -1715368798L, 1015767956L, 1711634967L, 
-1760625139L, 408967972L, 1477560074L, 241191541L, 437598671L, 
-1307082026L, -1239751040L, 1045686467L, -771406239L, -1695113520L, 
-1744238546L, -579748391L, 2064835051L, -944216998L, -369631716L, 
1495920415L, -2135440523L, -1150064116L, -1598297118L, 1975916733L, 
-1231780041L, 131420126L, -1490289384L, 783437947L, 449562137L, 
1429335720L, -199648170L, 847853777L, 2087838851L, 520324882L, 
-839277916L, 2126933607L, 344317885L, -1873424076L, 654922394L, 
1895764197L, -319417729L, 2047335430L, 1511829392L, -318778829L, 
-109917743L, 646552448L, -840280482L, 217910697L, 194157659L, 
-588970902L, -75596532L, 970727247L, -216966139L, 631456444L, 
-740519022L, -115289971L, -91199801L, 951873454L, 614701576L, 
349822475L, 1971902185L, -1118096968L, 66276966L, -2005693695L, 
-700129901L, -1628506558L, 776219124L, 1948586999L, -1592039443L, 
2093809796L, 888329898L, -34108395L, 153894063L, 887681718L, 
-1342000928L, -513410013L, 1710883649L, 475041328L, 1308961870L, 
1871930553L, -1864900405L, -1281913478L, 2092552316L, 917140671L, 
-1364852331L, -506984020L, 668146562L, -1757929123L, 706355287L, 
1350940478L, -314917000L, 1957074011L, 913646521L, -2060721656L, 
848824502L, 216051697L, 2025462307L, 288133746L, 1097042116L, 
1068670599L, -91466147L, -101320620L, -424605062L, 1606480325L, 
-1573477601L, -1210020186L, 2136743984L, 1522336467L, -677201679L, 
511755296L, -482622786L, 520595145L, -770743173L, 2017811018L, 
-801055060L, 131602863L, -32870043L, -428695780L, 685032306L, 
1343537133L, -1401999321L, -1826756530L, 688016552L, 217031339L, 
-1497471031L, -1698473000L, -2014401914L, -2087154847L, 1530023667L, 
1661964642L, -24129580L, 260365015L, -1937841971L, -18950044L, 
-1962396086L, 353043381L, -1883480305L, -935764970L, 1756636864L, 
-1411858301L, 1999469729L, -487173488L, -1225682578L, -2066510055L, 
617694123L, 367243674L, -886880932L, -1122370465L, -9599947L, 
-76660788L, 982448930L, 1048577405L, -1420802441L, -429334626L, 
2069479000L, 364320699L, 2120857945L, -802180376L, 1412360982L, 
-627360623L, -947662525L, 1342585938L, -724828444L, 980543783L, 
-1272952451L, 1556054132L, 1722704474L, -402534278L, -1709464016L, 
-1451029828L, -755079340L, 1307368002L, -214914144L, -455440196L, 
1698636240L, -17382046L, -949759000L, 2041542604L, -1143916804L, 
-2012622862L, 695917696L, -144320268L, -1611926392L, 1334928698L, 
1071235920L, -875033492L, -488030060L, 564762962L, 808042208L, 
-846630708L, 1210054816L, 1625078146L, 1353496808L, 426277100L, 
66730044L, -872742798L, -1487280016L, 155468324L, 897974840L, 
1406667290L, -1476038448L, 1372157500L, -1135424364L, 1567577218L, 
286689216L, 502279484L, -972415344L, -909102046L, -1564995576L, 
477764748L, -2107146212L, -132348782L, 220146816L, -972119020L, 
-371989720L, 1692841018L, 939863248L, -695987092L, 2062956212L, 
1564655634L, -1674117152L, 402385868L, 1559764448L, -1367913438L, 
522065192L, -353339124L, -461681092L, -1019951886L, 1405556976L, 
1647351620L, -1546891176L, -511942086L, -2038167312L, 1532306108L, 
-723203564L, 2087587010L, 1819743840L, -1431116420L, -639523632L, 
-447081438L, 54225064L, -1321296500L, 768016828L, 1535297586L, 
1373262656L, -519135564L, -1733815992L, -305229126L, 124182288L, 
-671620884L, -2092156844L, -880654574L, -842841696L, -1161451572L, 
-1695178912L, 1260457154L, -602550744L, -210081364L, -553508036L, 
1411761010L, -11071696L, -1689935836L, -455057864L, 2110141146L, 
579286928L, 1841190140L, -1883312748L, -1012563134L, -695793152L, 
1750091836L, 1660035664L, -850911070L, -973348024L, -1787250164L, 
-1710433572L, 389328978L, 146476160L, -1249917100L, -1461444632L, 
-881151238L, -1539594416L, -959986644L, 37718388L, -1749856622L, 
-1220787616L, 1020440716L, -1315253920L, 345110754L, 316206248L, 
1945810636L, 1665006076L, -891065422L, 726385648L, 845398468L, 
-675087016L, -688803462L, -1353764432L, 1335667132L, 1476058708L, 
66795970L, -1291672800L, -1838541892L, 2032087120L, 1347754978L, 
-12435608L, 1416345420L, -1779896580L, -1492277518L, 2131434752L, 
290839668L, -1593258488L, -977525318L, 1127540176L, 1876355052L, 
960113556L, 859474130L, -1179143072L, -526750388L, -1962487008L, 
938674818L, 769741288L, 123624428L, -1601286596L, 1051018866L, 
-1824904336L, 101199140L, -1472587208L, -381746790L, 421801424L, 
-1540995652L, -684347756L, -1624821118L, 872132032L, 633018172L, 
-62193008L, -1994037470L, -1082751480L, -364027124L, -1108831332L, 
-306766830L, -59561088L, -1939543276L, -1952320216L, -138051526L, 
593441744L, 551762540L, -326431692L, -462131054L, 717511008L, 
258678092L, -125553184L, -1371284574L, 300399528L, -643060596L, 
1578001340L, 1316312178L, -87103504L, -1736641468L, -791582632L, 
-1617457094L, 443902064L, -397062596L, -982595820L, -541889854L, 
109548256L, 1459651708L, 544582864L, 12338082L, 628850216L, -525954804L, 
315193276L, 1662878002L, -1415997248L, -1992986060L, 1611918024L, 
-2118856006L, 1368923280L, 424916716L, -1519356332L, -330385774L, 
1233643296L, 2062489548L, -1010177824L, 1294098114L, 1593922600L, 
287112108L, 121199292L, -953605646L, -1363003856L, -1411295324L, 
-1971809864L, -1040618662L, -2106301296L, 1346542460L, 211358155L, 
-1983883315L, 887888634L, -129859272L, -1551865119L, -1666736749L, 
2111554996L, 1652856514L, 1464989399L, -1363085535L, -437489946L, 
-989911068L, 1859688213L, 871927615L, 1110551256L, -1597370634L, 
-1796069117L, 384727621L, 499841634L, -1768056368L, -243316999L, 
303371307L, 2123223964L, 1411812298L, -2121022273L, 1417307657L, 
-1474154722L, 159897292L, 1746482845L, -1147698393L, -1470452400L, 
1509413870L, -93168485L, -1232685315L, -301777430L, -675361144L, 
-296552399L, 175325859L, -1542419804L, -1134896302L, 44282535L, 
-427847951L, -1869128138L, -1431289132L, 1298601573L, 1577698415L, 
52281000L, -35513338L, -926766797L, 1064613269L, 1535744498L, 
863622720L, -1814169687L, -2119501285L, -1496656916L, 2013213690L, 
927907887L, 994635833L, 464552526L, -584957284L, 1689208845L, 
30561399L, -415234944L, -355183906L, 982778283L, -896091475L, 
-1841750246L, -574013480L, -2139911103L, 432012019L, 29474068L, 
-115111774L, 2019804599L, 2113755521L, 1852530566L, 1740131780L, 
-373281547L, 1429816671L, 806447032L, -342799722L, 2125526179L, 
1203654245L, 1891318658L, -2101348112L, 588734617L, -1627998069L, 
986161532L, -1783439446L, -1995792417L, -1146958487L, 831140222L, 
-1389747860L, -111502915L, -72430969L, 847875696L, -1930701554L, 
-1773618629L, 1544782109L, -731991094L, -238015256L, 2058162129L, 
-1995726397L, -445019452L, 1632225650L, 667849799L, -959367151L, 
498999702L, -1080265484L, -706249083L, 2055854031L, 257742536L, 
-1434448026L, 1576301971L, -1639774475L, 1270654674L, 380891424L, 
5726473L, -1578449349L, -1761502324L, -1925219814L, -398407025L, 
1331418585L, -276645266L, 1919625724L, 150948717L, 1636570391L, 
-1245929248L, -306538818L, 339088523L, -1319443699L, -1820441798L, 
710982520L, -1979594463L, -1400921645L, 408293620L, 2029334914L, 
-1525631977L, -54287647L, -868803546L, -1533081308L, 1705478613L, 
1012475263L, -966140904L, -589901002L, 857933251L, 1550396421L, 
