.Random.seed <-
c(403L, 172L, 580367923L, -1413715038L, 1792155284L, 285080855L, 
1566485261L, 575470116L, -1465409014L, 112737141L, 146333391L, 
313979350L, -1430413952L, 1968182723L, -471092383L, -8615472L, 
1639383342L, -730863399L, 1633444587L, -1144049830L, 439982364L, 
1800417311L, 434658421L, 1350306060L, -698022686L, -2047029827L, 
1600600631L, -1726330658L, 1748640792L, -2058454149L, -49419495L, 
-2040359000L, -327682218L, -204230703L, 1261022083L, -117633518L, 
633973156L, -540390041L, 846459581L, 2133013044L, 2100652442L, 
1394513381L, 1420636543L, 1234393350L, -143637872L, -1690762445L, 
-1973790511L, 1459427968L, -160240802L, 2130327721L, 1941527387L, 
-848180886L, -1497744372L, 501210191L, 878202117L, 1281289660L, 
-989132654L, 2043145101L, -339948601L, -274263890L, 1520967944L, 
2143452939L, -1329886743L, -664564040L, -1283384986L, -707438079L, 
1667159187L, 2145021762L, -562863884L, 900062455L, 987485421L, 
1955915652L, 1680234922L, 600751893L, 34315695L, -137812554L, 
256392160L, 1946555171L, -1245178815L, 332039984L, -467491506L, 
427534265L, -990879285L, 686441082L, 1561724796L, -253802561L, 
2042957973L, -1876713812L, 1174580354L, 1858477149L, -804289705L, 
1534869054L, -1607011720L, 1290641755L, -910495559L, -762322680L, 
-599903306L, -572018447L, 941819683L, -372113038L, -2087152700L, 
-1403527289L, -1746573987L, 950836052L, 710041978L, 1063283909L, 
1728695839L, 642566566L, 217713456L, 657672659L, -2099695631L, 
2052634912L, -1567217730L, -974362679L, -1444223109L, -850117302L, 
-140142164L, 1311954095L, -27103643L, 694138396L, -450959246L, 
14962413L, -1601154265L, -953004210L, 831661992L, 1798509483L, 
-1195323191L, -901048104L, -458496634L, -1882923935L, -2073735693L, 
343313506L, -1813427500L, -1965335593L, -326061619L, -1523677852L, 
2147266890L, -641525579L, -814092273L, 626338070L, -750087232L, 
-1705214077L, -1374261855L, 171692432L, -1293780370L, -664765415L, 
-5701461L, -1405238118L, -1542941604L, 1812869471L, 2019193653L, 
-1518233908L, -470539230L, 1612527229L, 800222071L, 1527882910L, 
1875149656L, 1233331899L, 1897760857L, 484490216L, 617258518L, 
-368664175L, 1030181443L, -99331758L, 977659364L, -130552793L, 
-785729411L, 36955508L, -1857681062L, -1850695771L, 1522991039L, 
136614982L, -280325424L, -1655833357L, -2085643759L, -598049728L, 
-1453477858L, 12398313L, -307000293L, 1185891370L, -2095638708L, 
-1653281521L, 1757319237L, -256869892L, 1878956114L, 1314513357L, 
-2073361529L, 1454106222L, 1026303560L, -67813301L, -1111193175L, 
-1531829000L, -1494773722L, 719282497L, 2025676499L, -139557246L, 
-1458795340L, -439241673L, -1582762195L, -1655344060L, -332826262L, 
-1139059243L, 1231631215L, 647866998L, -1967567456L, -73188765L, 
1491430145L, -826637712L, -1068990962L, -787474823L, -821403125L, 
-454223046L, -255081924L, 1149927807L, 1355811541L, 1795754732L, 
1322417218L, 1964364701L, -165549545L, -1338724482L, -1123320520L, 
1159313947L, 470688633L, -248834616L, -1333638666L, -183174095L, 
-1290535325L, 1111753266L, 2043187076L, 526176498L, 74370800L, 
2140860228L, -1200325032L, 2063305274L, -127521040L, -1928490820L, 
-1625075180L, 445273282L, -432638880L, -57721476L, -1779756848L, 
-384056286L, 1234493096L, 187925388L, 67603900L, 1652325426L, 
1675962176L, 1053615284L, -1077434552L, 2098547386L, -2032763120L, 
-2041471764L, 1628439636L, 1010069266L, 1512175520L, 1248465868L, 
413184864L, -1535589182L, 1498043944L, -1821649492L, 1888725820L, 
2058942322L, 300226352L, 440325668L, 216556600L, 354091226L, 
-1276390000L, 2076687100L, -226274412L, 1237866306L, -2042946048L, 
-1272560068L, 217827920L, -1873488222L, -425508024L, -604720628L, 
-2021508900L, 274332242L, 1349390464L, -956937388L, -1300994584L, 
635076346L, -1062155440L, -1871614932L, -300873356L, -1343818094L, 
941280864L, 1901700748L, -1660553376L, -1824679198L, 1429532840L, 
-829834036L, 2061345276L, 779206578L, -2074564112L, -115178044L, 
-1496671400L, 781815674L, -553822800L, 820417980L, -837778348L, 
1116260290L, 1106405152L, 1836612540L, -112552368L, -1832048158L, 
-902523544L, -899011252L, -963898116L, -737191182L, -1132485888L, 
684936820L, 896472072L, 2127034810L, 1701852112L, 85534188L, 
-608497772L, -1499611438L, -1615558048L, -1219928756L, -373432032L, 
-2119205246L, 1412543976L, -814369812L, 1304123964L, 1662162546L, 
750373744L, -2141408988L, 1776951864L, -392676966L, -1337700912L, 
907181500L, -1677998956L, 949069954L, -1885774400L, 1280794428L, 
-769191792L, -159798494L, -1286858232L, -2048841460L, 673388956L, 
-772994542L, 646774656L, -1888589036L, -1637428952L, -676767686L, 
-812950576L, -732238228L, -1274375628L, -1047066990L, 2043948384L, 
477399372L, -1790704672L, -1003523678L, 197269928L, -2093263220L, 
768380348L, -1471774094L, -1261859856L, -799837628L, 979202136L, 
-856341446L, 691844208L, 2137027644L, 969717012L, -1412859198L, 
-547023136L, -235688836L, 889477840L, -977663582L, -854565848L, 
-614492404L, 1055907260L, -214976718L, 1677311680L, -691740620L, 
-250806584L, 2088593594L, 1473213072L, -303300884L, -243717548L, 
1601695378L, -641413856L, 1104545228L, -1934303520L, 1828570306L, 
-1728824280L, 290366380L, 1020251836L, 737507314L, 130009648L, 
1910883236L, 1985002936L, -983392422L, -707788656L, -364589188L, 
1675015444L, 621885762L, -1966205696L, -1391816260L, 1419670864L, 
-648330974L, 1698353736L, -225143796L, -2092084644L, -441182766L, 
-183915008L, -534390444L, 373431528L, 1859913978L, 1590545104L, 
1915068204L, -1743440652L, -592196206L, -1182121632L, 1908609036L, 
359536864L, -780728734L, 72933544L, -399134644L, -1719367812L, 
1337314610L, 1005055600L, -588421308L, 906763224L, -3733638L, 
2071143472L, -155752516L, 1377200724L, 1853040706L, -1042082144L, 
-980102468L, 890462160L, 799048034L, 771001064L, -1173566260L, 
1354783228L, -1524829710L, 1349814400L, -1885258252L, -353252728L, 
1444521786L, -1455042224L, 1953755244L, -541788780L, -462633902L, 
676368864L, -932986676L, -2006414688L, 221989250L, 1091816680L, 
-341568788L, 1735199036L, -2097093518L, -891089296L, 1797457444L, 
-529648371L, 1816633207L, -179078272L, -1125207586L, -1074477397L, 
-286938707L, 1754611226L, -263372584L, -1486385855L, -44177933L, 
1486652436L, -1036547678L, 1492180663L, 833321089L, -1096150906L, 
1994818756L, -1907138059L, 575503455L, -1672159560L, -1420243050L, 
-523909725L, -1694967451L, 152899714L, 1769675248L, -1362047079L, 
51390859L, -2147437444L, 1082941098L, 1822939359L, 863497833L, 
611040382L, 1505449068L, -374618947L, 287661447L, -1421313680L, 
952941582L, -190688965L, -1546920419L, -1224514870L, -1938944536L, 
-2137255215L, -1911894333L, 1164961220L, 298259058L, 294169415L, 
-1733455087L, 1077304982L, -662514700L, -2088493691L, 153399503L, 
1959500232L, -2139817882L, -1931563373L, -80085515L, 1379270610L, 
-218932192L, 1107942921L, 7219003L, -427660660L, -2070663398L, 
813146511L, 1092656857L, 1541939566L, 1339813116L, -477256083L, 
-640126441L, 1735124960L, -1667062850L, -22150773L, -989400563L, 
-30880198L, -1048115592L, -342159839L, 1704378579L, -1654382604L, 
-262408062L, 1605234967L, -2027649055L, 171594022L, -574967772L, 
2029982421L, -1450975617L, -623571176L, 463355446L, -414273341L, 
1578691845L, -651045726L, -469669232L, 1543312953L, -1753348373L, 
832665564L, -1598227958L, 1204432127L, 1980926281L, 1251064542L, 
626272396L, -648290211L, 1963904615L, 1052524432L, 393925550L, 
1451006555L, -127527363L, -251565910L, -224151224L, -108663439L, 
-213300509L, -1884446236L, -501134062L, 1244356839L, -1887209807L, 
2075258102L, 1556950804L, 2062231589L, 8719663L, 2141184744L, 
-1543774266L, 299164275L, -481114923L, 1527695026L, -2016027008L, 
1979065961L, 1881860827L, -40282580L, -211634630L, 657617135L, 
1161051001L, 127703054L, 10288604L, 1043394125L, -1033417289L, 
957784896L, 127300126L, 420058347L, 27040877L, -200385318L, 1943069848L, 
