.Random.seed <-
c(403L, 19L, -1223933047L, -1449139013L, 474300554L, -520748180L, 
1186367727L, 300614437L, 1020431836L, 955177906L, 1892516525L, 
1130101351L, 1807419790L, 2128879208L, -478958997L, -403913719L, 
668441240L, -923968058L, -768541407L, 953904563L, 221014306L, 
138314516L, 1502059415L, 199623565L, -1181040988L, 77361290L, 
-1294240011L, 2021853519L, 1486480982L, -1421009664L, -501847997L, 
1261456353L, -606956720L, 2083685806L, 1006979929L, -1136598677L, 
2072332506L, -2040782436L, 1108741535L, 1656446965L, -1880273268L, 
1497852770L, -1782594755L, 882602935L, -1329203106L, 1622488472L, 
-1043644165L, 1920154777L, -1500881624L, -1951880234L, 1607397457L, 
176472835L, -962776430L, 117620772L, -1546686745L, -2003958979L, 
-1831191628L, 1211164698L, -332244123L, 1931003391L, -405485434L, 
-300485616L, -473192781L, -1574431407L, -487043840L, 358995934L, 
-1790684119L, 1441575899L, -2131187478L, 1567598220L, 1573099983L, 
-1068724859L, -1635830212L, 1504926482L, -2115651571L, -374715577L, 
-1714364114L, 471894152L, -1431302773L, 2121053545L, -980674760L, 
1633884646L, 1016307073L, -812936941L, 380038850L, -1328543372L, 
468283767L, -1205984659L, -1463407356L, 1967769642L, 1707181461L, 
-2133464529L, -1893419210L, 939927392L, 474017187L, -150174015L, 
763969200L, -363251250L, -566620871L, 1282089291L, -2052660486L, 
-316214276L, 1111340095L, -539390699L, -473926100L, -894559486L, 
-301791267L, 635056855L, -544944706L, 200206328L, 1789518811L, 
-20701639L, -1352161400L, 867596086L, -670603919L, -1333239901L, 
-1332836622L, -1704595900L, 707899655L, 499812573L, 774036948L, 
-1693257478L, 1890863173L, -1553543009L, -436643290L, -1415688528L, 
-1064684717L, 777920113L, -93953120L, -1796267202L, -1952003511L, 
-1972887813L, 1649196746L, -301293524L, 1672615983L, -1233360667L, 
1178878364L, 1173523442L, -1753672083L, -1262656601L, -2001060402L, 
-2084439256L, 570020139L, 1004604233L, -2058940328L, 1311065350L, 
-935456543L, -1241896845L, -539802398L, -56527788L, 1547024727L, 
-828499635L, 885554404L, -666902326L, 1909361973L, 1422582671L, 
722147478L, 1162414144L, 694104323L, 1325096225L, 446877200L, 
-211411474L, -1322315367L, -1030726101L, -1416665318L, 478584284L, 
1071580127L, -1666079819L, -1847149236L, -1761789022L, -1750617347L, 
-1782240265L, -328747746L, 1234073560L, 180480315L, -1647173927L, 
-1642466712L, -416935018L, -1714489583L, -353464125L, -181407534L, 
1115583844L, 484436135L, 755473917L, 295641076L, 919128282L, 
1854933541L, -1486469313L, -1614191418L, -538551984L, -1872467597L, 
-1270721647L, 1327277504L, -1397203042L, -707657367L, -335367781L, 
-2055969622L, 1724531404L, -594605169L, -522489915L, 739513212L, 
-1994306606L, -484775091L, -351962617L, 1501735406L, 919045320L, 
-1500640309L, 969825833L, 730567800L, 1564397990L, 1136587713L, 
-1886707629L, -942717182L, 1212510772L, 5810103L, 634738605L, 
-641301308L, 453183722L, 668995413L, -789135121L, -793770250L, 
-21736928L, 924678115L, 959904897L, 624704240L, 485773710L, 1362886393L, 
-2098074485L, 281171130L, 1008561948L, -1910270830L, -695396992L, 
-502308844L, -259553496L, 1860290106L, -1457827376L, 1322301804L, 
-736279628L, 918243858L, -856979488L, 1483647436L, 1517779168L, 
-892253150L, -1669065944L, -1769309684L, 1985106748L, 144076786L, 
-1926380816L, 361323076L, -81969576L, 2147170106L, 1263898608L, 
897458876L, 692933908L, 20421826L, -1219380128L, -1541511812L, 
1081024464L, 599240994L, 364418728L, 1314330508L, -252820292L, 
-351241422L, -13179328L, -335911756L, -540093368L, 1006196154L, 
139639312L, 1916533996L, 850583892L, 825963282L, 210529696L, 
698079948L, 1959991904L, 2110173122L, 532640552L, -622741076L, 
-1725186756L, 1873574770L, 352316720L, 2086725412L, 173270328L, 
-1606629670L, 986627984L, 1064459004L, 1667111828L, 204338242L, 
2080380160L, -948148164L, 179985744L, -418921310L, 1561824072L, 
1267924748L, 228376284L, 2004512594L, 1635423872L, 59201620L, 
-795466776L, -750490886L, 504780112L, 1199144748L, 387523444L, 
-238115950L, 1370362464L, 1553168268L, 10671968L, 1403814882L, 
1086266280L, 1104563404L, -567707140L, -1086908494L, -272587280L, 
-414693948L, -278161064L, -1356608134L, 1092435376L, 205628348L, 
-133959596L, -1487597630L, 1174282272L, 1260302524L, -955540912L, 
-6502430L, -1686864280L, -1083167156L, 1487524092L, 1836062706L, 
132474112L, -922000524L, -2106679288L, -982330950L, 1364581840L, 
-1996680212L, 736856980L, 1524669394L, 52422496L, 468386124L, 
-75124448L, -101879934L, 2128512744L, 1071749356L, 1216149052L, 
-48483470L, 2142566000L, -2136759260L, -1077317832L, 1556101274L, 
-404508976L, -280130372L, -273618284L, -440049022L, 802156736L, 
-2116606660L, 1531951248L, 187389474L, 411365896L, -347570932L, 
95322780L, -100551150L, -262334080L, -1361749484L, -135094744L, 
-1308032710L, -318116912L, 464637548L, 578052916L, -443489646L, 
59221344L, -1278124724L, -992136224L, 979128226L, 1505017768L, 
1744414604L, 1322961596L, -1983495310L, 1040861424L, -1611049916L, 
-494963368L, -2080698310L, -1994763408L, -1538522052L, -1734153452L, 
576943554L, -893391648L, 1201676156L, -230283568L, 2052176546L, 
-2121632728L, -1401167604L, 94067644L, -1231131342L, 1771562944L, 
1927980596L, -1052150840L, -1778209606L, 819715984L, -2042895892L, 
739230804L, -24356206L, 546958112L, 1179535820L, -1914313760L, 
-1265258814L, 627385896L, -2083111252L, 857501372L, -1448209934L, 
1312862512L, 130529444L, -1758733640L, 1688168282L, -428499568L, 
213478780L, -813061868L, -1325869758L, 1328116480L, -1190804548L, 
123851600L, -1061204702L, -236471992L, -427774964L, 189908060L, 
-1181326126L, 1882215424L, 989075284L, 1482488296L, -311745542L, 
-1017650480L, -953643732L, 973038836L, -1684077678L, -33622944L, 
583477516L, 77898464L, 375057762L, -1459992920L, 570629708L, 
-1924258948L, -525889742L, 634825328L, 68297028L, -37054504L, 
1294455930L, 510806576L, 1988605628L, -777750700L, -545757630L, 
1407711136L, -2003786564L, -592535088L, 1912672610L, -51015704L, 
827331532L, -1373952260L, -965188622L, -467604352L, 1407133780L, 
1951570149L, -986434321L, 677820456L, -792753018L, -2033301837L, 
-482883563L, -1802294670L, -2086619456L, -239367383L, -1600403045L, 
-654307732L, 1241952890L, 786101167L, -838277447L, 2003355854L, 
1104077340L, -16340595L, -913283081L, -557552896L, -1849421474L, 
-1600097749L, 30432557L, -1479900774L, 802455384L, -1574463807L, 
-1250498189L, 821215892L, 1281685282L, -739192265L, 1673590529L, 
-899977722L, -192261052L, 468641141L, -1238406945L, 1453759544L, 
-122455018L, -1954841565L, 794389477L, -1691951614L, 1498870896L, 
-404209127L, 288025611L, -2079985924L, 1928005418L, -1787287201L, 
441589993L, 602200062L, -455189524L, -1210667203L, 1220129543L, 
-265196816L, 399053454L, 1918299323L, 1079945373L, -337513398L, 
1198665320L, -117161391L, 1989624131L, 1623996484L, 1956756210L, 
1890763463L, 2080030865L, -702378474L, 638782580L, -1900132603L, 
1634141519L, -244304056L, -1970225434L, 2072595L, 575829877L, 
-2080245934L, 4599712L, 2136873609L, 1991073467L, -251826932L, 
614338714L, -395713009L, 661049945L, -1706684690L, -706245252L, 
1302064621L, -82310505L, 1603487072L, -1449295554L, 1553975819L, 
379866765L, -925797446L, -389420552L, 1888351649L, 2125318995L, 
-494050700L, -175397886L, 1421502103L, -1946144671L, 408513702L, 
874052772L, -1056940715L, 1995724287L, 1262746776L, -1047508554L, 
1388819011L, 1437882245L, 1996665890L, 1022449424L, -1177460039L, 
1364023147L, -1915668900L, -5342326L, 1004548991L, 1644224201L, 
-431089826L, 1273965580L, 499035101L, 108293863L, 104582928L, 
-2116026834L, -1420901157L, -940684867L, 822798122L, -336707640L, 
451892465L, 2129062499L, 909643364L, 917198226L, -1619066265L, 
1461557809L, 1109170038L, 10157204L, 813585061L, -904036433L, 
1730993256L, -262139834L, 990123507L, -319168171L, -889236686L, 
1014490880L, 103011305L, 1290210907L, 1318056108L, -781445446L, 
-1605467025L, 1446134265L, -1230646130L, 1936350556L, 623971789L, 
1111511351L, 1654479808L, -1839786850L, 635500907L, -561831699L, 
