.Random.seed <-
c(403L, 176L, -1134664793L, -1230355348L, 1646481147L, 1664327193L, 
1545766738L, -978050503L, -1840267162L, -898755526L, 1328016245L, 
-515496334L, -1902440907L, -112621781L, 1315155084L, 1200778035L, 
-2123260420L, 1742062464L, 115507771L, 330216992L, 1659260647L, 
18101789L, 195662102L, -161508131L, -1488978774L, 1568695750L, 
1037982049L, 2136057486L, -372927607L, -1919974393L, 363111880L, 
1232967951L, 1938828824L, -921033548L, -1542352913L, -2063647308L, 
-387551789L, 377754321L, 1093843482L, -1587760079L, 617998494L, 
-1650348702L, -1215003139L, 69911706L, -1078846915L, -1014658749L, 
1295340228L, -1382200037L, 1193228580L, 713526408L, 69216691L, 
-1098113544L, 1706671375L, -483101915L, -781286674L, 706070405L, 
-1796959630L, 1441101822L, -2002813031L, -776147560L, 482097210L, 
-1347885332L, -1064979450L, -1796499993L, 920109277L, 848301497L, 
-2053578193L, 2087602102L, -1888149236L, 832494862L, -416861584L, 
-2122062267L, 248271903L, 166455539L, 1854041633L, 1932504532L, 
2120032118L, 482708784L, 1375996002L, -267081189L, -639309319L, 
-734366115L, -462046053L, -311161198L, -1666061560L, 1916918178L, 
841854940L, 936937225L, 952071435L, 2129650599L, 1719284877L, 
527276528L, -1160551310L, 217816228L, -273483458L, 1931703151L, 
-1992017675L, 1515394593L, -78800297L, -2059418050L, -928906188L, 
-1238205674L, 309764712L, 248089373L, -1471782441L, -902953765L, 
1488091353L, 1751042732L, 1488403502L, 749546216L, 283644154L, 
-342212605L, 386812593L, 868094245L, 15429155L, -1966915430L, 
-2138936688L, 1133705834L, -1693052908L, 1632801313L, 1492214723L, 
-1224258961L, 64658885L, -1288895768L, 1469357194L, -1900092292L, 
-1547435082L, -936489097L, -1832814451L, 301364553L, 1053240063L, 
243788326L, -400189252L, -1949577026L, 49752736L, -1924822827L, 
-993263601L, 1998468547L, 1150351121L, -173157500L, 306967302L, 
-521356288L, -1673122350L, 71511595L, -502326231L, -1211535475L, 
-1594442357L, 1138017826L, -1106876360L, 778713682L, -145699028L, 
889022745L, -261730277L, -1417423945L, 262498269L, 1752454016L, 
-1041899262L, -552451660L, 301447662L, -703873025L, 1760818469L, 
2035322161L, 1711892455L, -1749364178L, -348079324L, 1355603974L, 
-1836854568L, -640196755L, -2014987385L, -1136160661L, 1064671689L, 
961076444L, 1457893246L, -783728904L, -823493334L, 909174867L, 
-937842911L, 723519061L, 573988883L, 996792810L, 1275345728L, 
-1552666918L, -2129279708L, 1111065201L, -1305434349L, 145161087L, 
804020437L, 1530103672L, 543953818L, 1452474444L, -1329694682L, 
-1149644601L, 1839389565L, -1717274471L, -1678552113L, 1387511382L, 
716879468L, 1750856942L, -1203285680L, 2074130021L, 2061241407L, 
1621319699L, -1598467647L, 405967092L, -496274474L, -993027376L, 
1332104578L, 949886523L, -805756071L, 91676541L, -1889555653L, 
757395186L, 1509128808L, 796023746L, 876625468L, 663415785L, 
-1104889685L, -2140227897L, 898030573L, -1906465072L, -1925020974L, 
-2014777020L, 815376478L, 932928015L, 1681820885L, -1721292799L, 
-239350601L, 92647198L, 1044141204L, -134681610L, -885720376L, 
1122366333L, 51627895L, 254584827L, -1583668615L, -887538100L, 
-1919598130L, 1118898440L, -1049777702L, -279455325L, -2052337263L, 
508504901L, 899036419L, -6840518L, 2028314160L, 580014282L, 1799931892L, 
330200705L, 481594339L, 2100951503L, -441099739L, -2006267064L, 
393360746L, 1661656028L, 1747243350L, -1159915177L, -1114108371L, 
145864233L, 516680991L, 51354182L, -80154724L, -1207855074L, 
-1446385280L, -2145313291L, 1407817903L, 1463214563L, -1149883727L, 
1199546916L, -295499418L, -764756960L, 675894898L, -1542496821L, 
-134815863L, 1280310829L, -1371906645L, 1666790530L, 666675224L, 
753433202L, -893305204L, 672318841L, -132675781L, -1978981033L, 
1234438333L, -735626144L, 1844606050L, -801376812L, -542409488L, 
1234091108L, -133575258L, -415978681L, -249171577L, 538406723L, 
171513329L, -412804802L, 130300338L, -1735676022L, 1745474368L, 
-1355191431L, -1229027451L, 1591914261L, 931124199L, 1159430332L, 
1218529084L, 1699030848L, 835772330L, 825944363L, -407256661L, 
-1551118753L, -1058410067L, -1196033718L, -1453335738L, -1657141298L, 
73784316L, 263501669L, 454147953L, 542029097L, 899261707L, 1628349840L, 
629380680L, -869952916L, 1877195054L, -792570913L, 1122277407L, 
-1860812469L, 1396973385L, -653611002L, -1791659478L, -916512590L, 
-1608789304L, 2020794609L, 1324608509L, -914253619L, -448501953L, 
985746052L, 1800930916L, 288935128L, 1927820738L, 1554736819L, 
-837591661L, 95664727L, 122449877L, 1027512642L, -1054730098L, 
-1550711354L, 544252468L, -1261200659L, 1138924729L, 528105873L, 
-1723827405L, 623763816L, -968766944L, 1134205748L, -719097610L, 
-1333521385L, -144029449L, -929715885L, 379070689L, 1028902254L, 
1110415490L, -1556268102L, -189063024L, 2082002633L, -141274155L, 
-570712923L, 1051858743L, 1538541292L, -1374231060L, 1408315280L, 
-1222965382L, -1284204773L, 1076280859L, -1479317841L, -1011806467L, 
-2031603910L, 1591542646L, -1761791714L, 91401452L, -671285323L, 
449791777L, -1086557767L, -634818725L, 1073494496L, 510545048L, 
-1642655652L, -74152930L, 94640591L, -383364305L, 1814181499L, 
1338265561L, 1007538518L, -1508434470L, -380207934L, 1638620536L, 
-1490797535L, -1518840531L, -1209259011L, -980754129L, 929437780L, 
2015075188L, 1784157768L, -1980374350L, -766270077L, 1554778915L, 
-2068832185L, 1923952133L, 1964790738L, 701751966L, 1010471990L, 
-84468028L, -809991651L, 1648192585L, -216404479L, 147381091L, 
1305709784L, 950928400L, 1159460228L, 1834785286L, -1160596377L, 
-391530713L, 170090467L, -341940271L, -1006413858L, 66130514L, 
1117358122L, 1403266784L, -24014823L, 1118873125L, 880606773L, 
1306241159L, -1763996452L, 617898652L, -523285024L, -1441557110L, 
565019019L, 1613621707L, -2143953217L, 1213969805L, -1471891926L, 
761236582L, 1418425582L, 210567388L, 1269504581L, 798767249L, 
-381120759L, -1003198997L, 1040101104L, -143662680L, -33534324L, 
-519392178L, 157126207L, 380177471L, 1433924203L, -1721340823L, 
-1929129306L, 1257612362L, 103130477L, 670697418L, 2111815135L, 
1524488438L, 839292621L, -401556954L, 818739073L, -1908052632L, 
-1875107267L, -332292770L, 708096575L, -2044563574L, -2087836991L, 
-1059456418L, -1367774719L, -1514549444L, 197851389L, -1242917230L, 
-4034937L, 1833717878L, 1841086429L, -2054129818L, 522975025L, 
-1235641992L, 344700533L, -2085016442L, -1504134321L, -1056872950L, 
-217937839L, -1396608090L, -1650210583L, 1085255932L, -1310395875L, 
977018122L, 1076692975L, -806612186L, 1776392061L, -444623850L, 
1303115537L, 419982824L, -269766339L, 120645214L, -424088337L, 
-1107219622L, -1925659519L, -1057643474L, 1145888321L, 1135597612L, 
1401811037L, -2093152622L, 1794425527L, 1635371094L, -2127638595L, 
1668732902L, -831786863L, -1124378264L, 526559221L, 961458406L, 
165280369L, 767249265L, -638071614L, 1552826464L, 2006719977L, 
482819057L, 1711596472L, 692955474L, -1199562507L, -1583651919L, 
1555575690L, 1650878836L, 1644566541L, 1022700705L, 1359234628L, 
-376720102L, -1577810487L, 2100097881L, 1257041066L, -46589312L, 
764541913L, -297142903L, -2003133328L, 1930795810L, 961690853L, 
-1111745527L, 920191698L, -1419956260L, -286179403L, 75458633L, 
498310084L, -931483014L, -114293663L, -2121795519L, 2088315042L, 
1978296128L, -1479401511L, -1200604319L, 213002104L, 2112781218L, 
1969178197L, -407177391L, -769836982L, -1537550732L, -67154195L, 
-1411057359L, -1334384172L, -412088214L, -2013438295L, 1760919353L, 
2032978842L, -1216173568L, 880089705L, 584955913L, 2047251104L, 
-1080847342L, 1328501125L, -1391788199L, 147463202L, 246478604L, 
-1401391611L, 1186949449L, -770144556L, -1832843830L, 1687915857L, 
1307032945L, -531411550L, 965191616L, 764031913L, -1762013103L, 
1506792952L, -1464571662L, -307507403L, -1005447279L, -1023454070L, 
-1702673484L, 1148477389L, -666049503L, 981852836L, -700536870L, 
