.Random.seed <-
c(403L, 60L, 518350655L, -1620080619L, 1556527916L, -1737486334L, 
1271151325L, 654320087L, -984044354L, -1200576776L, -1919118117L, 
783304505L, -227446136L, -334096842L, -9992591L, -165448541L, 
-1507230222L, -754954940L, -1147359737L, 1711393757L, 1403856084L, 
-1299678214L, 1142049605L, 743182239L, 1524532518L, 1608682928L, 
-933099949L, -1603501711L, 778250400L, 1287395390L, -599904439L, 
-1197664773L, -996091446L, 1401116460L, 2096506671L, 1478043109L, 
526543004L, -1262019342L, 1730106733L, -837315929L, 2075933902L, 
1357304360L, 158564907L, -129505207L, 2011044184L, -537255930L, 
-26283551L, -1893794957L, -1577037854L, 1654343508L, -1196750249L, 
249285197L, -470487580L, 57477066L, 1757186613L, 1256804495L, 
1948717462L, -926888640L, -742096893L, 70042145L, 1513194768L, 
-495727890L, -1269467495L, 1143781163L, 915173914L, 1943343324L, 
-1079882529L, -1489044811L, -1376490420L, -946311006L, -2096648195L, 
-397652745L, -1754613218L, -1330916136L, -1974106053L, -2071268903L, 
2108893032L, 389360278L, 1616794641L, 847791555L, 1815857618L, 
1315618916L, 1463812007L, 416174333L, 372475124L, -1551359014L, 
1670551333L, 1931517503L, 313607622L, 1638048336L, -356712845L, 
-780963183L, -1485411648L, 1425607838L, 2006376553L, -1702585189L, 
-106965590L, 1656001996L, 1407375503L, -27289403L, -1134618500L, 
2126632146L, -2091357107L, -750756601L, 211501294L, 1084035528L, 
-1319323957L, -916748503L, -1480159368L, 288765094L, -1196812607L, 
-906547373L, -1069757438L, 1355430196L, 1315246775L, -322490707L, 
-912343100L, 1499154410L, 1122961493L, 1565136367L, -321397258L, 
-1758491872L, -307608349L, 1645494657L, 877811696L, -148064626L, 
1715902969L, 726553483L, 2111422394L, 2033512124L, -1938004481L, 
214074197L, 1346188396L, 20623554L, -344542435L, 1108560279L, 
-1207127810L, -1830698312L, -138142565L, -512644359L, 520100936L, 
-1863106698L, -315143503L, -2069583133L, 2082998706L, 1612298756L, 
-139955897L, -542303203L, 1171616404L, -1698858438L, 318846085L, 
-1697756833L, 841443814L, -495142800L, -1572893805L, -1782244303L, 
-929582368L, -866729090L, 1976924681L, 216207931L, 1188342794L, 
-404179988L, 451287151L, 1102591909L, 324583260L, 339501874L, 
544778797L, -1784575769L, -1845835250L, -90851352L, -727725589L, 
1004804745L, -740240872L, 1620973894L, -1343727711L, -446080461L, 
-1200351326L, -943222124L, 1755531543L, 1438021389L, 1615212068L, 
-1324509686L, 1061670773L, -1890780465L, -503579178L, -1372794496L, 
-1075615293L, 1848860513L, -1192573488L, -1534765778L, -1532869415L, 
-1158947093L, 1900338010L, 1441504540L, -1789535201L, 1898037365L, 
-898679540L, -966307614L, 1305074109L, 1437277751L, 378623198L, 
-569241576L, 1377267579L, -780144871L, 251384744L, -839031978L, 
1579342801L, 83636099L, -1387816430L, 1020661156L, 880671079L, 
-1168038211L, -1169469900L, 573216154L, -955575835L, -1263788673L, 
-1223338746L, 1332276880L, 176596787L, 1332573393L, 1265577600L, 
1368913758L, 659887273L, 914368347L, 1298292074L, 1235415052L, 
917071951L, 1242284293L, 520862140L, -1867094008L, -1032817734L, 
-1411553840L, -2009436180L, -2032595564L, 330734034L, 1778286944L, 
-1883313332L, 1666087200L, 51099522L, 1879934696L, -1001500436L, 
2001532988L, -274780302L, 2003955312L, -1906975708L, 97736504L, 
985056410L, -754892080L, -867383108L, -1359026540L, 746557058L, 
-2076186432L, 1280909116L, 2002501776L, -287635934L, -717091832L, 
15822092L, 991624348L, -721403374L, 1106727808L, 458380820L, 
-933542360L, 1397796154L, -924961328L, -1874780052L, -1289259724L, 
-640253294L, -1055578272L, 964321100L, -2104197152L, -1512526942L, 
-1137575000L, -1419601524L, 1042601148L, -25878158L, 1551393008L, 
1333895236L, 1123380568L, 59449914L, 1425239920L, 426351676L, 
-1675207916L, 98153922L, -432658720L, -29461636L, 2100253392L, 
724591778L, -674117592L, -1288939252L, 2058363836L, 1610994994L, 
-1632431680L, 564515380L, 1739794376L, -1432857414L, 665057680L, 
-91414036L, 1250823764L, -17249134L, 1461123872L, -1268485684L, 
1507855840L, -290201918L, -1024360408L, 1393733292L, -1597820740L, 
532624882L, -2089079504L, 1981469860L, -1179053384L, 222955866L, 
-2113179248L, -345636996L, -305252076L, 1644035906L, -1324441856L, 
1593729980L, 1186466640L, -248697054L, 1786299720L, 590284300L, 
-249581476L, -1361897262L, 1082312192L, 211994964L, -304499224L, 
-1696795654L, 834256080L, 283273516L, 454285044L, -404925038L, 
-162037664L, 248415500L, 1679037152L, -334613150L, 255240872L, 
1770426956L, 1702571388L, -1336135374L, 1707555952L, 957031236L, 
-821790248L, -1537586054L, 1450319408L, 871838396L, -1199379628L, 
1276043330L, 1065413024L, -1142024516L, 2097862096L, 89976162L, 
-1081729048L, -1150259252L, -907379972L, 1191046642L, -591027072L, 
404300020L, 1713046152L, 2062107450L, -1828176048L, 552022636L, 
315390100L, 2023088466L, 1009264352L, -738877748L, 1824473248L, 
-1481545854L, -2042206488L, -1726800148L, 1609973820L, -839496078L, 
-1263674256L, 23085604L, 382046264L, -1069213670L, -975481136L, 
-288285636L, -1475640172L, -859969406L, -1870524480L, -1754928836L, 
612748944L, -1151170526L, 592873480L, -37143412L, -1311968228L, 
690553490L, -1987252096L, -2134137836L, -1264099032L, 1330879034L, 
-763751216L, 1280506988L, -142901580L, -1562580974L, 649752544L, 
-144159796L, 465815008L, 1470274082L, 1128322344L, 1711271180L, 
197297724L, -237790990L, 961439472L, -1312735420L, -1235794344L, 
1862683194L, -1774366992L, -1068222276L, -416720364L, -1153852222L, 
650980448L, -1436349060L, 2042829008L, 1769229346L, 1657120424L, 
-993121396L, 221140412L, -2100452302L, -844492992L, 613000372L, 
241229640L, 271512250L, 585678608L, -295418644L, -766989228L, 
354823954L, -1037181024L, -974232628L, -1514054816L, -1999821630L, 
-1550762456L, -2095088212L, -1028265156L, 512923506L, 917536560L, 
251999780L, -1730581448L, -467457830L, 121912720L, 545970940L, 
1406034836L, -1208328382L, 1638974976L, 1933159996L, -41184688L, 
681467554L, -1825289400L, 916234764L, -756557604L, 1892997714L, 
-878970752L, 787858260L, -1905898008L, 1323929338L, -246805680L, 
-328169290L, 2115067203L, -1692435323L, 1363035426L, -1054683632L, 
-1145868871L, 288304747L, 1113710940L, 1128454282L, -167899009L, 
1861697993L, 256492126L, 1778866444L, 460856541L, 1117297127L, 
1774387728L, 448732974L, -1832213541L, -1306299203L, 1859282474L, 
-604529976L, -2060288015L, -381144733L, -839376540L, 500188306L, 
1555921255L, -492594383L, -1837817738L, 1567947156L, 1835769253L, 
960911023L, -362188952L, -792902842L, -1447103757L, -1577702315L, 
514105394L, -1748984320L, 1057148649L, -1736831653L, -1927921748L, 
-1978072134L, 2015837551L, -790948103L, 1628704654L, 352258652L, 
2084522189L, 243931191L, -1550138688L, 1444738462L, -300616085L, 
622210541L, -604734374L, -1606235368L, -617418623L, -1130953165L, 
1169308756L, 1482119266L, -698003721L, -1383497407L, 401799110L, 
950177028L, -1283447627L, -1099676769L, -913855496L, 859809238L, 
716004451L, 929613861L, 1450471362L, 824370352L, 1538904281L, 
641844811L, 1124687036L, 938517226L, 1559413535L, -1774539863L, 
-1452114626L, -366164948L, -527064451L, -1345176377L, -2075031120L, 
-1073916978L, -1456221957L, -1650452643L, 86766730L, -75480408L, 
-332861935L, -382361853L, -1581975036L, 1858396722L, 1164395143L, 
1799214801L, -1546665898L, -223444940L, 320512837L, 1207169423L, 
-123684600L, -264248538L, 2038283219L, 621731125L, -2124555118L, 
1344607328L, 2073735625L, -368940805L, -1578101044L, 676735834L, 
1387671119L, 1645292313L, -613944018L, 1149816636L, 1549659309L, 
1168015191L, -754363744L, -1548993538L, 1835801291L, 217234637L, 
-826679302L, -2077109192L, -1607985695L, 177315475L, 1004252340L, 
659355074L, -1517369897L, -1179260383L, 848878054L, -480251676L, 
-1433432043L, -1069608897L, -440467496L, 520389110L, -1199160829L, 
-1259301563L, -180895390L, 448596688L, -696998407L, 1612647723L, 
