.Random.seed <-
c(403L, 21L, 1077564613L, 898479228L, -304109358L, 784353357L, 
1778237703L, 698979566L, 137919944L, -95386933L, -902837463L, 
1753852792L, -790130522L, 1098123969L, -1854645421L, -2121816062L, 
1696695604L, -1804579145L, -447442259L, -1102781500L, -879367190L, 
-1980853163L, 1249176047L, -897322506L, -1276598496L, -1618741021L, 
-1155166847L, 218082288L, -757247346L, 53839353L, 251303819L, 
1922409402L, -1621837124L, -437825025L, -366723243L, 876386412L, 
-1290621758L, 1262159645L, 14663063L, -1894949634L, 576997048L, 
479713435L, 1222530809L, -878970808L, -1074074762L, -2015269199L, 
-1299923229L, 808938930L, 905106948L, -255103673L, 2135762973L, 
-1329942892L, 455960122L, -1586632571L, 799923551L, 1678079462L, 
950774896L, 425635731L, -1320138703L, 634226400L, -775884930L, 
-337369591L, 1102253627L, 1372303370L, -1350168596L, 2016306287L, 
675773349L, 851516252L, -2080717006L, -1469245907L, -782820121L, 
-1569853938L, -1012296728L, -1482945045L, -562014583L, 459286040L, 
-230822586L, -1259189343L, -814078413L, 1422752674L, -1028378988L, 
2134207767L, -987874547L, 1821952548L, -1207651830L, 1729670005L, 
288255695L, 2112610774L, 410865024L, -1034435133L, 135668577L, 
-555066928L, -829918930L, 1956206809L, -1399270677L, -1319420070L, 
-1685853924L, 1378951199L, -93057931L, 1355110668L, 881865954L, 
1375706557L, 1428326967L, -1864206114L, 1432499224L, -488993925L, 
-922871015L, -989542488L, 1485506390L, -379494447L, -1750516861L, 
855735826L, -1009018460L, -959906457L, -1744747843L, -972701132L, 
-770016870L, -864918043L, -1179541121L, 827787526L, 1745982096L, 
1307325235L, -475223855L, 862505600L, 551148382L, 1323837609L, 
-1722537125L, -1334920854L, 36252684L, 1794575439L, 430218501L, 
-108716612L, 1255602322L, -2012701811L, 2131336135L, 842383534L, 
1855721736L, 29429515L, -1869383191L, 2107784888L, 2115774822L, 
325315073L, -735353709L, 85491522L, -905121548L, 736734455L, 
476095725L, 1996494724L, 1949772202L, 345870101L, -596619857L, 
846173622L, 554716128L, -1984249053L, 108291137L, 1854879536L, 
1791210830L, -1914914887L, -772476469L, -1654148486L, -1779419268L, 
-1635240001L, -2051325803L, 2072104620L, -873481086L, -576304035L, 
-322251945L, 1995976254L, -1656790408L, 552505691L, -573030215L, 
1437470984L, 102835126L, 2128978161L, 1973344035L, -1555271310L, 
1773847492L, 1758703495L, -848636579L, -2071016620L, -1952714374L, 
-225444667L, 1021648415L, -49940058L, 350632752L, -1000433197L, 
457039857L, 872327456L, 2133284798L, -265881655L, -1724704901L, 
-962966198L, 595569068L, 2042102959L, -1015611803L, -459168228L, 
-1439532942L, -1666056467L, 2056168231L, -182878386L, -1053149272L, 
-1870543957L, 1853817033L, -891041576L, 1882518918L, 1415736417L, 
811769331L, -1210491806L, -338781484L, -1783305257L, 571023821L, 
-893045404L, -250887862L, 1023404213L, -1410236401L, 1365555478L, 
1199481792L, -399446141L, -1680286303L, -9993840L, 695290478L, 
139062297L, 225210539L, 212505754L, 2124850268L, -485547681L, 
-495205579L, 1758709452L, -1136045022L, 1029647354L, -59171632L, 
-766551764L, -1030662412L, 485465490L, -1168273312L, 1575908620L, 
1086507744L, -1868722846L, -987888984L, -1067726260L, -1977608836L, 
-1980323534L, 553852016L, 1395362628L, 440517080L, -1517230982L, 
696206896L, -944553284L, 167957332L, 733716546L, 820218272L, 
-2041989444L, 2012696016L, -911225502L, -1424791576L, -423043124L, 
-1064484100L, 62522866L, -1660715904L, -1490585356L, 1798822536L, 
-1527518406L, -2143709360L, -1246356884L, -135747436L, 1354383698L, 
1514374880L, 821335756L, -861947744L, 435763074L, 258213608L, 
-478200084L, 645333052L, -196082062L, -1753746320L, 1192114724L, 
828729400L, 353644570L, 774211280L, 82705468L, 2004286612L, 424290434L, 
-938156096L, 517564732L, -479279472L, -2145165278L, -426362872L, 
-1951245172L, 1174664220L, 1865673362L, -1514164096L, -576388076L, 
-662505176L, 1143388730L, -378161968L, -1636494228L, 2082713268L, 
-426661870L, 220268512L, -2049055796L, 998710752L, -298368478L, 
-1589924568L, -1919138548L, 2142469692L, -358829838L, -1412804880L, 
-1955098812L, -997327272L, -1720358342L, -204034320L, -1954328388L, 
-1290153452L, 1761465538L, -1377242016L, 593370492L, 742379728L, 
780829730L, 13745832L, -1179630708L, -1465569860L, -1281385422L, 
786933568L, -1231043404L, -256669880L, -230995270L, -1121001712L, 
787381484L, -534690732L, 358747922L, 1987622816L, 1292817356L, 
85807968L, -170703678L, 1996658216L, 1160828332L, 1550928700L, 
-1544702094L, -1997023440L, -2062436828L, 1007797304L, -2075762470L, 
991016336L, -88933636L, 1954132884L, -1154533566L, -1803297280L, 
2106533436L, -2029262256L, -1417800030L, -394190008L, 2043400716L, 
-1864615716L, -653526446L, 1376178304L, 316803924L, -1728428568L, 
591986426L, 1959963472L, 1665854508L, 46688628L, 1003943570L, 
-2014204320L, 1274685068L, -2080794784L, -255509790L, -315838296L, 
1318878412L, -1163697668L, -497942606L, -381736464L, -428841532L, 
-93848744L, 1230516090L, -2030185040L, 1115248060L, -1196866476L, 
-1289435198L, -683653344L, 1824570300L, 1280530000L, 1922370018L, 
-1891723928L, 242191692L, 1504508L, -1411212558L, 384942848L, 
-1351889292L, 336811016L, -952215110L, -2105347120L, -956660244L, 
66678676L, -899301678L, -1082135968L, -1653392052L, -2066235104L, 
-1272578430L, -843844120L, 1102713836L, -822519236L, 1116345970L, 
277097328L, 452727076L, -896064968L, -1780393574L, 1462414800L, 
-1572979268L, 2054571156L, 417630338L, 1686494656L, 624967484L, 
694677648L, 1990814498L, -387933688L, 1804986636L, 212728220L, 
-1601959406L, 1041964928L, 1585777428L, -1642131160L, -1072457670L, 
963501008L, -1222128020L, 528028212L, 1982998162L, 1734839648L, 
-1288607412L, 207217632L, 1636880802L, 301160872L, 2022479500L, 
-154006084L, 922509938L, 823970800L, -1571130812L, 1747046488L, 
2139423802L, 2127787120L, -1798196164L, -123054828L, -1589626174L, 
-1711802656L, 1115114620L, 1223023312L, -1067431518L, 3841064L, 
1352718092L, -562405956L, 2141296434L, -560193856L, 452296756L, 
1238564552L, -1516074822L, -323112304L, -1149182228L, -1486288941L, 
-664032971L, 123379858L, -1155637152L, -1846602295L, -1750733573L, 
-301178164L, 792799066L, 618984015L, -21276903L, 656662830L, 
-1712143556L, 2047396013L, 545606487L, -1476067680L, 1046067198L, 
656727755L, 974106829L, 440816634L, 199909432L, -1185728031L, 
1056604819L, 93554868L, 1296275906L, 1426309591L, -1242190303L, 
2132256230L, -1382269724L, -1573682155L, -584076225L, 1289927640L, 
980119030L, 1777667587L, -1618712251L, 597568866L, -64270640L, 
-1922684423L, 1604335915L, -1374371172L, -1053398838L, -1609907777L, 
2111292681L, 1152435742L, 1243323340L, 529316253L, -793652185L, 
-1213867440L, 49194734L, -480772197L, 1517211133L, -475254550L, 
1868084104L, -2038997711L, -241777245L, -986123868L, -144268206L, 
1129791399L, -618923023L, 1405648694L, 1268931540L, -434785947L, 
-418091665L, 2138664872L, -881212154L, -481981389L, -1849693547L, 
409361138L, 1874248512L, 212560041L, 1918672155L, 263949036L, 
1901139706L, 539936559L, -278010055L, 1920588110L, 477972380L, 
1831159053L, -228733065L, 588426112L, -34766370L, 406337195L, 
-1701176915L, 1032875546L, -1629548328L, -215007935L, -1789446669L, 
-1784425452L, 1950849442L, -1963086153L, 1419733121L, 982671494L, 
-1714776892L, 382579189L, 1699032159L, 1926205112L, -1889362026L, 
2057426339L, -747828891L, -481468286L, -774993424L, -193478759L, 
1592441227L, -1579228036L, 564776618L, 1119119583L, 1075478121L, 
-1765397378L, 1544741996L, 904885437L, -1900958329L, 159091056L, 
215174158L, 698941755L, 1334873629L, 1958056650L, 719830504L, 
2079220433L, -669131069L, -975956540L, -1212456334L, 1310595911L, 
-969465071L, -2032619882L, -381967372L, 1015221637L, 794427599L, 
-505452088L, -1007679386L, -2130829677L, 837078517L, -1406545966L, 
1064791072L, -934359543L, -216221893L, -680297844L, -1391976678L, 
