.Random.seed <-
c(403L, 574L, 1173715704L, 313393547L, 2090747231L, -360370181L, 
2038669350L, 1784579378L, 1587509909L, 649588860L, 1479262054L, 
1877771979L, -841782630L, 735400074L, -1448667578L, 686516783L, 
-768527053L, 284342708L, 653926577L, -1422213826L, -364005320L, 
986854268L, 2121237057L, 1558539845L, -445031123L, 2071941805L, 
-1712800377L, -1102231800L, 659904105L, 905822001L, 1917201349L, 
238222576L, -2015728626L, 1880287488L, -507474274L, 1349787110L, 
-110641092L, 883030341L, -246058584L, -961130807L, 359439398L, 
824060696L, -389808696L, -1179061724L, -1433428512L, 1876371392L, 
-2110154813L, -859881534L, -1201348390L, -2125641653L, -392088195L, 
861692323L, -2097208827L, 2089961814L, 1863971179L, 2103454932L, 
462533954L, 1855315357L, -720341188L, -793624825L, -850491284L, 
148822918L, -425206579L, 965283399L, 150792789L, -1669804040L, 
-799822719L, 228426309L, -138867022L, 1468105771L, -1453251931L, 
-180503180L, 108458961L, -676563140L, 601614358L, 314359070L, 
60249485L, -1932955290L, 540925921L, -991146707L, 1579182444L, 
1281258791L, -817374335L, 1059509251L, -1139851043L, -1092181652L, 
-1229333191L, 1528199111L, -489248104L, -1492766119L, 454635814L, 
1034389265L, 118032385L, 807900562L, -1570990166L, -1499103182L, 
1854607763L, -1112431804L, -1123084099L, -1737009441L, -1315847735L, 
-134679853L, 244111631L, -1102706577L, 163966075L, 1123796336L, 
195609275L, 675052629L, 1710130260L, 411324996L, -430141525L, 
1730710307L, -1288072809L, -1025041909L, -325088552L, 645815070L, 
554318842L, -1066502815L, 1591791302L, 2098385070L, 60133779L, 
1281833818L, -2001719504L, -1767127390L, 1772373455L, -1999210578L, 
-1815856854L, -1636857566L, 411511470L, 513490296L, -1309872683L, 
1642746632L, -1433000654L, -258349749L, -1168933465L, 1474320098L, 
-1749265756L, -71216694L, 56017611L, 1701617256L, 470019352L, 
-1650632022L, -4493536L, -626757348L, -648788350L, -1453640357L, 
-1104919164L, -84032467L, -1940560019L, 696198507L, 1151385720L, 
1670241069L, 57024272L, 571751754L, -1465945327L, -1168929325L, 
-509147488L, 557633686L, 649281148L, -1011689885L, 1420631127L, 
483933991L, -464031352L, -1909152227L, -1109421458L, 1066003819L, 
-25981952L, -1236942911L, -952015918L, -1409646511L, 1678317886L, 
-975344495L, -1043544677L, 1647023844L, 392849027L, -2106315303L, 
1179913225L, 592970714L, 1129614485L, -461147259L, 380327216L, 
1492331525L, -1112467057L, -765644802L, -1240547327L, -531443616L, 
-633073809L, 68681040L, -1818954418L, 379838656L, -1540789063L, 
1798637433L, -756799981L, -1504996454L, -1486775867L, -1120633118L, 
1667638344L, -1318320911L, 1102731201L, -1944674945L, -1802369354L, 
-1518487765L, 640246269L, 1847746793L, 48282301L, 283684982L, 
303901822L, 1986611117L, -261292443L, 1271963619L, 422531289L, 
1717009309L, 1604954362L, 1049207382L, 938439839L, -1809243134L, 
-135940167L, -1833888975L, 2018814007L, 825101572L, -1916057693L, 
-621261679L, 143478612L, 584694315L, -938850835L, 740779023L, 
338357284L, 1934598635L, -2056654745L, 1486588085L, 1275716432L, 
-1024232087L, -775090213L, -247834344L, -534127812L, -2143866707L, 
219716991L, 1369643353L, 1788258626L, 1530435840L, 926789234L, 
658254360L, -573632038L, 1136291295L, -449318073L, -1124199450L, 
730281156L, -834522648L, 433999513L, 238135758L, -1568596493L, 
1675007857L, 373598370L, -1302057835L, -540089647L, 703817371L, 
780242694L, -850134007L, 1615994355L, -1176205345L, 1765562158L, 
-680633314L, 1673340241L, 1476288668L, -1796493184L, -1195956065L, 
1121311126L, -503281217L, 138677595L, 1155262772L, -455950257L, 
925346754L, -1113995871L, -374059029L, 1505902746L, -1535378571L, 
-1626288505L, -465984287L, 977191108L, 85795262L, 2136120456L, 
-1411052281L, -702813116L, 1097000581L, 380497405L, -1997729674L, 
2027738668L, 564370951L, -1835186882L, -62949408L, -1357960978L, 
1962277379L, -728508842L, -60341713L, -113680874L, -684301314L, 
442614660L, 1173911050L, 492620713L, 1540088793L, -196048538L, 
614089727L, -1406429017L, -176863052L, 571743557L, -947699459L, 
-1996272777L, -193642789L, -48254367L, -1120503356L, -1978154275L, 
-976791896L, -1552210468L, 1614272384L, -190741786L, 1827351521L, 
246592141L, -2125811504L, 1816667887L, -602669821L, 384343312L, 
-1714380605L, -1295088410L, 999125003L, -923871661L, 303493816L, 
172973842L, -359247640L, 427428168L, 1791699905L, -1919780354L, 
-1329317092L, -1913697332L, -609908372L, 601358326L, 1855952306L, 
-1551208754L, -1624581446L, -21380910L, -919897642L, -600818970L, 
-515321465L, 1251050632L, -1080765488L, 218824606L, 2099908599L, 
-514673233L, 540805153L, 1432560401L, 2046485450L, 392199166L, 
-337272345L, 174320834L, 951314834L, -1235437005L, -595265143L, 
-1168056365L, 2070778554L, -840005782L, 743634176L, -1589507056L, 
-255885736L, 668540118L, 1721357993L, -26338118L, -868792576L, 
-1725281586L, -1646195285L, -1690285861L, -401755065L, -913627910L, 
1730161713L, 2144528760L, -1036916338L, -668391789L, -1086454852L, 
216611740L, -592109541L, 961261448L, -30686303L, 1471846214L, 
1909189939L, 1109648453L, -2041228372L, 1697254526L, 522883509L, 
1756228646L, 938266173L, 1135524637L, 1759652995L, 899197531L, 
1591010348L, -1628463818L, 325144337L, -548754575L, 2054780379L, 
-636887650L, 1438516505L, 887126540L, 377789359L, -1257898922L, 
-269186223L, -666978345L, 1699947988L, 162143255L, -758115864L, 
88586775L, -633353931L, 16890174L, -1167223129L, -1305323624L, 
-814558756L, -152947638L, 873872094L, 953123156L, 632271963L, 
-170857646L, 271722311L, 475177155L, -1255658211L, -270861847L, 
1198197369L, -878883785L, 2111019621L, -1317529621L, 1752970199L, 
-1529079162L, -1702085574L, -91782102L, -2017070912L, 721896484L, 
-383268837L, -610124943L, 1532630515L, -1880230607L, 815912117L, 
-2050752473L, -722284622L, 1020405673L, 969433994L, 161083934L, 
1449874789L, -1522803104L, 693338273L, 328746039L, 1733373232L, 
-1401774997L, 1385954878L, -1586662130L, -329494633L, -309610415L, 
-331332446L, 1510589732L, 2041300353L, -1399019073L, -1604631180L, 
255541356L, 1933797321L, 1257325044L, 1956196025L, -1752530074L, 
1755892804L, 1979205826L, -536650648L, -1378352466L, -1286955241L, 
-1906260820L, -1008957940L, 415307708L, 697841820L, 1249519796L, 
569941355L, -1799477167L, -1097531809L, 1156940013L, 1864689430L, 
-1350765157L, -1898640292L, -1626252299L, 1149999685L, 1822361045L, 
654864575L, -12076059L, 1472482959L, 1968640737L, -1994230410L, 
-1967403436L, -567625941L, 1199078173L, -679254804L, 1194181086L, 
1563445738L, 1201450635L, 624103584L, 1389096179L, 2141826491L, 
587415167L, -1407047653L, -1517831838L, -1553028335L, 1843497504L, 
1113647210L, 777426882L, -1396572825L, 1184786886L, 185261565L, 
1209985143L, -786634781L, 1714330738L, -1237795756L, -908858584L, 
-1988810906L, -1940201172L, -1117373895L, 76127505L, 1544646205L, 
1215197901L, 1059098612L, -1064433323L, -1447748830L, -280098711L, 
1625426613L, -605747215L, -1788871861L, 383280913L, -889988311L, 
440672985L, 2063718404L, -2147408884L, -970533697L, 1448588464L, 
-1263546199L, 1548653271L, 1113213206L, 1971647746L, -1978666421L, 
247399698L, -1498462716L, -1091395141L, -1895287090L, 709157617L, 
-1329476501L, -1807622832L, -762531921L, 306292201L, 613812265L, 
1788152289L, -1331311904L, 1178295048L, 229897208L, 1257353875L, 
1329106573L, -797947470L, 654907847L, -1637955105L, 1575102260L, 
1926615311L, -652221265L, 1602832550L, 1605073645L, 257320571L, 
-1992009888L, 1864805948L, -1193623508L, -648746160L, -164537011L, 
-519994983L, 1433468263L, 215038938L, -658145618L, 1852121191L, 
-549679724L, 1167339638L, -1783837562L, -566035472L, 1158287139L, 
-1113140293L, 1796238808L, 1535872065L, -1995322689L, 224051459L, 
-2085133387L, -81569204L, 738769028L, -35115640L, 348979418L, 
-585916867L, -2108298992L, 654081006L, 752798650L, -797748604L, 
-1667546804L, -438202344L, -779615002L, -630941627L, -1525012241L, 
