.Random.seed <-
c(403L, 624L, -30687743L, 2142122958L, 1257173495L, 362302924L, 
1421191261L, -1218344070L, 1487659699L, -1629839272L, -275849607L, 
-181580826L, -301566673L, 1682848164L, -2060092331L, -545660654L, 
102311275L, 1316251056L, 571432433L, 1812231934L, 815542119L, 
182530172L, 1447436109L, -989136470L, 1377931043L, 138896904L, 
-1486676887L, 792204566L, -1106181985L, 289706580L, -508858043L, 
-598788798L, -1503395877L, 1374486880L, -1522796063L, 1452836398L, 
-1658730281L, 1410842412L, 1256542781L, -250809382L, -1550100589L, 
1047173048L, -54012327L, 1749166662L, 57108495L, 1646663428L, 
-1632656843L, -1609132686L, -316770741L, -474904304L, -500133423L, 
706568542L, -1730757049L, 166132188L, -1568521939L, 13269514L, 
1684028419L, -2145438360L, 1679559753L, -1554085002L, 725658495L, 
-1761753164L, -1810821339L, 2123563426L, -730888005L, 1341979840L, 
-483646015L, 1309018254L, -774762569L, -1078337396L, -657724387L, 
-496595910L, 225918067L, 318783256L, 2038349369L, 2019571878L, 
-2137797905L, 1117168740L, -1654736875L, -1941472814L, 1883125547L, 
1103780976L, 1378727345L, -695895106L, 199933223L, 867922748L, 
1697731341L, -591123862L, -374908701L, -211241784L, -254874583L, 
1138373078L, -1676163489L, -92558060L, -1981309691L, -831062526L, 
1580302747L, 1926539296L, 1760838049L, -1265714450L, -1867004265L, 
-19484180L, -1428064771L, -1081715558L, -2055761581L, -2072799624L, 
-2052352487L, 1461679878L, -733766193L, 116908484L, 213564917L, 
1797557810L, 900753419L, 1536614352L, -520173167L, -439040482L, 
-1617941497L, 1152818332L, -389327635L, 319818442L, 523167171L, 
1073472552L, -344736759L, 675481654L, -1387376321L, 320225908L, 
-1398334747L, -653055390L, -136189317L, -481557632L, -477344383L, 
-1530225330L, -578097801L, 1673933644L, 698216413L, 1216630010L, 
383014451L, 1721540056L, -1119461895L, -2112363162L, 1227808943L, 
-593375452L, -1271155755L, 264622738L, 2142046443L, 267326256L, 
-107229839L, -1734131586L, -981529881L, -1523550724L, 868763341L, 
-372892886L, 1580130979L, -1347370104L, 1845656553L, -1271853418L, 
-677622753L, -467302444L, 566724805L, -1216379198L, -239549605L, 
-1237643552L, -68400799L, 89239470L, 402883671L, -320838484L, 
2037995965L, -914852518L, -389706989L, -111979208L, 944182745L, 
-1025408058L, 101553039L, 485256324L, -1755735627L, 1497581298L, 
745281995L, 699070096L, 50118993L, -74913058L, 1265588679L, 1770061660L, 
144713901L, 855530378L, 467619715L, -127970584L, 242428873L, 
-1757657866L, 1874441983L, -1660846796L, 1254155941L, -1898704094L, 
938347579L, -327562688L, 1460417857L, -2000948722L, -69629129L, 
1149060620L, 2062267293L, 444255674L, 1048784883L, -395330408L, 
-1968849479L, 789860902L, 228046447L, 1294973412L, -175345771L, 
850717522L, -1239049557L, 1604487664L, 1612293425L, -417479362L, 
1528371367L, 1375746236L, -439682419L, 1288752106L, -378000285L, 
1004507720L, -557986903L, -855856298L, -1503751713L, -1727913324L, 
-989121403L, -1876373630L, 1387906331L, 1927296416L, -1780215519L, 
-1381931922L, -1597701609L, -1057695892L, -898826883L, -1616685542L, 
2001028307L, 1271518200L, -1000712807L, 675827846L, 1048922447L, 
516142916L, 1246508405L, -1825390670L, 856787851L, 1420676432L, 
1877637393L, -405602L, 2050246535L, -888790500L, 96517229L, 559246410L, 
1949399363L, 134840744L, 1826249609L, -1660272202L, -2008884033L, 
1602189300L, 1780380261L, -124404766L, 1716776443L, 575033600L, 
1433132289L, -1097201970L, 2055071991L, 1688148172L, -1066059939L, 
1225395834L, 239323571L, -1489396904L, 1901911417L, 1544912614L, 
1401834543L, 1862296740L, 1292954453L, 2111095826L, 1432874091L, 
-1750810448L, -1922614031L, -1229649410L, -1971788185L, -320160900L, 
1593405005L, 648297642L, -2059192797L, 1454711048L, -1027548311L, 
-1694693354L, -31549537L, -1546551980L, 1332912197L, 288544834L, 
854886107L, -1081861024L, 781949153L, -767698642L, 1488732119L, 
-573306324L, 1903976765L, -1832454438L, -1699299693L, -359198024L, 
-1717217959L, -1005331130L, -479543537L, 1195229700L, -246247115L, 
28506226L, 1801502027L, -1554029552L, 260567249L, 1206350942L, 
-912329401L, 2080769244L, -1544744915L, 1591033098L, 31810307L, 
-1917161368L, 1718176585L, -1502806410L, -861289857L, 1162883764L, 
-964706779L, 790111394L, 349409211L, -76441664L, -1234484031L, 
-886776946L, 1731724983L, -2031375476L, -1376093411L, -2064511174L, 
-808049805L, 1908029976L, -1054098119L, -1512346714L, 1624416751L, 
-590098588L, 1720264469L, 971332818L, 1597242923L, -558516368L, 
1229231281L, -1138159938L, -782339033L, -391119300L, 1125360141L, 
1476423018L, -347078685L, 2129752008L, 1506519849L, -353229610L, 
-1801691809L, 1330878484L, 1555942405L, -1285709566L, 69798043L, 
1927725856L, 2110972065L, 1474760174L, 766066071L, 1715338476L, 
40338685L, -1281140838L, 2094659667L, 75174264L, -404220647L, 
-1828443642L, 444462287L, -1860531004L, 405581045L, 1300492594L, 
-1223053557L, -1669350704L, -1986713455L, -401483490L, -1754307833L, 
1329637276L, 1726292973L, 742247882L, 1589316803L, 1748115240L, 
450886409L, -534480074L, -760321985L, -114053772L, -609957403L, 
186338658L, -1792216709L, -1363435904L, 298478721L, -216240050L, 
-1882725257L, 774045260L, -1220837667L, 1056100346L, -1929757389L, 
-693004072L, -1982702343L, 1764104294L, 992262063L, -244712924L, 
-1380637995L, 1873196434L, -1790324757L, 462777904L, 460434545L, 
1815729022L, 1837744615L, 2014314748L, -170289715L, -2119868886L, 
-1788966493L, -212566392L, -1549911319L, 1234960790L, -543694049L, 
-1505201452L, 1219278789L, -1352062526L, -132691365L, 600320480L, 
-79042463L, -480443730L, -850658473L, 1022537644L, -789681987L, 
-755468198L, 124711443L, -2009739208L, -1629317927L, 1373189830L, 
-914429297L, -1223026812L, 177899701L, -546985486L, -1208196917L, 
-2033266288L, 1171398737L, -1254556194L, 23433415L, -680129956L, 
-1838614611L, -1974526326L, -462260605L, 909151720L, 1778281161L, 
921745398L, -267334145L, -437655500L, -447900251L, 626996770L, 
-115338437L, 853828928L, -1085713343L, 994100494L, -2115141065L, 
-1660612340L, 267928221L, -1479782214L, 259004147L, 618641304L, 
-1693401927L, -1028291290L, -1471902353L, -947723036L, 1314184853L, 
-405221806L, 2036949419L, -184294160L, 1269728305L, -72918978L, 
1555746727L, -1916091460L, -1693759091L, 72552170L, -1121004701L, 
-1298248376L, 1610123945L, 62561878L, 349251807L, 1936723348L, 
788489093L, -32148862L, 8342555L, 686313632L, -557797343L, -648038546L, 
-1520142057L, 78783084L, -254735235L, -2121901798L, -466244653L, 
612847352L, 1851053209L, 2102592390L, -1775394737L, 872178244L, 
-732158859L, -535289166L, -808922485L, 1762437200L, 1811863569L, 
1142743710L, -448692601L, 1734749468L, 708348781L, 969486154L, 
-1395941309L, 1450556584L, -209413495L, 1469166774L, 982578111L, 
909304564L, -549838491L, -693903646L, 309130491L, 1051454464L, 
-693634047L, 1750194638L, -1956061193L, -699276340L, -1410283939L, 
-1338076806L, -520638285L, 1795462744L, -2069439367L, -1890995738L, 
770843439L, 970887076L, 875059797L, 725329682L, 1297265515L, 
-775873616L, -507831311L, 1597086974L, 1555144039L, -593475972L, 
375962957L, 13205418L, 1551949091L, 2072960008L, 245013097L, 
638450454L, 705179295L, 1099589716L, -344600763L, 1478654786L, 
-819917349L, -1727580320L, 536295393L, 1588538414L, -474827049L, 
540824876L, 902787133L, 269285850L, 2095981971L, 1211076024L, 
-973155239L, 1378979910L, -431352305L, 1115778308L, 1093763125L, 
945511282L, 541000779L, 167329552L, -472166447L, -377649314L, 
-524080057L, 298913756L, -233578707L, -1150550006L, -1853453821L, 
-406738072L, 389188169L, -1362661002L, -2014389889L, -724656716L, 
-2060817115L, 933840802L, 1926469307L, 1221735104L, 799433665L, 
-15749490L, -1174798921L, -1664518516L, 1055197725L, 151622202L, 
1263602291L, 2011182360L, -1772831687L, 1805819558L, 300775663L, 
-482543004L, 183473685L, -2104541230L, 314950955L, -661843344L, 
