.Random.seed <-
c(403L, 80L, -2080259469L, 1746565461L, 164954890L, 423457184L, 
-526907505L, 270498593L, 802316421L, -300945206L, 1589131327L, 
-1431816763L, -32547391L, -768031542L, -1789045193L, 1668364510L, 
-918832260L, 1634255497L, 1880058736L, -723824105L, 115161728L, 
825846187L, -1124840845L, 1385479966L, -1604643698L, 1878110287L, 
1777610910L, -1393810789L, -424857309L, 173970344L, -53458222L, 
933447986L, 234378393L, 2035467090L, 1860731929L, 1445129385L, 
678211428L, 544976760L, 794656498L, 1971901369L, 731794333L, 
1911297725L, 524229675L, 1299269172L, 1472822488L, 412866039L, 
-652919382L, -586289959L, -555929637L, -1036002291L, -15952566L, 
750903111L, -1554624147L, -548284835L, -1363623069L, 1890620149L, 
768889830L, -1642609735L, -1409803316L, -1611565559L, -720114791L, 
425585397L, 2101016136L, -1980029466L, -1228134810L, -220951671L, 
989647614L, 1361688121L, -516678605L, 305295118L, 760845976L, 
-378724337L, 1523285123L, 347817094L, -1830925695L, -309789397L, 
-1359237080L, 1238219620L, -2091692306L, -2140468680L, 1810827517L, 
1786758192L, 1911209063L, 1744639229L, 337643835L, 1191180054L, 
-1721840445L, 1008173765L, -1999320258L, -1698962437L, 546273657L, 
-1363864557L, 1093683968L, 2093720644L, 605826856L, 971443222L, 
-1629682781L, -1022759638L, 867566873L, -911818122L, -1560315784L, 
1584698161L, -1868999780L, -719680012L, -742796252L, 589598944L, 
-2047135714L, 428166365L, 1791696418L, -30423146L, -1946284762L, 
1949419320L, 158977009L, 1517902579L, 1314344570L, -1864028332L, 
44662055L, 2107197067L, 1655118924L, -1765395557L, 1796034L, 
1819345914L, -772506383L, 1683288121L, 1767294902L, -111056442L, 
1663729849L, 1940423985L, 1351173443L, 1788708242L, -879223169L, 
-1115686324L, -1770070174L, -646939705L, 1928013869L, -1119372764L, 
-173778092L, -625689955L, -800706432L, 608613316L, -1255500673L, 
56948141L, 2088114231L, -1863683235L, 2060817832L, -1648706811L, 
-970118142L, 1270987410L, 926070270L, -1736705431L, 1563590720L, 
-76293436L, -864461519L, 2057309432L, -1675716992L, -1237439646L, 
1666501507L, 604212203L, -1800556569L, -1406868217L, -2142323446L, 
-1969459415L, 473456472L, -2122394353L, -1067505791L, -1682748348L, 
-426565329L, 1633753199L, 248279971L, -1147397175L, 1953570959L, 
-1561690279L, 5717773L, 466133828L, 871455811L, 1230832081L, 
-1835032663L, -107155371L, 1151929245L, -2062399195L, -649696267L, 
-306631970L, 736628312L, -320981579L, -401889889L, 110253463L, 
530933471L, 1320022429L, -908116765L, 289256440L, 442942150L, 
889276332L, -1301768103L, -790921878L, -2037692488L, -4864905L, 
-1161252838L, 1185472036L, -1900990261L, -362915898L, 510075259L, 
-674628788L, 1554376472L, -1535936132L, -320702072L, 461307859L, 
-1467173774L, -1509071324L, 1762007416L, -2096186431L, -2141737717L, 
1578706809L, 1243247508L, 2134270950L, -1101589382L, 170310014L, 
-776492704L, -1554725053L, -941510674L, -2013723286L, 556777838L, 
1301079657L, -1784342326L, -1975867304L, 694113352L, 221386113L, 
367388491L, -555830904L, 1622559293L, -501547130L, -909112081L, 
394773248L, 176459988L, -1253673950L, 591518194L, -1018315040L, 
-362640855L, 1705411658L, -517300564L, -709314761L, 2073419070L, 
1054808464L, 1396823157L, 700160924L, 942490121L, -1643492798L, 
1733254897L, -1867970175L, 471030820L, 945390458L, -2072771705L, 
1494840042L, 352911007L, 517821304L, -1586169207L, -1244739736L, 
1681135854L, -1622271101L, -248388150L, -1732151630L, 1689419450L, 
1142684280L, -1049517118L, 1257902356L, 1821950636L, 1690134039L, 
392887816L, -1906987591L, 1064603264L, 212363865L, 2089713313L, 
575568834L, -1444300613L, 884594854L, -213318767L, 1844130174L, 
-386384412L, 981750220L, -2033402979L, 991221990L, -2113362813L, 
142412516L, 1638528306L, 2008037481L, 516177350L, 583402349L, 
1154922255L, -500325493L, 496870427L, -586943846L, -624902314L, 
-1075107042L, 6107999L, 907791791L, 1229179761L, -535336258L, 
-2045725581L, -2037800179L, -463232088L, -1518358986L, 1631480618L, 
-1204196219L, -1855836606L, 2018700789L, 677498397L, 1919698939L, 
-484886365L, -982997212L, 1104966992L, 2132986521L, -1586271049L, 
1765668091L, 218737145L, 362008375L, 901413927L, -561120290L, 
650085892L, -1593020075L, 345332875L, 1713282832L, 403641373L, 
-261880444L, 1620333214L, -313434702L, 1515667911L, 1024659739L, 
-1303611992L, -2083209048L, -429259227L, 11702752L, -403572380L, 
126546671L, 1102106559L, -881522818L, 197911267L, -449765204L, 
-1078783356L, 1525690583L, 1023871105L, -480941876L, 2111568377L, 
785260157L, 1207727605L, 1091987052L, 1672048902L, -451187017L, 
-39290154L, 97232365L, -1821179455L, 130447224L, -325057729L, 
1994748572L, -25676404L, -593143389L, 214157357L, 1778656849L, 
-1582418504L, -1371569520L, -745535560L, -1351495281L, 1358000606L, 
-637534918L, -1584697329L, 2079037485L, -114232551L, -1621579040L, 
1606292639L, 1602649328L, 1015666516L, -2112426528L, -139906584L, 
-876845927L, -2057881583L, -539937196L, -2085284994L, 570675598L, 
-1235923330L, -229038238L, -1300234062L, -1193342109L, -1468416029L, 
1410287214L, 695085378L, 2068953879L, 161442368L, 1052440823L, 
-1796859353L, -1961385833L, 1789993758L, 1115861410L, -916209291L, 
-1451064709L, 61695082L, 1481732859L, 1130460909L, -1634760112L, 
-2136332520L, 1159840343L, 1126699954L, -876344023L, -1046716423L, 
-848165438L, 1462595644L, -1007788637L, -1699432012L, -1781698734L, 
-1538443778L, -1150807507L, 975872905L, -818997124L, -231635033L, 
773994908L, -178161414L, 680373703L, 979348552L, -35563779L, 
-1153186051L, -1887398960L, 101783396L, 291986840L, 1115506057L, 
1450210341L, 1153395699L, -1881585052L, 401991649L, 1169784275L, 
-2147343674L, 637745560L, -915895716L, -1530051885L, 433951280L, 
830487339L, -1304400045L, 802658353L, -1033675679L, 880666802L, 
-1970987154L, 685358407L, 1298137101L, 1808060225L, -1800332705L, 
1957325661L, 272041125L, 1241868792L, 1859136134L, -1938028805L, 
-70893095L, 612200906L, -151681265L, 171854226L, -1311049096L, 
-48805466L, 2124792215L, -831474198L, -592173702L, -439485609L, 
1151108509L, 1406257989L, 587834045L, 732460635L, -1241237451L, 
-906048330L, 1518405539L, -538837740L, -1468655449L, -714839833L, 
-648544391L, -456400497L, -1717032218L, 3825852L, -949837251L, 
-1225402200L, 1473493904L, 75874713L, -740164981L, 1442702825L, 
-1317464889L, -448289829L, 86943824L, -1498774946L, -482558462L, 
705225466L, 252707204L, -495519658L, -1411608812L, -1450728285L, 
1414651359L, -987020641L, 1039017057L, -912034362L, -1386115247L, 
-1986380852L, -710756547L, 108505931L, -1033238402L, -372886076L, 
1803001914L, -1207891026L, -124790332L, -1421111624L, 1588778628L, 
798342963L, 2073221090L, -1190012167L, 1656018631L, 1992430453L, 
-166167307L, 1033345192L, 398663276L, -868828081L, -1048121955L, 
1492060186L, 1449666888L, 725706470L, -1252096347L, 997941574L, 
1335811227L, 6230717L, -9780701L, 372447655L, -974976883L, -1547479688L, 
-1830339750L, -2109453241L, -34379649L, 1464781261L, 1716599760L, 
273781818L, 402768265L, -2129626806L, 93465196L, -2077395625L, 
-28806438L, -221522245L, 1657539990L, -87333228L, -38729924L, 
-818448870L, 48941552L, 66172997L, -1715161345L, 2143821932L, 
-1059794107L, -1046843064L, 1700004932L, -1616217985L, -1608611959L, 
-538861082L, -1189650554L, 945621266L, 1324290296L, -1127883621L, 
1469283129L, -1127348791L, 1092408366L, 2052200618L, -910104301L, 
-404108006L, 1795383339L, -1365124658L, -1307185082L, -418102411L, 
1481556999L, -1184936750L, 1864842828L, -1862572666L, -1457912709L, 
-920286016L, 251610944L, 245824433L, -810194205L, -1627899709L, 
1409319842L, -1473044384L, -88704171L, -644808947L, -527532009L, 
-115804164L, -342859451L, 1897425669L, 2042720655L, -1326419256L, 
-1249240486L, 1693481181L, 1700374481L, -977267678L, -1185135046L, 
1701332663L, 863847590L, -54272060L, -762706672L, -1278894970L, 
-1936158611L, 1679771810L, -211598221L, 1722321239L, 276201073L, 
-1207040889L, -218363156L, -112177173L, 436130963L, 2137656653L, 
