.Random.seed <-
c(403L, 10L, 1874556131L, -662605439L, 1455785968L, 1636640398L, 
-2080093703L, 1094157195L, -288600134L, -110666052L, 1230534143L, 
1146221397L, -756235156L, -631496510L, -828128483L, 305076631L, 
-1608408834L, -2049305928L, -1038922597L, 1263704825L, 1621773384L, 
-748310666L, -632767823L, -1259971869L, -625387086L, -82441724L, 
-1561763513L, -1569469411L, 2125529748L, 1337616954L, -1626495867L, 
-1805149857L, -4597274L, -1098962832L, -222413933L, 4598833L, 
347120352L, -1634552962L, 1467574793L, -1775164869L, -989275126L, 
-1976024084L, 1847027823L, -1990129755L, 1981845340L, -779627726L, 
-430417363L, 770824423L, 1505278478L, -1122687000L, 1520679403L, 
-260756855L, -546176488L, -1532057274L, -1259173983L, -1356133837L, 
1994205090L, 225780372L, -1791395561L, 1015768845L, -1436688860L, 
-683850230L, -1986723979L, -1310143793L, -930279978L, -112819840L, 
-143435325L, -1074393247L, -556714544L, 1669604654L, 300717273L, 
1424879339L, -81163430L, 1073016092L, 1975397407L, -2040360843L, 
235474188L, 1414979810L, 45230525L, -280023497L, -827456290L, 
-968343528L, -1533378693L, -362356967L, -1463000152L, 1698141014L, 
-590410799L, -1335959677L, 1298639378L, 1147821476L, 1911548263L, 
-1787021635L, 1705057844L, 865420698L, -347774491L, -61846145L, 
-430447354L, -1321632112L, -1734297805L, 968754385L, 1945288320L, 
-1407039650L, 2090853545L, -1534929061L, -1552814742L, 1786077196L, 
79304783L, 222073093L, 407284156L, -1894073198L, -624310387L, 
44777415L, 621503662L, 2138326280L, 1194291979L, -2083758615L, 
-372495688L, 2134306150L, 850339329L, -977907565L, 1990929218L, 
-1310268172L, 1716343031L, -1153070867L, -642274428L, 1643537834L, 
230161173L, -681186897L, -419124810L, 1012633568L, 638279459L, 
959074369L, 985533232L, 333676878L, 126120889L, -696916533L, 
58726010L, 190913404L, -525257793L, 1233443989L, 1302962860L, 
1336918146L, -21032867L, 950232919L, -1822156226L, -38752648L, 
2040204635L, -741393223L, -1405741816L, 1294276534L, 29359345L, 
-857695453L, 1822252402L, -195643452L, 1411142535L, 1939145053L, 
-1838022828L, -1354726022L, -122961723L, 291750431L, -324958810L, 
-105076944L, 93466067L, -1363698703L, 1610964256L, 439892926L, 
-676318263L, 953746299L, 461414730L, -345330260L, 72554671L, 
679649893L, 1229707804L, -281930638L, -941700371L, -1585948889L, 
-223636658L, 1470012328L, -559718485L, -2085737271L, 1530035416L, 
-833470074L, -635774879L, 116054515L, 649414754L, 1281162964L, 
-1094457385L, 1532392909L, -379874972L, -1907567286L, -1571171147L, 
434238479L, -347681514L, -1715587136L, 915235715L, -901770847L, 
-2039710320L, -1149841810L, -1150371815L, -979737429L, 602028186L, 
-110385060L, -1265621665L, 834613045L, -420224308L, -1583505374L, 
1611819645L, 714375031L, -1374195554L, -680595624L, -932398405L, 
1864385625L, -1776214040L, 123259414L, -1059910255L, 270390851L, 
800220498L, 498567652L, 1920624679L, 719484029L, 116046196L, 
955282778L, 1874166693L, 383841215L, -551108538L, -2146693424L, 
1350891763L, -1788785135L, -1377970112L, -2116913712L, -642675358L, 
-499630104L, 654086092L, 970070780L, 987663858L, 705774720L, 
-1007632140L, -1393843576L, 162521914L, 542359376L, -1188007316L, 
657750164L, 1550508370L, 1296443104L, -1673380148L, 1049264288L, 
2129627010L, -1178065176L, -833790228L, 1558724668L, -616927630L, 
891526256L, -1555971548L, 1081421880L, -985819110L, -1346562352L, 
1125473340L, 1108837524L, -1855887230L, 872779712L, -1343354564L, 
2055343760L, 938592290L, -716077048L, -1265730420L, -1310583780L, 
-1349107054L, 1469681792L, -1840471020L, -633175768L, -477824454L, 
-360442672L, -438125460L, 879697588L, 1477797906L, -1230819360L, 
-1770198068L, -1399765536L, -467666398L, 1354134824L, -1799590644L, 
1521665596L, -976807694L, -1049999632L, 1941528388L, 633701976L, 
750119482L, 1328320240L, -1455867716L, 841153044L, -967279422L, 
373869664L, -420926084L, 1443477712L, -326538206L, 2140563112L, 
699689868L, -475327044L, 1900422194L, 211177280L, 1365828788L, 
-1515200696L, -1823272262L, -401015024L, 1178010860L, -1900229548L, 
-757879022L, 497156000L, -199752756L, 471784288L, -459684670L, 
592100904L, 1640857004L, 1875487548L, -2078877838L, -1686405328L, 
116086308L, -1299387336L, -1065064230L, -272859760L, 69622524L, 
1612940180L, -1821778110L, 815490560L, -1147113924L, 1388253776L, 
854425250L, -478549176L, -629513716L, -2040899364L, -989816238L, 
2050193536L, 1309434708L, -2133226008L, 1745882874L, -376108208L, 
-426308564L, 1794070900L, 47339154L, -1998291360L, 876861068L, 
-5957792L, -863395102L, 2026852520L, 716938444L, -1995165188L, 
-1781905486L, -1206933008L, -737700412L, -969739432L, -1736290438L, 
1393255856L, 1360100796L, -371053484L, -557289534L, 674838304L, 
1449313212L, -98746800L, 1160411618L, -1806228120L, 10736972L, 
-599417604L, -2101148942L, -1645827328L, 1544998516L, 209157128L, 
279415226L, -1788048432L, 1941640684L, 658825108L, 1730416338L, 
1128065632L, -1262807732L, -225890016L, -154909054L, 1285441000L, 
1012095980L, -247268804L, -957045134L, -1556685968L, -720430812L, 
-58291656L, 963496346L, 2135469520L, -645075524L, 174359700L, 
2054901890L, 555046336L, -171915460L, -1407248240L, -2031686878L, 
-439819768L, 1101848844L, 246983068L, 1410112018L, -608747648L, 
-261172460L, -2036631256L, 2112028730L, -426789936L, -854505876L, 
1833185844L, -525674862L, 209595744L, 589701452L, 333763552L, 
-2051694174L, -711761496L, -1338818932L, 629298620L, 930521714L, 
-676819984L, 789133892L, 1290985560L, 1501631546L, 674946160L, 
-490486724L, 951622932L, 610747074L, 549172960L, -1393525636L, 
-624762160L, -212647518L, 1626272808L, -1686669556L, 323708348L, 
-1729099982L, -499970368L, -1042241484L, 2065960648L, 361539770L, 
491750032L, -394754324L, -816033196L, 1056099986L, 137745696L, 
-633045556L, 377024224L, 1633844418L, 262904872L, 816038828L, 
1155827388L, 230492146L, -1062981072L, 1307982756L, -409328200L, 
38659930L, -1915037552L, 866871164L, -1086175980L, 669188418L, 
542317824L, -1634270788L, -120349360L, -395278046L, 1633186376L, 
-958364222L, 179574231L, -1036420575L, -928175642L, 379928804L, 
-806854635L, 536100927L, 345575384L, -1687293450L, -857009661L, 
1780237637L, 736858466L, 1618557648L, -2111973895L, 839736619L, 
97320604L, 291794122L, -681998913L, -748349175L, 1872656926L, 
1583429580L, 959374749L, 183418919L, 1530080848L, 1646877422L, 
1014055835L, -736013827L, -1460493078L, 2052665224L, 144877873L, 
1562204579L, 885984676L, 2002153554L, -1297996889L, -1585989647L, 
1583289142L, -2066243628L, 1767695717L, 2002487663L, 2078995368L, 
-1620027130L, 1817393203L, -165785963L, 1688127218L, 979621696L, 
-1318140759L, -140478181L, 493240044L, -512204038L, 1558047535L, 
1811657529L, 2077467982L, 271307676L, 1149294861L, -1340671113L, 
-558149760L, 863673822L, -213286229L, 376913325L, 433508890L, 
444064984L, 1658243393L, 29143539L, 1767741460L, 1352392098L, 
576051895L, 552809601L, -1412758394L, -694517564L, -1702011403L, 
1837140063L, -434548040L, -960926826L, 1063762339L, -1572262555L, 
-493499262L, -1930828304L, 1361621913L, 2090087819L, 814915708L, 
1401643690L, 1921940703L, 1531239017L, -1172612994L, 18161772L, 
1507915965L, -1770862201L, -1171882640L, -1859926002L, 96494907L, 
-1544402403L, -1775284534L, 1790568936L, 904593105L, 988535491L, 
805884356L, 145208946L, -506009785L, -835479791L, 171821718L, 
-695390220L, 951540101L, 1662809295L, -845214264L, -1752931226L, 
-712605037L, -1323865611L, 495969234L, 301807648L, -2044210679L, 
-1689605317L, -1803936116L, -1224363238L, 1626797455L, 2008304345L, 
-202390162L, -1565792004L, 1399272045L, -3150313L, 227044320L, 
-597002306L, 486729099L, 1333048845L, -1413223878L, -1729584520L, 
1528351265L, 1331733715L, -1403280396L, -1123154814L, -2095706857L, 
-1154049055L, -3085018L, -2083083228L, 1761257173L, -1934605697L, 
-252898536L, 843254326L, -101782333L, -2024505083L, -1863198558L, 
578072208L, -257488327L, 1896256235L, 1154429916L, -1875061238L, 
6146303L, 2055318857L, -1146773794L, -2098461556L, 456979549L, 
