.Random.seed <-
c(403L, 496L, 996769938L, 1755991881L, -1380070572L, 67622216L, 
-688528765L, -1887090868L, -2015690382L, -523103262L, -815602618L, 
1389652920L, -1202829212L, -1171277755L, 1395558987L, -1650955952L, 
1010141081L, 1474327655L, 1343929722L, 704250768L, 1748644037L, 
-161638729L, 1458467109L, 102978519L, 230143112L, 1973628959L, 
-916768168L, 1522459924L, 88987534L, -398344101L, 605005237L, 
308462057L, -816699295L, 1086949470L, -9478316L, -704703842L, 
-2098552595L, -1656600534L, -1071189079L, -275170191L, 1251085077L, 
-696779684L, -1253182626L, 1584048531L, 1710912648L, 76499746L, 
-1478255925L, -556780478L, 712395946L, 1628345880L, 2122121991L, 
1467360800L, 1101323710L, -1886017714L, 583012125L, -1188039246L, 
-1057977213L, 532091781L, 1317316988L, 111123708L, 2085609743L, 
-1178021104L, 326678486L, -448685336L, 626508182L, -698779164L, 
1973432488L, -2048679897L, 933546296L, -1444456040L, 140430881L, 
-1000915957L, -1351782708L, -2010241465L, 1436590829L, 1199746254L, 
-1465011663L, -2126924482L, 617772631L, -1647253033L, -281983953L, 
2143847796L, 1717288145L, -954598589L, 1190412686L, 2107300533L, 
2067896098L, -450140204L, -292390690L, 29485625L, -60388124L, 
-1656684863L, 1273208886L, 1817285865L, -1767009542L, -1939077158L, 
-837781332L, 754698047L, 1059835986L, -777808818L, -502834264L, 
2044886037L, 2043139525L, 137355985L, 1462847737L, 1556797084L, 
2085310734L, -371748179L, 106845573L, 1909482709L, -358934675L, 
-1319842136L, 231765478L, 1296725554L, 1141995890L, -1515376296L, 
1323953710L, 659913673L, 523534271L, -73064435L, -1126619245L, 
310695083L, -1026692980L, -1940824262L, -2117104322L, -493842107L, 
-2041814017L, -917218965L, 845441346L, -1218249230L, -660741379L, 
531342988L, 1719559373L, -1587902946L, 843403014L, 463067816L, 
1304009958L, -217918030L, -1856696760L, -125612723L, -42227145L, 
1002358527L, -1009185753L, 222863195L, 1066505460L, -636766644L, 
1201488948L, 1335351049L, -1139281550L, 1660566233L, -813730021L, 
-187579838L, 1299991570L, -1270172009L, 1471348897L, 1799972151L, 
1882958089L, -2005040800L, 864663326L, 1518791665L, -728671085L, 
914322080L, -7959665L, 883450071L, -894413587L, -687422737L, 
1159740566L, 2021462816L, 1519712745L, -1568619545L, -516776340L, 
2066725495L, -129527274L, 1118029114L, -1381899918L, -460050267L, 
-1913624110L, 915972049L, 1002193123L, -1715097849L, 68290786L, 
1960023400L, -930783408L, -1446735798L, -164852780L, 705891053L, 
1266784675L, -1617460799L, 976782742L, -755488620L, 1735001492L, 
1182754181L, -237167965L, -1782465480L, -1382471967L, -1741934666L, 
270545717L, -1015142715L, 1103294259L, 1774589691L, 1437647763L, 
1014662224L, -985608550L, -1697924968L, 1802316313L, 1102258611L, 
864574677L, 114483735L, 303926376L, -2136521351L, -561578541L, 
600089192L, 995410177L, -82720849L, -896036141L, -701776104L, 
371002901L, -615307194L, -32985225L, -902898348L, -71125509L, 
514901643L, 1643581647L, -754776237L, 1791589597L, 1860322595L, 
-906532827L, 1246633561L, 716824744L, -617820385L, 950724616L, 
-1169663821L, 1115580259L, 745718173L, 273962886L, 2143742169L, 
1203758443L, -443414550L, -1216693941L, 1812950774L, 1974595728L, 
1115859138L, -84566366L, -1995984115L, -1575339729L, 1222689568L, 
-498717634L, -452113648L, 271210030L, -1918315618L, -367372360L, 
-1389209586L, 1056669615L, 435350897L, 1810687977L, 1054785574L, 
1654091453L, -1741623958L, -221453711L, -384339304L, 225720295L, 
813305858L, -576388880L, 178838324L, -1251003696L, -1419049662L, 
1889332176L, 516281593L, 201086956L, 1873402276L, -1083909347L, 
1805405599L, -2129541142L, -938717003L, -7046752L, 1886874672L, 
-840505589L, 1925375352L, -593411237L, -1948476629L, 1731662433L, 
857375290L, 1286399314L, 495141374L, 452309242L, 1007293466L, 
-1723101687L, 1457143159L, -2079457304L, 479807890L, -2034301948L, 
347521482L, -688583421L, 345264439L, -723582256L, 1169599302L, 
531283726L, -199941185L, 1922492048L, 51825636L, -1656330789L, 
-43839329L, -84806608L, -403184729L, 453098982L, -891276787L, 
1033831054L, -1576372103L, -2055738949L, -1876394947L, -1971577198L, 
1305605711L, -2147412366L, -1687224643L, 219082128L, -1757448512L, 
731180519L, 1584627614L, -1554232848L, -1682390758L, 912005614L, 
-1396717497L, 694441750L, -32740131L, 1314534891L, 1654089764L, 
113138070L, 1529713492L, 619502096L, -1324118640L, 1283109130L, 
1485722384L, 1281829746L, -344913769L, 740572016L, 1274600640L, 
-385845581L, 1948099451L, 1288064096L, 960472870L, 1413534562L, 
1307395752L, -2075156196L, 879377401L, 788114838L, -2080028502L, 
-1835580046L, 549476953L, 795126006L, 967714328L, -577567049L, 
955964822L, 60036795L, 1067520644L, -3079766L, -1872860946L, 
1354098896L, -627572790L, -254874907L, -2134230886L, -326485657L, 
1533650862L, 1611057037L, 1394714653L, -1167290525L, 1444898473L, 
1733473201L, -53884969L, -2086635386L, 2039321140L, 72058527L, 
458895734L, 336713517L, 77777173L, 1734491104L, -45126604L, 1819978658L, 
-1676500351L, -1905969517L, 288631583L, -431524617L, -1398190050L, 
1917124909L, 721880920L, -744397446L, -128868473L, -1563442742L, 
-748534107L, -1977284784L, 1650222247L, -2023775037L, 1616900088L, 
433917640L, -1042177894L, -125569426L, -1714255594L, -1846878848L, 
-1773814343L, 2107460568L, 1459651926L, 1849809177L, 205651900L, 
870125056L, 1653865321L, -1237046137L, 1010838357L, -1382802338L, 
151672178L, -1218214464L, -163799745L, 558831626L, 109471469L, 
-1957659299L, -1602921614L, 2072912825L, -2068088121L, 1070630818L, 
-108081543L, -1016145526L, 1125569498L, 916033975L, 2119468494L, 
-1166941552L, 1782302387L, -154013138L, -451892924L, -290717152L, 
865356459L, -375001162L, -2118043954L, -1515673280L, -1901269840L, 
977516894L, 857479467L, 1959055559L, -1166933267L, -11315679L, 
663555954L, 1260036974L, -1817705018L, 795321324L, 1983250410L, 
-1588347665L, -787427833L, -738395132L, -1973609545L, -1594740152L, 
893085192L, -65955838L, -2021606029L, -699418469L, -640267104L, 
1570566649L, -1180701694L, 1367361883L, 1012776471L, 376894776L, 
2092023348L, 1811408302L, 1195208611L, 962205957L, 1828382186L, 
84763L, 444300152L, -1253840425L, -337097887L, 1154213444L, 1860086338L, 
1219172122L, -499969363L, 30834200L, -470742282L, -1317817793L, 
-1297237293L, 1818341939L, -1406035649L, -791588954L, -279678598L, 
-1246436848L, 1144836990L, -1614870625L, -2099920534L, -527737362L, 
-1113012991L, 1607554975L, -47828569L, 1837228943L, 528323995L, 
-1594411645L, 1291373582L, -477228760L, 223142879L, 255807987L, 
-1113565924L, 539767276L, -1764233108L, 1494495403L, 1085291489L, 
1101554942L, -671428926L, -2037641284L, -471741326L, -643760494L, 
500306585L, -1671393111L, 1335206754L, -986944383L, -1281107352L, 
-1018365078L, -895522789L, 1820375336L, -814214399L, 1841410753L, 
1370229458L, 18289932L, 1461781718L, 73796868L, 1992423785L, 
2089605073L, -879651682L, 1575751229L, -1783321818L, -1933778229L, 
1966590583L, 675902739L, 548446260L, 1518408897L, 703260482L, 
-412623715L, -322314742L, -133663398L, 2072979753L, 1491786487L, 
2125216049L, -649924583L, -835698979L, 1375507433L, 1848835219L, 
707575566L, 1142070419L, -810939105L, -1231228451L, 2097113295L, 
-1515088856L, -549158649L, 1462318787L, -438820520L, 978416357L, 
1037126143L, -87587074L, 1148408380L, -1100892862L, 1696986368L, 
-222439745L, 262711526L, -2117833733L, -1237816666L, 930373747L, 
-1365669804L, -2087005900L, -154303366L, -1703526262L, 514743728L, 
-418609388L, -497584220L, -942361716L, 1927374598L, 1230451528L, 
-232663234L, -1177908633L, 1457828381L, -595391625L, 1595261623L, 
1954920789L, -1852470150L, -1450597648L, -1325702048L, 1235831401L, 
682507414L, 32518598L, 739166666L, 502219825L, -350245587L, -1522434137L, 
-870140474L, 745695898L, 233006482L, -934537703L, -731397857L, 
1547167955L, 226434312L, -193397552L, 423562858L, -1367236232L, 
-1253198095L, 1496069593L, -707794705L, -1615359755L, 321961267L, 
233827526L, -376079223L, -1478681661L, 1682036631L, -1007480874L, 
