.Random.seed <-
c(403L, 128L, 971202224L, -1246097111L, 631179048L, 412035174L, 
-2130379789L, -386062699L, -1398821213L, -2059288113L, -1009532182L, 
982487459L, 1333713943L, 574204785L, 1834971206L, -1954871998L, 
-8212126L, -963639000L, -849804164L, 1001834203L, 466980970L, 
-1135843507L, 1639546834L, -1923456065L, 1839092010L, -1738365498L, 
-577164856L, 362549013L, 1741676540L, -2068051189L, -1786987673L, 
654048733L, -772028052L, -447088237L, 1814845512L, -1838920141L, 
38863983L, 742127373L, 738520183L, 316588831L, 1997012989L, 1670099825L, 
857653851L, -1600440761L, 1167321363L, 554375578L, -1730436864L, 
-1361795532L, 614904382L, 1132867900L, 943376494L, -1693507720L, 
-284429071L, -1418744965L, 208325330L, -2040370523L, -1125608209L, 
673500144L, 348087863L, -1733628877L, -2038205322L, -46477101L, 
1887259757L, 1434607126L, -2142359055L, 973219070L, 546293703L, 
1044001612L, -1557924399L, -1627973779L, 1940011064L, -699609085L, 
-2072424545L, -311631015L, -1598583108L, -1262102137L, -32592381L, 
1846887456L, -26282716L, 1621776339L, -565370905L, 1456215395L, 
-67194190L, 77055270L, -129171011L, 1774392398L, -2023652548L, 
2067804728L, 1751229606L, -80357234L, 83486380L, 1177011207L, 
1786723603L, 1316019087L, -916076085L, 839283237L, 290498259L, 
-1992258246L, 1297850219L, 220334657L, -665768861L, -605136971L, 
-98111354L, -424662067L, 434802385L, 294772624L, 761795681L, 
-1284192864L, -300839182L, -2020602225L, 66606639L, 1285706443L, 
-1360791792L, 733144118L, 433908469L, -1905787566L, 1382233735L, 
-1879257844L, 1328489149L, -1029665285L, 1917836000L, 1613612799L, 
-714355844L, -2096638953L, -1081589426L, 1878435139L, 396146740L, 
1432506882L, -17010294L, 151926594L, -1000072145L, 1707904872L, 
-280571156L, 1756058912L, 1572286738L, -1857903564L, 1318859577L, 
-1065228217L, -50056704L, 1434016554L, 1503070775L, -2145974065L, 
-151239314L, 1943504796L, -1486921266L, -291801004L, 792246755L, 
-2034128331L, -334780410L, 1846997371L, 890385332L, -590427945L, 
-2136165228L, -1664381960L, -1522203405L, 109576655L, -2142369163L, 
-2010964558L, 314469577L, -333873163L, 1551011724L, 1443975712L, 
1424073426L, -365083929L, 1089361444L, -837531607L, 1420280677L, 
1771913436L, 819783268L, -614986136L, 1277734987L, -858049333L, 
342178999L, -278025042L, -687217577L, 1144906561L, -892446773L, 
578574581L, -1687522747L, 1417209424L, -1336327283L, 870352516L, 
839840505L, -1592628291L, 797940051L, 1330703993L, -713003468L, 
1557329754L, 1040892107L, -523670693L, 1163598996L, -1116388670L, 
-1560834000L, 879869272L, 1263106425L, -702013595L, -786087610L, 
-128446178L, -1553323860L, 1213959492L, -1834536077L, 162548132L, 
1140317702L, 1999012624L, 909119094L, 1907649686L, -1357918455L, 
1897111166L, 1568640524L, -765799407L, -1849253564L, 703419708L, 
992180211L, 209133333L, 1025708868L, 1416252144L, -331947636L, 
-1945279107L, -590750581L, 79376694L, 366438754L, 722046375L, 
-1059528559L, 1614724524L, 1608565431L, -1906261634L, -2089456740L, 
-569569036L, 1128856366L, -1218057913L, 1347101709L, -227022829L, 
110050029L, 1607569796L, -956175492L, 1386560211L, 696066488L, 
976475435L, 1580728653L, 47063444L, 1815650669L, -1087776193L, 
-177967784L, 757709388L, -1719131195L, -1225985628L, -787103082L, 
247834976L, -1037581887L, -311586805L, 1332993853L, 48173758L, 
1779723120L, -1618688975L, 1274741491L, 953920167L, 1093979518L, 
218093007L, -553089519L, 700340306L, -1357016686L, 1415951285L, 
1437786881L, -451149555L, -1228084818L, -729748467L, -1866809617L, 
1954357602L, 1257355388L, 96634964L, 1363107744L, -595615833L, 
586268886L, -267935546L, 1943735770L, -661722746L, -271282563L, 
-887269509L, 1057902481L, 929538354L, 117892961L, 429473595L, 
-1450754341L, 822375280L, 1034687251L, 422426373L, -843241345L, 
197553763L, -1656068155L, 202928330L, 2034260953L, 750561050L, 
1891677102L, 1476354491L, -1835126058L, 2083966743L, -540678198L, 
1712333594L, -603878407L, -775591648L, -1645302395L, 246924347L, 
1797065698L, -663796414L, -1763182269L, -939348395L, -73086271L, 
-1725714638L, 1997858568L, 1328567468L, 1305402499L, 697023566L, 
-912774655L, 2036101257L, 556149446L, 1176913403L, 1075493214L, 
-2030151954L, -1577111503L, 1078528830L, -198451031L, 685963594L, 
-1025417026L, -837711665L, 1283376989L, -679541857L, -2093996870L, 
759647921L, 635358550L, -1133983787L, -402818804L, 865885340L, 
-345301304L, 81363361L, 1211595527L, -1385932821L, 1005012891L, 
-1932702991L, -363668978L, 1546204806L, -171732648L, -900164619L, 
-1126097660L, 895460541L, 1337620520L, -472341001L, -1060351678L, 
1073869881L, -291300273L, 1917402574L, 614395497L, 638466589L, 
530640438L, -1163722516L, -481677776L, -1302637532L, 736089459L, 
332561671L, -2144883057L, 2132502249L, -1351758926L, -781295024L, 
-734235630L, 1767260694L, 1216206661L, -1678509044L, -445924437L, 
-2079152906L, 1937334569L, -222221768L, 993295772L, -797195014L, 
609904976L, -1398887038L, 2113453119L, -1825491594L, -135476439L, 
-303755486L, 650122830L, 1387548034L, 1809781771L, 1254299095L, 
105370837L, 1903329130L, -1870152895L, 1259454120L, -911016992L, 
1398757224L, 2099302930L, 1132804093L, -1192083630L, 2113828056L, 
-544402115L, -678897424L, -1938498258L, -1788961583L, 2140534278L, 
24439633L, 1345358707L, -1236264354L, 822739708L, -1766822975L, 
-999584980L, 397294593L, -1080941097L, -1257364852L, 894417447L, 
1335856476L, 2000115789L, 1617637992L, -16518356L, 1529448176L, 
-812927106L, -1247913807L, -1365171923L, -1962856212L, 288501858L, 
717327217L, 1037940983L, -1459432906L, 175851998L, 1828221251L, 
1005213861L, 787859034L, 44819920L, 2093741933L, 531481958L, 
-871492689L, 1082221233L, -1135838898L, -1377506206L, 151151195L, 
-1084949640L, 2064946348L, -1288316645L, -1547653391L, 1552043375L, 
902636222L, 213847329L, -2056333812L, -1696908937L, -1230684860L, 
322461601L, -1278157493L, 43626083L, -480950122L, 1850726808L, 
-398015828L, 90788023L, -727462714L, 1768302444L, 2118539446L, 
-1306060452L, -606546404L, 1620692420L, 473227340L, 1269861736L, 
1049359136L, -1994257525L, 1162658966L, -1996447684L, 943529495L, 
-558532060L, 1941112579L, -1941072805L, -1575216213L, 673751247L, 
-2133761647L, 2147148032L, -1860167198L, 7505518L, 616985602L, 
913071774L, -1158836978L, 7908164L, -1447092198L, -1853696350L, 
-462104036L, -1562432141L, 1605581224L, -1355176785L, -1747208674L, 
-388256056L, -594401846L, 1271443353L, -266705335L, 1440756096L, 
-1045521577L, -1559432620L, 2005393017L, 823522410L, -1758714802L, 
789325830L, 832268580L, 1578708188L, -1216446492L, 478104205L, 
141779601L, 616318356L, 285464305L, -116087763L, 24925884L, -1213968988L, 
1895738496L, -1607221091L, -397860832L, -389044964L, 495713162L, 
43604823L, 271707356L, 150011551L, -1600196363L, 1220902067L, 
-822525471L, 999732191L, 1678290384L, 586695957L, 1568174712L, 
991504337L, 1502214103L, -1306774297L, 1982750362L, -888063208L, 
721049721L, -278547992L, 899789481L, -1518062025L, -2829075L, 
1064400818L, -1722826467L, -2107063752L, 1600833820L, -805167172L, 
-115176957L, -647620153L, -884219747L, 974105494L, -730916839L, 
501916155L, -423813464L, -167915844L, 1266265630L, -563410153L, 
1045324031L, -291705085L, 3561L, -792882387L, -1244224877L, 1719879962L, 
-506082336L, -1358325262L, 780806164L, -728206704L, -1759330938L, 
256925298L, -1332604557L, 2027793251L, 1504802694L, -1767684577L, 
-958800619L, 1526250386L, 1268866248L, 1874172010L, -2142626139L, 
-721377692L, 329380381L, -1101128746L, 931402302L, -145298448L, 
-1703929674L, -2009161992L, 1569989433L, 883531800L, -864224676L, 
-1638375113L, -36554670L, 58134994L, -953877055L, 1182997235L, 
-1941881756L, -591047498L, -1862803866L, 1337879786L, -243485772L, 
2066534640L, -510353357L, -156369189L, 1335377212L, 618098278L, 
-2071682746L, -278789279L, 669601633L, 6844876L, -692574547L, 
-1765203019L, 626587555L, 795739600L, 564777219L, -1500368331L, 
-1882261273L, 1543750646L, 1296552330L, -219774507L, 389148984L, 
