"monch" <-
structure(list(x = c(710956.918472954, 734663.528246983, 754665.98024382, 
770223.442908028, 779113.421573289, 788003.40023855, 796893.37890381, 
802820.031347318, 804301.694458195, 804301.694458195, 802820.031347318, 
796152.547348372, 788003.40023855, 775409.263796096, 756888.474910136, 
742812.675356806, 736886.022913299, 725032.718026284, 719106.065582777, 
709475.255362077, 701326.108252254, 696140.287364186, 695399.455808747, 
693917.79269787, 693917.79269787, 693917.79269787, 693917.79269787, 
693917.79269787, 696140.287364186, 699103.61358594, 704289.434474008, 
707252.760695762), y = c(7473980.74380165, 7473143.40909091, 
7474818.0785124, 7483191.42561984, 7488215.4338843, 7506636.79752066, 
7522546.1570248, 7544316.85950413, 7559388.88429752, 7571948.90495868, 
7587858.26446281, 7602092.95454546, 7612140.97107438, 7619676.98347107, 
7626375.66115703, 7628050.33057851, 7628050.33057851, 7622188.9876033, 
7615490.30991735, 7603767.62396694, 7587020.92975207, 7575298.24380165, 
7568599.5661157, 7550178.20247934, 7533431.50826446, 7520034.15289256, 
7507474.1322314, 7499938.11983471, 7491564.77272727, 7481516.75619835, 
7476492.74793389, 7475655.41322314)), .Names = c("x", "y"))
