.Random.seed <-
c(403L, 394L, 1828549597L, 1877439534L, 166408503L, -896446806L, 
87857058L, -884080483L, 146546896L, -1906297935L, -301865702L, 
-2103808133L, 828275227L, 1588185139L, 839784332L, -903050163L, 
284689866L, 1125323564L, 1446168427L, -75268725L, -1240745485L, 
-461915699L, -146957973L, -2120216767L, 912666606L, -183354898L, 
-1472194691L, -417391836L, 1013876328L, -619929914L, -367982932L, 
-2131619576L, 1831678934L, 1240712386L, 967437888L, 1058564429L, 
1563099918L, 638444073L, -1050317306L, -2119636288L, -281526541L, 
-2135255330L, -55294109L, 1456874349L, 414586894L, 1184553438L, 
343140228L, 1960087501L, 940073094L, 530619051L, -591692082L, 
-2142824105L, 474190543L, 2046940473L, 368965608L, -2147382769L, 
773975234L, 1024294462L, -1602721911L, 264073928L, -1870195652L, 
743701285L, 2111319830L, 1984944856L, -809445000L, 910935909L, 
-2084151803L, -1774366100L, -1787740635L, -1712761797L, 1906916708L, 
1391815692L, 1949641763L, -1242548105L, -1486400785L, -1459630764L, 
815120984L, 813609846L, 1878250451L, 288083274L, -1722111347L, 
-365580349L, -416926393L, 2123568045L, 400117756L, 2008145508L, 
-1422749065L, 2097500407L, -233206597L, -665081394L, -2096922045L, 
447077141L, -1952217823L, -473242055L, -1093106263L, 2102137630L, 
590538550L, 1925146476L, 2067432777L, 71096538L, -241270643L, 
359195076L, -1138444889L, -893593701L, 350067693L, 1842085494L, 
1115821731L, -954968877L, -1421875067L, -1997902312L, -847872463L, 
1066398797L, 1484647879L, 378021551L, 282985593L, 1853685149L, 
1526469736L, 1388874571L, -179841379L, -903569242L, 619443759L, 
1925383060L, 2141819669L, 1087946568L, 2014364967L, 283271973L, 
2132248540L, -905322889L, -2025698514L, -962794528L, -291179181L, 
-2121508807L, -1034740835L, -1688485356L, 1682611433L, -2004506916L, 
793015466L, 1522835341L, -1227044146L, -528273461L, -855420890L, 
-813375007L, 1313764233L, 1795142603L, -1586295771L, -522464706L, 
2144922879L, 344229746L, 1146919754L, 1419149319L, -658471180L, 
190127542L, 1990382193L, 974410559L, 1618521633L, 803918908L, 
-129291967L, -621000454L, 2045861130L, -1866217343L, 931762038L, 
434909485L, 1827843461L, 1039951202L, 2106506774L, 392498178L, 
-660969989L, -557982033L, -234482204L, 227995609L, -661662445L, 
-1546482231L, 1264397227L, 1948790613L, -574556424L, -1672248504L, 
376046193L, 1237778063L, -28887761L, -914253138L, 375662024L, 
721956447L, 394982924L, 1592797777L, -1491061009L, 284138705L, 
-762843072L, -2031486034L, -1036573422L, 1802307608L, -279670883L, 
-705660519L, -436386879L, -1900211979L, 1430144516L, 157804457L, 
1149231587L, 1107755293L, -1421193285L, -887537816L, -1044943564L, 
182741664L, -372253121L, 1627854640L, 929081256L, 2130964328L, 
-858855277L, 1879865766L, -1725987524L, 256994290L, -1589046508L, 
-1008663686L, 1380627538L, -2066377220L, 1912069058L, 828964870L, 
1872317098L, -216778494L, -645783544L, -541122605L, 580028201L, 
-1582215860L, -1140346348L, -1721457931L, 342059263L, -2129433541L, 
-1531241147L, 2058458664L, 602401281L, 1625679590L, -916770434L, 
-525959950L, -612378364L, -164630342L, 1237904242L, -1034948548L, 
867222334L, -1035543183L, -1232321345L, -1694617204L, 1242766022L, 
-668244749L, -1852774404L, 1975250207L, 1819885178L, -110183779L, 
1893062926L, -266672117L, -168938004L, 400529425L, 1524334255L, 
-758673869L, -225487112L, -1432818495L, 1027808929L, 1344326321L, 
129430899L, -665014711L, 725750082L, -1665782333L, 235218865L, 
-2086962615L, -1514347715L, -2123241709L, -331237021L, 1622210195L, 
-186056036L, -1134472384L, -2046208886L, -108746608L, -1353391013L, 
-2047444335L, -593383303L, 1966207958L, -653041952L, -2033990070L, 
-260863666L, -1362658342L, 602886231L, -241256164L, 1398052174L, 
-1606751235L, -1485745265L, 1844602058L, 674186793L, 1890776578L, 
1692598632L, 1043862202L, 1139617578L, -486620124L, 1195483033L, 
594522573L, -1302075712L, -1380503045L, -234038207L, -632262498L, 
-1980424154L, -1125629922L, 1478520079L, 491432312L, -1843503727L, 
920921176L, 263644122L, 773345932L, 1708297375L, 826246124L, 
-30288815L, 1748229723L, -813018094L, -1055014688L, -383136164L, 
-1289543760L, 1254824709L, -878107280L, -374184434L, -1193138989L, 
-1985304910L, 744521820L, 193026955L, -1698989147L, 2143230595L, 
701039515L, -861307751L, 1612440942L, 646568129L, 1598021112L, 
-622791462L, 869967108L, 306950241L, -1493777873L, -736036416L, 
-829001271L, -1201881374L, 387303874L, -1314506105L, -539663892L, 
1230564077L, 1267151507L, -88541021L, -615142505L, 2009054229L, 
1378600286L, -240153004L, 1973119988L, 724629169L, -851450790L, 
-1323220384L, 847612347L, 700379643L, 1965697456L, 1637335377L, 
-1484555915L, 1899904492L, -1114028530L, 657614187L, -954670120L, 
1677377810L, -732952183L, 124305385L, 1405235891L, 3157503L, 
-698337759L, 872426263L, -2013822531L, 967022037L, -568020603L, 
46554847L, -131943418L, 1820685749L, -1210859318L, 1688030087L, 
-539648791L, -2719402L, -1689562992L, -95564780L, 98964891L, 
-150487790L, -1759102555L, 130595051L, -1489075936L, -1846201003L, 
295119284L, 277073022L, 2082555208L, -1754009130L, -1410179610L, 
816128157L, 612455159L, -996009508L, -658722300L, -1633087316L, 
743499443L, 1678774642L, 1716677197L, 965043048L, 1083708339L, 
1492679981L, -62352588L, 1370754908L, -1484556953L, 1319513663L, 
-456728923L, 127399065L, -1759080653L, -1058212427L, 1404837510L, 
1670949875L, -1276049325L, -1650119885L, -957911188L, 1879486601L, 
-402165326L, -1772794871L, -2136124239L, 1199452591L, 598812420L, 
-1583255092L, -892636573L, 1250418964L, -2020080723L, -1252968676L, 
1474618457L, -829089104L, 1063900518L, 313793554L, 1395627483L, 
-1207767686L, -50057927L, 484149851L, -1262110534L, 220026913L, 
-1432990664L, 1868821772L, -1248276301L, -75129988L, 1331378271L, 
-12299342L, -1772325138L, 1342548755L, -671965910L, 1192852839L, 
616250496L, 820254169L, -1052628201L, 1513520454L, 1439815955L, 
-355434262L, 1434817928L, 1110183138L, -464474267L, 377399084L, 
-993778827L, -287537540L, 1920793614L, 572589225L, 53611199L, 
-1202669430L, -1822609173L, 1984941786L, 1970041664L, -695487830L, 
-321005448L, -1905365502L, 966133183L, -1522311602L, -2014900793L, 
-727400171L, 1268607643L, -1435819241L, 1226677857L, 228229013L, 
-1309000415L, -1394745933L, -445090900L, 1355141837L, 1094600034L, 
438505150L, -607828672L, 1341493098L, 727763220L, 1623424606L, 
1316581991L, -307287732L, 155054218L, -1754536146L, 1824168210L, 
-200217475L, -1552573303L, 812577393L, -624019812L, 2082644579L, 
1372092335L, 189163819L, 223530346L, -1696626390L, -131462207L, 
-1031729942L, 412356972L, -281828639L, -1338239585L, 1563746306L, 
-1549348139L, 436609081L, -1128195443L, -1051295510L, -712587157L, 
164068316L, 278639786L, -358049351L, 3369519L, -644025788L, 1651312972L, 
633738102L, 1171167474L, 155010098L, -1819436574L, -1967885184L, 
-38512889L, 1929455040L, 215615464L, 1315261447L, 1540702899L, 
1775332318L, -1031696828L, -1705019198L, 495326671L, 1738859313L, 
-1629237092L, -361871276L, -1482970435L, 936258339L, -1283803351L, 
1906797942L, -76527265L, -1563073711L, 63327383L, 1413693388L, 
336910620L, 535362916L, 2084743606L, 1075491844L, 348513621L, 
-1185644734L, 1811310345L, -635539831L, 1296810821L, -1511759261L, 
313831554L, -1839345465L, -1180553418L, -1718526046L, -199290370L, 
1918539307L, 993922391L, 82059986L, 155125157L, 398554199L, -1142577707L, 
-1310901558L, 1490922805L, 2115424106L, -609203074L, 1473495101L, 
-1489792801L, 316854931L, 724578660L, -2063580228L, 1233440100L, 
-203374499L, -1063413804L, 1756020656L, 106481749L, -1939194873L, 
776070729L, 469699696L, 1003048750L, -516618566L, 1238861465L, 
-575458815L, 897911092L, -1496867378L, -1610105091L, 1984339096L, 
376667702L, 267126843L, 1834016161L, -1036737999L, 1567888831L, 
-1263915242L, -364415648L, 1050092664L, -2106439108L, 2145218731L, 
