.Random.seed <-
c(403L, 114L, 515190382L, 2133433928L, 917665867L, 1283494313L, 
1101294840L, 1366013990L, -351622847L, 676521683L, 1906871938L, 
611071156L, 1955982391L, 889786157L, -2020897724L, 33313130L, 
-1561915947L, 293137263L, -125382026L, -1082686048L, 517280355L, 
1329304321L, 257493616L, 1917969934L, -1708298631L, 1261124107L, 
-1796672710L, 394955324L, 1787087231L, 1253737173L, 1825149676L, 
1067631682L, -1933739107L, -272199145L, -1473812610L, -1483012808L, 
-1945071077L, 304012153L, 1841692104L, 1692664310L, 1694274609L, 
1439639139L, 1682577970L, 905136004L, 468383175L, -2022286179L, 
1825119252L, -746800454L, 843324165L, -791084833L, 546609510L, 
95571184L, 1230829587L, -449925711L, -25450400L, -438295042L, 
939299209L, 898991803L, 1166361226L, 834198892L, -1321751825L, 
945132837L, 1166025692L, 594481586L, -2133225299L, -1023008665L, 
-1066252402L, -1972719512L, -422011797L, 723093001L, -597432168L, 
3593158L, 1816848161L, -330497101L, -224728286L, -304915180L, 
1256803735L, -328698483L, 825726116L, -725207414L, -423645963L, 
763278159L, 1574841430L, -146985216L, 346434115L, 1275498977L, 
1058862416L, -368284754L, -458061479L, 194901867L, 1055147738L, 
276055964L, -1633625185L, 1995784693L, 404485260L, -1890017950L, 
635523389L, -182568521L, 1833287262L, -425109608L, 251352827L, 
494771865L, -492271832L, -1599881770L, -1599085999L, 1360804099L, 
-1037224814L, 342690340L, 825283815L, 62654781L, -1615635020L, 
-896490982L, 79915365L, -494708737L, 997068422L, -133622256L, 
-657470285L, 333924177L, -510678272L, -807349794L, 487586345L, 
-2074920485L, -2146818326L, -1240775540L, -1648669745L, -470776955L, 
540594236L, 213786898L, 1225844237L, 1155953991L, 680730414L, 
-1869319544L, -944041077L, -1035336855L, -42173128L, 839978982L, 
380094337L, 1055448851L, 652961986L, 247612276L, -1321103497L, 
-1181878163L, 430888708L, 1092429354L, 1871580053L, -681430993L, 
-645117642L, -1731172000L, -529553501L, -2047561535L, 1937866928L, 
573525966L, -2035662023L, 295144267L, -270671622L, -2065311236L, 
-79447489L, -1513615595L, 1023663148L, 69387522L, -544477731L, 
978152663L, 1134491582L, -230596104L, 873947L, 1967782969L, -412955256L, 
-144504522L, 1840206705L, -1085943389L, 971410674L, 1491947588L, 
1419854599L, 535728861L, 679410644L, 783858426L, -292856251L, 
-1337571681L, -1346823130L, 816003248L, 1447395667L, 1256389745L, 
-678854240L, 305192254L, -299549623L, 1289206011L, 2131177674L, 
-1711241684L, 1430116911L, -327200027L, 735045532L, 1686753778L, 
797588589L, -1848341081L, 32962510L, 1956205864L, -1822046421L, 
-1417949879L, -147795368L, 337767174L, -1344420127L, 885117555L, 
632937186L, -146545068L, 446443351L, -456260787L, 1795581668L, 
511059658L, 1098458933L, 1454017935L, -1741149546L, 232686144L, 
2001568515L, -346721503L, 336901136L, 1241813998L, -689478759L, 
-1376084949L, 1939171610L, 980798428L, 914828767L, 1633319349L, 
-1374922932L, -1836003934L, 594959613L, 98353655L, 455479070L, 
1799885272L, 1622428475L, -88739488L, 40448012L, -330053408L, 
999249506L, -197160792L, 1745657932L, 1043855228L, 459713842L, 
-1673785744L, 467556164L, -650089512L, 2099914618L, 722043952L, 
1709066172L, 2057607764L, 284440642L, 1445267104L, -1825926468L, 
-1878110256L, 168538466L, -1375982872L, 1489390796L, 985942524L, 
781939186L, 601962624L, 1918107124L, -510760312L, 326133562L, 
-1361616560L, 704725100L, 811656596L, -500468654L, 1398288864L, 
-244502324L, 1287830176L, 1949530498L, -234877720L, 1146311404L, 
-387188420L, 861271154L, -436945296L, 680216100L, -1339283400L, 
-1869687526L, -280407856L, -1545175748L, -455786604L, -1911865470L, 
-1553113152L, 158058044L, -1319581296L, -2137054L, 1126103304L, 
-942951284L, -1974705380L, 815847570L, -484406912L, 951278612L, 
2105466664L, 428869178L, -96013872L, 309490028L, 1788802996L, 
-1079149038L, 2114020320L, -1285675572L, 797508832L, 1843367970L, 
1417787176L, 915355148L, -602926276L, -445877262L, 1495886576L, 
-1079891388L, -321231272L, -1463552198L, -1651584016L, -1805195588L, 
70804756L, 422867138L, -1416668064L, -844498564L, -2093049904L, 
189962530L, -848580952L, -1786004596L, 684678332L, 1107132210L, 
-646036928L, 1385374900L, 835912776L, 578197946L, -1228112368L, 
-1029568276L, -1138353836L, -603990254L, -958237280L, -1672570164L, 
-1449961888L, 299417538L, 1609065256L, -1346802260L, 1009676604L, 
407379826L, 1071776048L, 258461476L, -1869044424L, 1077156570L, 
375015312L, -1343188228L, -593293420L, -1467938750L, -1595474688L, 
-9180100L, 933096784L, 1657116834L, 112768840L, -826755316L, 
-204322084L, -2098269358L, 181383808L, -590194604L, 932768744L, 
-1717487878L, -166418096L, 1155072812L, -913717388L, 1803281298L, 
-919325088L, -126898292L, 1717474144L, -1814247454L, 1714798504L, 
563551436L, -1959850500L, 626404274L, -1592473104L, 1735240132L, 
321970520L, -1772632710L, -1554878032L, 1192873916L, -1914236844L, 
-110681150L, 1887700000L, -1549296452L, 353311312L, -522256414L, 
-763357592L, 510007884L, 1244782844L, 5156850L, 11377920L, -1968605324L, 
1686609928L, -1531763270L, -1083146800L, 380486636L, 542375828L, 
1973894098L, -427706528L, -1273125556L, -1946202848L, 1613693826L, 
1616394984L, -1262181140L, -1437357508L, -978842766L, -1081349520L, 
2116139044L, -269809864L, 1426287770L, -1514966320L, 1895973052L, 
1446385300L, -1005017470L, 1472617664L, 1691676988L, -839274352L, 
483699234L, 1824089608L, 1228292364L, 558240412L, 99167762L, 
-1916916352L, -357655020L, -1494657496L, -768383686L, -1954986032L, 
269980268L, -1723095244L, -150953326L, -713410208L, 1064292684L, 
1474850784L, -694542430L, 1984870312L, 1628064652L, 494266044L, 
1403849586L, -828458768L, -946972604L, -957571752L, -658418630L, 
-2059418768L, 1540899900L, -758109420L, 565266882L, 263291104L, 
1270413180L, -411115824L, -1236826462L, -1187691480L, 1412999436L, 
1341486012L, -1115636430L, -334618688L, 823956020L, -1185260600L, 
172663994L, 63778704L, -1638918676L, -473317292L, 347856530L, 
-1983907040L, 66915788L, -566985760L, -1402548357L, -469067188L, 
-1074912294L, -1111053873L, -1812430951L, -2139809874L, 573152444L, 
-100985555L, -1934211369L, -809152736L, -1203025794L, -1908249013L, 
2102281293L, -1066497414L, 1099653816L, -1006184351L, 1856580115L, 
420855860L, -1936163262L, -1520493993L, -1125389919L, -1443501466L, 
1999518308L, -1213822571L, 200549055L, -299795880L, -1364414858L, 
-1381076349L, -1669839163L, -774655006L, 1910795856L, 1159928697L, 
23031979L, 655267868L, 768096074L, -508997825L, -91549303L, -669085282L, 
-608106420L, -1286913507L, -564236377L, -1211432240L, -1060039570L, 
1521077019L, -660110211L, 1163188842L, -1240110328L, 1273504689L, 
-301947869L, -2103227100L, -208123438L, 473684519L, 2042463345L, 
1627429558L, -1747909036L, -1277252891L, -662411537L, -217009624L, 
948885126L, -67428173L, -906054123L, -2038318990L, 1540236480L, 
1297086761L, 2034810779L, 1485068396L, 456428666L, -796453457L, 
147051705L, -1941004594L, -1437639652L, 1276264333L, 1335204343L, 
1711697152L, -429208738L, 1149410347L, -711732435L, 877641626L, 
1731980632L, -2144288575L, -854900877L, 549389460L, -1873170142L, 
-1076080585L, -1883053823L, 113923078L, 1025602116L, -1880884363L, 
-881713441L, -1163744712L, 545759766L, -1461201373L, -180223515L, 
238702594L, -182195600L, 951574553L, -226133493L, 1152913660L, 
-1794011862L, -1108978849L, 613524201L, 1738942974L, 1611265516L, 
-1821162179L, 518958343L, -1636512528L, -909520754L, -2015941957L, 
780403357L, 779343434L, -347693976L, 249492561L, -729964733L, 
1087720004L, 1353435378L, -265653049L, 1645055633L, 89673750L, 
-73753996L, 2120867077L, 2002309967L, 1713716552L, 1357148390L, 
1293706771L, -1591117451L, -1914225326L, -2046415456L, -577987447L, 
-199299909L, 1647214348L, 1515722394L, 651463695L, 579373145L, 
-1479432978L, -1681875076L, -1332327443L, -554617705L, -1475068064L, 
222000958L, 1930422283L, -512962419L, -2054862406L, -558536712L, 
1084621729L, 2130378067L, 1030009972L, 970352130L, 1209858199L, 
