.Random.seed <-
c(403L, 8L, 80350372L, 133538678L, -633142892L, -1447318661L, 
-961682282L, 1751177756L, -2060083642L, 1341060784L, 694750131L, 
527944570L, 1375277626L, -1709351862L, -1052897424L, -615200126L, 
54912990L, 424805244L, 1354387020L, -616122262L, 883484152L, 
321187261L, 36690807L, -1354239712L, -1659544991L, 1846078805L, 
-181003546L, 1106990493L, 769131745L, 91347803L, -546715573L, 
1734483339L, 634458105L, -1898757071L, 1490251614L, -1604504822L, 
-840783313L, 670966367L, -230386751L, 1537899496L, -290999762L, 
1611755497L, -816998779L, 967686318L, 1155343362L, -1718411787L, 
-1327293853L, 816937566L, 410982507L, -2095724318L, 1825604107L, 
-149818505L, -370171128L, -1565347078L, -44674804L, 1971929148L, 
-1538451502L, 316983363L, -2104754370L, 1154214265L, 1730311706L, 
843742827L, 121663147L, 223545546L, 621942772L, 2051427652L, 
-290108054L, -305445627L, -1164487867L, 1116703562L, 16794918L, 
1480261872L, -525162018L, -1799747610L, -1557309912L, -4341147L, 
886833774L, 775188987L, -360729293L, -1395676469L, -700942893L, 
-103446727L, 1134080405L, 427410391L, -1435396828L, 745383963L, 
200013540L, -628919596L, 1119611209L, 551133708L, 2114656903L, 
-1963576425L, 175059389L, 1002178339L, 1260982125L, -1656058071L, 
1125245197L, -1656136254L, 1524463735L, 1469094001L, 330473766L, 
550349588L, -1390183717L, 910582998L, -1058831440L, -101035267L, 
1564177533L, 1319177701L, 365030252L, -985142879L, -444948333L, 
1573883081L, 930711519L, 613104125L, -557428113L, 1007768735L, 
-1320615760L, -1027298434L, -2131112363L, -1902690317L, -522099372L, 
-907440888L, 1504574876L, 904393199L, 73064472L, -1178304917L, 
1340995083L, -884976351L, -1788032253L, -844234993L, 2114328234L, 
17360181L, 203414695L, 266405392L, 238922859L, -1669797702L, 
1126576689L, 1480745578L, -490452207L, 185119783L, -883098720L, 
2006224925L, 989482848L, 1891158848L, -1645941518L, -1798763050L, 
-173791632L, -971586833L, -1737724014L, -1151142614L, -1983269553L, 
-448851934L, -540916005L, -947338303L, 1070978807L, -1112047613L, 
784023676L, -1347593084L, -833883439L, 479728851L, -2091476574L, 
-1953949401L, -2091789137L, -356778267L, -975616092L, 77056960L, 
1170884575L, -275474489L, 1868930789L, 1368292760L, 10372679L, 
-1888607692L, -1786040356L, -1875256082L, -2018810240L, 96619974L, 
-980661510L, -475600351L, 172427183L, -957925049L, -951414229L, 
328285538L, 462327981L, -543631459L, 1841567535L, -692863800L, 
-1611356501L, 752454576L, -2023778497L, -805559540L, -1051428738L, 
2078134173L, 1020600026L, -1858984287L, 1891686581L, -4794318L, 
-1646711108L, -613945043L, -1956649347L, -479210917L, 1972270465L, 
-65228930L, -910859044L, -115283990L, 1022884100L, 1070135877L, 
-851882436L, 352981238L, 1303551850L, -825707030L, -2082466431L, 
-1548827484L, -1648013418L, -740008191L, -385309543L, -2089143000L, 
811927505L, 266205310L, 1061935808L, -2008990630L, 1980804877L, 
1750867101L, 373070432L, -725973131L, 808600347L, 558801676L, 
1977537441L, 1314096157L, -1842905456L, -1658836094L, -1126302085L, 
179729124L, -1478583256L, 592263086L, -67280713L, 1254309338L, 
-1923224948L, -699779481L, -351266634L, -1956086195L, 198802802L, 
1608105422L, 785348052L, -120057786L, 1575497517L, -415216873L, 
619692846L, 1548419514L, 366031847L, 266368624L, 964932221L, 
-562011192L, 514210988L, -654568615L, 1585593072L, 2041328560L, 
-1415083468L, -708888430L, -2075496787L, 1332238041L, -316828787L, 
211752076L, 1454310780L, -1353817819L, -1494007696L, 1025173081L, 
-1506937716L, 745618289L, 1486928719L, -1352790528L, 2131200863L, 
-459834233L, -593248971L, 49154880L, -932054301L, -1599774312L, 
-1816242315L, -861797585L, 380260710L, -1618332537L, -1758388341L, 
422805226L, -234292049L, 1710312203L, -766026360L, 958300695L, 
-1692789718L, 1628580242L, 1725219711L, -742352197L, -273151844L, 
1597437476L, -445198146L, 41199756L, 140326474L, -1009433335L, 
727055497L, 22086116L, -1587996083L, -625167688L, 1577193005L, 
-918141186L, -138808863L, -96549155L, -1961381642L, -85089897L, 
704726967L, 700003372L, 1874516073L, 1496757130L, -1539327387L, 
-1634522921L, -21507144L, -63672536L, 501593259L, -1986946492L, 
99248272L, 2142219640L, 257683302L, 1299453821L, 1041265097L, 
-2056114872L, 1271262507L, -1183548598L, -613002015L, -338863062L, 
-685477193L, -1408422212L, -830381016L, -126058470L, -1327710796L, 
-2106067443L, 864618734L, -2050930216L, 1088180322L, 1902425957L, 
-2008835187L, 585742559L, -1578856742L, 2035685544L, 1303459929L, 
1902668442L, -599209521L, -78921160L, -163503803L, -1022833082L, 
-901206664L, 398777427L, -1355336082L, -997857787L, -736864092L, 
815347839L, 325895810L, 167686633L, -372411652L, 67736700L, -475396764L, 
-284377201L, -1102254469L, 807189875L, 1889066007L, -1905630867L, 
-1651286961L, -827011141L, -1736767557L, 1916392101L, 1137052889L, 
157707833L, -153253251L, -563511079L, 162582765L, -745958546L, 
-2052497177L, -142858084L, 1402784006L, -152942367L, 885645369L, 
-285219983L, -548270256L, -131523296L, 754136951L, 929144288L, 
1722729386L, 39118339L, -1518044431L, 1578719389L, 1304427763L, 
6201048L, -1502124235L, 1304407764L, 94712004L, -1817705269L, 
604317972L, 687496669L, -488449801L, -1614468740L, -444967580L, 
1082336399L, 697062327L, 1020037915L, -2114057071L, 1934803875L, 
1102148509L, 557712253L, 1714710753L, -1472918812L, -657047559L, 
1855876327L, 1126811962L, 1924004417L, -1297370790L, -2138646552L, 
630858059L, 849285317L, -692376633L, -899721949L, -946486003L, 
1868559991L, -1857138170L, 1678518194L, 1761955542L, -379764016L, 
-2004383175L, -1212815671L, 1397588255L, -342967301L, -2054709257L, 
-890041857L, 975084528L, -2026886113L, 1034553910L, 1402913870L, 
534183013L, -1900484880L, -1188780621L, 1884441820L, 688663783L, 
-1421586539L, 540539741L, 951938059L, -2108894436L, -1780575346L, 
753070381L, -1273398442L, -201843838L, -2010025450L, -1814077127L, 
-949748886L, 951256354L, -841769447L, -736688511L, -298897067L, 
-196014854L, -749152887L, -902652384L, 1184596480L, 1703811014L, 
-806870332L, -1044290004L, 39595355L, -1953078419L, 1135995193L, 
74933151L, 1171968745L, 1232423604L, -1693135907L, -635767003L, 
-1098541961L, -2147077364L, 261346891L, -269171421L, 578036723L, 
-1406367181L, -1651501054L, 631195124L, 1927145325L, 50068717L, 
-822178841L, 1652467478L, 1154950410L, -148728472L, 987463703L, 
-1371682586L, 1098646052L, 1231932631L, -685571399L, 1614964871L, 
-2060397949L, -763096626L, 635521877L, 610380530L, -26952615L, 
-209614042L, 463102237L, -1698992890L, -1701203546L, 802466850L, 
1367081546L, -1569077599L, 1786793129L, -1681530907L, -1006896734L, 
882837562L, -1037886512L, -809818948L, -1346553113L, -1324111757L, 
93751513L, 253876454L, -415863306L, 1315164547L, 501891652L, 
1079806947L, 1866590597L, 97804452L, 452294662L, 752176234L, 
1209159892L, 1767884128L, -321018865L, 886788859L, -781456031L, 
-1319359832L, 537581062L, 69930222L, 1564777834L, 1648181092L, 
-996466717L, 170812503L, -1179020847L, -823961190L, -1277011747L, 
-390947391L, 46678990L, -1012954508L, -1127858087L, 529359293L, 
2131467895L, 43798995L, -214630825L, 48710207L, 1523295959L, 
-815821304L, 55966318L, 1824108364L, -446049810L, -1306087185L, 
-512840956L, 695781957L, -974938128L, 481396260L, 480122699L, 
-638033588L, 925069364L, 895940046L, -477692535L, -2142949594L, 
-1040589049L, -629979909L, 265170905L, 615246540L, 1450915346L, 
-40295526L, 705292225L, 293868032L, 388812001L, -1295753686L, 
1655102970L, 1319487285L, -2129188982L, -1909308634L, -1795541104L, 
-1370749713L, 429802322L, -2020160775L, -2105375473L, -1131790220L, 
1982329841L, -40913210L, 73607130L, 869143952L, 1786605053L, 
-182962816L, -104898028L, -2081211868L, 1424238402L, -581119243L, 
356456429L, -407459307L, -1487576084L, -1731765639L, -378838070L, 
377198822L, 249906561L, 1386433878L, -484490113L, 492338354L, 
