.Random.seed <-
c(403L, 2L, -629183843L, 1924602388L, 2115705018L, 1861117189L, 
911584991L, 1055257446L, 972772080L, -1157844461L, 1235770289L, 
1936311904L, -41237506L, 2057132937L, 2054941883L, -1238464374L, 
1407523692L, 876282095L, -1486927067L, 522221020L, 214201266L, 
2106170029L, 1088361063L, -1651510898L, -775113112L, -804658581L, 
1665170441L, 1301955224L, 921056710L, -889334495L, -1838328397L, 
558391586L, 1220811540L, -133930089L, 1052396429L, -1256892764L, 
-285747062L, 515727093L, -632274609L, -784093610L, 1523758336L, 
1477627971L, 1171620833L, 931658576L, -583594578L, -945831079L, 
-869209749L, -796544806L, -443188836L, 774669727L, 518207477L, 
-636701044L, 1319166818L, -1723086019L, -917840969L, 1321570398L, 
-2019439208L, 176347387L, 116663449L, -809900760L, -1139940394L, 
-1263560623L, -1775781117L, 411392658L, -625162204L, 1207621351L, 
-1599354051L, 68129716L, -1965875174L, -1009360027L, 2122489343L, 
1065521286L, -173171696L, 1035681459L, 1599688017L, -1668840192L, 
-1573376034L, 1786457129L, 1715473371L, -1784680214L, -1656414580L, 
-938139185L, 23508357L, 1036144188L, -1094008046L, 1619632141L, 
-421199033L, -2035467986L, 531755144L, 381916555L, -170685079L, 
-754319560L, 1015276006L, 743372161L, -1375590125L, 1162995394L, 
1305805172L, 1011800439L, -590878099L, 326477060L, 22298666L, 
2065669525L, -691543505L, -1203146954L, -785092768L, -546286173L, 
-137797951L, 310826672L, -782315058L, -74906311L, 1045649739L, 
-605836550L, 956632060L, -573428673L, -1827244779L, 1436999212L, 
-969350398L, 317136861L, 1855167191L, -1773398594L, -1755320328L, 
-1211487269L, 944195129L, 1792372616L, -434884810L, -891785871L, 
1297844131L, 254398194L, -1029237180L, -1616045817L, -494747427L, 
1112835540L, 1467898106L, -1915994043L, 1432922271L, -1303743962L, 
-662681936L, 1627630419L, -6764943L, -98571360L, 2090171198L, 
-1775517111L, -1071794437L, 223758026L, -1185515476L, -1390829521L, 
1767039205L, -1442739812L, 615314418L, 1934437997L, 2036767655L, 
506029518L, 943313704L, 1720154411L, -2084289719L, -1869404072L, 
202165510L, 1704528097L, -2080579469L, -632718110L, 877898836L, 
1953829207L, 1121874253L, 1295959268L, 622155978L, 307934517L, 
1858345871L, -1118674794L, -454885312L, -69031677L, -953023199L, 
-34634224L, -1326352914L, 1519659417L, 695363115L, 1242132250L, 
-1273023012L, 1592105951L, 1262906293L, -514402996L, 1869931426L, 
-1987327235L, 648131575L, -843641570L, -913952808L, 18555195L, 
-1172621607L, -1784141208L, -1368048746L, 480222993L, 80267459L, 
-1403741998L, 405249380L, -1008721753L, -1245334019L, 867493876L, 
-1828097830L, 1049100837L, 1545838399L, 2041539782L, -2052873904L, 
-1214713485L, -1750598767L, 572337600L, -1131419746L, -800638615L, 
1778801051L, 2076847274L, 1842707148L, -841907313L, 112162757L, 
1804270460L, -1620393006L, -1042214067L, -212446713L, -1837141522L, 
-689402680L, -903117877L, -2052880855L, 481905784L, 960383398L, 
2063723457L, -700929965L, 949403394L, 1513761332L, 1883783095L, 
1629274029L, 461724868L, -439349014L, -1068685030L, -527743792L, 
697207100L, -1152810092L, 1347237762L, -1120613440L, 1835181628L, 
1719099792L, 1882626082L, -1648007928L, -896444276L, -2132300004L, 
238621842L, 390460800L, 1422929940L, -1988929752L, -1651341766L, 
-1854008880L, 1659820396L, -382258252L, 322382354L, 818898912L, 
-1079785012L, 292149472L, 1179773986L, -1222683864L, 2112510476L, 
2040111932L, -677847054L, -1079586064L, 211925572L, 787476056L, 
1050179386L, 959123440L, -560512324L, -1194076908L, -347185982L, 
1919011936L, 154727804L, -1722970160L, 554402082L, -1608493400L, 
-1628711028L, 2005341372L, -760493262L, 1289684544L, -690785100L, 
-573594552L, 2028611002L, 2122623504L, 1001143532L, 41173332L, 
-945745134L, -1553453664L, -782861620L, -477398432L, 1475985346L, 
580211496L, -1608533588L, 778276156L, -256705678L, -71910096L, 
-1496373468L, -469039816L, -1508899110L, -424099952L, -88614148L, 
106843028L, 1281369154L, -634358528L, -649529284L, -650052272L, 
1934660770L, 1483270984L, -173383924L, -1281188132L, 1625648978L, 
1367488128L, -894838700L, 1687266280L, 1941265146L, -1030372016L, 
-1254838484L, -1946631308L, -938380398L, 1810604640L, 433141644L, 
-2091534496L, -1890602014L, 383216552L, 1730247884L, -182797828L, 
-772855886L, -714426896L, 685446596L, -1656362664L, -1785913990L, 
-53076560L, 2140861372L, -601014188L, -1347055678L, 1600507936L, 
-1237110596L, 204016208L, -1406724126L, -1960559000L, -1749643700L, 
384934140L, 2109663218L, 1948321024L, 2073056116L, 2068074504L, 
-596897350L, -866062896L, -485248020L, -1940501612L, 731753426L, 
2056988512L, -1463205556L, 1879019808L, 432947074L, -64870680L, 
-1350756116L, 1260459580L, 1104376690L, -1530210704L, -1543044060L, 
668483384L, -342263654L, -1333190960L, 1337433276L, 134957716L, 
229741186L, 54968512L, -653494980L, -1218152304L, -1731226078L, 
1665520136L, 2088204L, 613077660L, -199391726L, -2083190400L, 
-805455340L, 915295784L, 958042426L, 1520679888L, 1813216876L, 
-1552485580L, 1361285778L, -824916640L, 62700876L, -1588087840L, 
-1469771870L, 610672552L, 1998514060L, -1733383492L, -1895296142L, 
4155632L, 734413892L, -1566702248L, 1873043514L, -1154714768L, 
1956082748L, -986809580L, 1172768194L, 1437400288L, -873668740L, 
2142099152L, -1608324446L, 1893418024L, -1982582516L, -274383940L, 
1394269490L, -1049180224L, -645712332L, -236665912L, 617381050L, 
328294288L, 999539180L, 211883092L, 319113874L, 1536518944L, 
-1600181812L, -327191584L, -558592318L, 160060968L, -1304670548L, 
-1835532612L, 1131790834L, 542437680L, 2088503460L, 56179384L, 
-1233668262L, -387330672L, -1054171780L, -1594095340L, 209683778L, 
-2127473920L, -1672625220L, 793211728L, -834609886L, -623802040L, 
-269755380L, 278107228L, 1790248146L, -362417152L, 2064082772L, 
461593064L, 1260659706L, -224730416L, -492516052L, 1529562356L, 
-479439982L, 2037060704L, -69863156L, 500527840L, -1155318430L, 
-1806551384L, 1468358220L, -1577430148L, -1621778638L, -298300816L, 
1701261636L, -98359336L, 1578316922L, -1746007504L, -1140123972L, 
55175451L, -837064067L, -100200342L, -1722139384L, -1067710031L, 
-1718534621L, -936412380L, 1367665618L, -546097113L, -1414958479L, 
983636150L, -681729964L, -1791147803L, 668851439L, -1061531608L, 
-992803706L, 1707798195L, -1334956011L, -696163726L, -1947627840L, 
-212925655L, 539963803L, 1479476844L, 1534773882L, -997659729L, 
-1819398471L, -846200626L, 1218435612L, 31846797L, -948404233L, 
-1819680000L, 322738526L, -772318677L, 1222661421L, 1238239642L, 
-1514657960L, 1330384577L, 544772467L, -1255392620L, -1338851550L, 
-1723119049L, -247546111L, 916772358L, 2084097092L, 876490101L, 
1210290399L, 659715128L, -112831466L, -706030557L, 1773663205L, 
-352193022L, 1486658672L, 578701849L, -84761589L, 724969212L, 
-126476502L, -475410081L, 320899305L, 530436094L, 1101013996L, 
937019197L, -874652921L, 1605317360L, -1926088050L, 366146747L, 
-358539107L, 1058696266L, 1371321960L, -254821807L, -918738621L, 
199557188L, -638332174L, -221087033L, 339687569L, 122504726L, 
-135404428L, -1905647867L, 1283894607L, 1204301640L, 1546077926L, 
-1281832941L, -1522897035L, 1900560210L, -1749084256L, 1899098761L, 
1469118139L, -969632500L, -344737638L, 1929608719L, 1504787033L, 
-417327378L, -1659239044L, 1179575789L, -1637154153L, -1346060960L, 
-2139256514L, 1878389259L, -1991186803L, -712766534L, -817257992L, 
2119650721L, 556278611L, 577784436L, 1611828226L, 48307863L, 
-494475167L, 1022551206L, 1579504804L, -1275169451L, 1155350015L, 
-1555729256L, 1830248886L, 243784259L, -1041105019L, 2004220962L, 
-273551600L, -1698141511L, 2044043115L, 749543004L, 667321226L, 
-829023361L, -1643329847L, 1467584350L, 923317260L, -1273457699L, 
-1222150425L, 436729616L, 388294190L, 402930907L, -1667862083L, 
-872485078L, 1339480008L, -26637071L, 1407312483L, 892913252L, 
-2019537518L, 957786727L, 1406018097L, -1301532810L, 1916179604L, 
