.Random.seed <-
c(403L, 238L, 682952666L, -1304370393L, 1646916411L, -70624418L, 
-1872380065L, -772201332L, 346810456L, 1192363382L, -1453850218L, 
-1741480132L, 2135355423L, -276133449L, -524745544L, 1196654429L, 
-1358482173L, -120602515L, 1747526858L, 1362030710L, 1951898432L, 
1686350806L, -46579906L, 1090834063L, -9966922L, 1663746915L, 
-2019466312L, -916266569L, 1793618184L, 275683321L, -636922300L, 
1290927200L, -177150868L, 1863289478L, 1109743119L, -1345794590L, 
-2103293879L, -710877153L, 740381921L, 1582527140L, 1314907532L, 
435239652L, 265863853L, -532776109L, -2730843L, 34326781L, -1188250949L, 
2003511364L, -1111790329L, 1113532230L, 1845178479L, 1594361218L, 
-278700896L, 1985625925L, 1200854990L, -2090384102L, -2105921244L, 
88458151L, 1554653397L, 2013306784L, 1991457595L, -1642397437L, 
-799644315L, 1941691900L, 1709232180L, 1652520196L, 79165497L, 
-1244867452L, 566668681L, -1281834276L, 990927596L, 771841562L, 
-1019932320L, 1099331938L, 275486139L, 1834714111L, 234163110L, 
-1060945146L, 1301438574L, 1535068939L, -367923249L, -1428823775L, 
-2048871222L, -1799721428L, -130764117L, 1710170213L, -1188749439L, 
132284333L, -1593943709L, 1313037762L, 1309314442L, -140169466L, 
-1584116742L, 1652765014L, 475425024L, -822515163L, -1417874540L, 
-383570328L, -1749287691L, 1586929344L, 312921076L, 905919567L, 
1977557290L, -1844060360L, -504417995L, -296476499L, -444377087L, 
-889293963L, 1406657326L, 6915003L, 779663653L, 444024721L, -761062164L, 
1865705130L, -1095717643L, 806194917L, -1625498358L, 71716822L, 
-1810360855L, 489140095L, 1942776720L, -1875655952L, -1898577694L, 
-1237320285L, 1731541767L, 1196372911L, 1519265418L, -1904883270L, 
1172554364L, 713049856L, -1238247361L, -1506607361L, -318506741L, 
1934483505L, -1049175640L, 84963298L, 2138957769L, -2129856125L, 
-1035345180L, -215342423L, 408079570L, -2044171641L, 421124672L, 
976985626L, -371921445L, 2098409654L, 1756702548L, -398081255L, 
-1092572274L, 708212478L, 256966860L, -1094418228L, -1206572426L, 
1332993361L, 661431954L, 682794759L, 980603824L, -1777513635L, 
899799709L, -292405103L, -982102374L, 1770702060L, -883323643L, 
-127318595L, 177556432L, 783141312L, -451131491L, 1513585395L, 
-929185990L, -1073269454L, 1185557315L, 739562518L, 2044418267L, 
1667723032L, 1351195716L, -445913385L, -684368685L, 1262620827L, 
-354644410L, -1202456198L, -1216355274L, -1831186677L, 41376549L, 
-997284189L, -327489778L, 1078759234L, 966053694L, -1977668233L, 
1867304234L, 162565457L, 518946477L, -1990368308L, 162502664L, 
-367345459L, -686872902L, 1072608808L, -1145901017L, -1753024752L, 
-67541196L, -1504992930L, 1475780889L, -82807667L, -219914091L, 
2084031341L, 972539123L, -814965495L, 1751047601L, 244419083L, 
-1604800795L, -1070421882L, -1121420632L, -212342534L, 1731426100L, 
1914241078L, 546368032L, 714880083L, -2037165586L, -2102860320L, 
1040609985L, -25182196L, -1340361937L, 638550600L, 1408417817L, 
-676586336L, 1172326412L, 1754887610L, -1737650062L, -1042804049L, 
113148682L, -23830032L, 1159870529L, -672703711L, -1833009773L, 
1209809812L, 35974655L, 1176269015L, 1206775109L, 2728312L, -553403549L, 
-1616953171L, 1247586295L, -314345929L, 54689624L, 1328980912L, 
2015132860L, -1925594484L, -2052577811L, -368325051L, -517249018L, 
70065907L, -1359048932L, 2105472306L, -412462571L, -408658983L, 
-2004711401L, -82690857L, 1605891222L, 776824923L, 610117721L, 
1301926227L, 593810630L, 1272733608L, 1216009888L, 1209015362L, 
683626754L, -737206827L, 1823818776L, -1245989040L, -1159039370L, 
-1532559544L, 2013806434L, 635407530L, 173641082L, -1816766067L, 
9624650L, -28870211L, -1522249641L, -1599296576L, -1386915043L, 
-1181556410L, 775648014L, 185955153L, 553095421L, -1083539830L, 
352193683L, 1046992873L, -307379843L, -815006823L, -1663316331L, 
1620165675L, -1781486546L, -34985622L, -526661696L, -953537545L, 
-868326049L, 487844037L, 639635119L, -1164468415L, -594578157L, 
-769497434L, 2085178951L, -1048035354L, 1577563593L, 1234416733L, 
-925976374L, -701143719L, 715731967L, 888466400L, -135801378L, 
1465346153L, -136154781L, 251967465L, -371936413L, -425995682L, 
-1487827178L, 1854758409L, 597275618L, 1741671046L, 1208983418L, 
1046670652L, -669314774L, -1418391857L, 1171387088L, 1505882196L, 
-985899865L, -810041029L, -33878733L, 818027093L, -1584464586L, 
572085140L, 990475344L, 141155047L, 1908611765L, 498160716L, 
-1906406005L, -931614053L, -451289646L, -1199185214L, -1618329821L, 
-136859580L, -974905445L, -730116778L, -445118026L, 460565602L, 
-1356619815L, -213502674L, -1685501998L, 1981248220L, -1440033330L, 
-626501327L, -1836411694L, -1377660062L, -1365691724L, 2058578517L, 
-14194694L, -1840464437L, -583108491L, 1138613143L, 1553401426L, 
1531287857L, -1152536774L, 1351156333L, -1811213988L, -1661631912L, 
1770214470L, 1904999547L, 2147350092L, 1147990471L, 1453541493L, 
661973648L, -2124130072L, -736234992L, -1072699528L, 946024288L, 
1825091467L, 1523188517L, 1576413643L, -424735507L, 1628883925L, 
1568987893L, 816053575L, 335342875L, 2142925392L, 1288912086L, 
1244426346L, 351384992L, -796533176L, 1936183369L, -1750365269L, 
-1966478739L, -1762500504L, -1610723161L, -392470862L, -1865952818L, 
460723492L, 2111862062L, 2108229067L, 573284420L, 779179571L, 
2146723255L, 1419787223L, 1410004944L, -1287799034L, 290767187L, 
551911514L, 655465633L, 1676873573L, -873269609L, -635803934L, 
-2012783165L, -1777355121L, -608628873L, -220264717L, -1738793135L, 
133994358L, -1291506131L, -318654607L, 1404709399L, -1583327361L, 
-876329067L, 1973763871L, -49826279L, -71726075L, 23648284L, 
1550386099L, -1328365630L, 649713358L, -1087601438L, 1167345007L, 
-1373400701L, 1519880011L, 666562937L, -1646912776L, -1307902217L, 
-1951688973L, 1010639913L, 904879140L, 928976060L, -775622493L, 
863484967L, 853004757L, -2073672163L, -280140816L, 47197496L, 
688084095L, 1855193228L, 1141338708L, 1654822008L, 1581676142L, 
2051382336L, -1267198677L, 2066453812L, -1372529552L, -1512707150L, 
92339195L, 952706365L, 784140669L, 919301427L, -563295479L, 2129178831L, 
-110779091L, 1564323819L, -960246972L, -1204968520L, 301415250L, 
167179685L, -532719543L, 2075604639L, 1299842203L, -688010994L, 
711240542L, -134689996L, 1643419936L, 1092647537L, 1179394908L, 
1133677489L, 26029226L, -1415708436L, 1435010277L, 1174900028L, 
897951628L, -1335823802L, -1487823502L, -1774630406L, 7190121L, 
956734474L, 764232535L, -1291168473L, 964453657L, 1059020386L, 
1467989894L, 1377456010L, -1076252286L, -1867767422L, 1650456349L, 
1917457070L, 1438980661L, -244879779L, -2125782082L, -1754292688L, 
1938876964L, -1885793697L, 121004811L, -1065995088L, -1046497952L, 
1047951037L, 1425568576L, 470263034L, 1538992482L, 1021796439L, 
-1334771261L, -1854139833L, 1402819200L, 778065033L, 2030393232L, 
-2071167678L, 1930792073L, -1299855992L, 1741020763L, 920846413L, 
1949454975L, 991202645L, -2019685753L, 2034814191L, -1715491356L, 
-536681278L, -150232361L, -1435694234L, -863305538L, -1093370040L, 
-102794207L, -2089413159L, -895274329L, -2121108681L, -1121035855L, 
1635554795L, -1408331687L, -1564108768L, 253799767L, 1564503280L, 
1495324123L, 1416449334L, -1504581020L, 1277548086L, -537400951L, 
-2098495706L, 1323741095L, 1591228273L, 1497219644L, -203497486L, 
121099914L, 1710866152L, 2066568760L, 2141065909L, 475325037L, 
910834392L, -322470939L, 290237652L, 811015974L, -561930794L, 
336091015L, -426565192L, -1258153198L, -343203333L, -2029777712L, 
-42807005L, 1249643328L, -1712324736L, -272062472L, 591486804L, 
-1091140723L, 2100992130L, 570328495L, -458993955L, 395211057L, 
75772652L, 125023096L, -479402024L, -1389584691L, -19568528L, 
-977859351L, -282271755L, -1154906760L, 1146931568L, 1381290250L, 
1188188228L, -2094030294L, -501637076L, -1527619357L, -379873773L, 
-1568017146L, -962503500L, 1114031049L, 382447262L, 2041108607L, 
-1061836691L, 1230546416L, 739313193L, -724227010L, -784854298L, 
2063312540L, -1107218639L, -831482166L, 1868913730L, -292933409L, 
