.Random.seed <-
c(403L, 209L, 1111927393L, -1568838826L, 392126546L, -484407350L, 
-1028971983L, 149625369L, -1538018524L, -1249678537L, -1796868248L, 
-317752285L, -1256787L, 1021702797L, 1147607144L, -1745383045L, 
-1337731285L, -805005292L, 2124496501L, 1517615923L, -1875567126L, 
1386201440L, 682428244L, 1374961822L, 703981888L, 190128235L, 
1426836251L, 754644755L, 164069786L, -150813047L, 1706105637L, 
242331381L, 551877397L, -888326292L, -1036776102L, -1494556183L, 
-879284704L, 1914222111L, 524010436L, -372754230L, 1045276623L, 
1586845600L, -159818837L, -1170557152L, 771688708L, -163900025L, 
2008245124L, -456165497L, -1588488952L, -1911766782L, -892053248L, 
1359276684L, 1030967604L, 1906365724L, 668203645L, 810341057L, 
644416666L, -1992242744L, 189194329L, 515465654L, 553971657L, 
840117341L, 493795171L, -1064354317L, -1697772362L, 1554629633L, 
-1309453385L, -1376983092L, 1919813732L, -1392708818L, 1685896461L, 
-1754260131L, -135058156L, -2146945638L, 763188833L, -682224024L, 
513076901L, -340625769L, 1777605546L, 1768804615L, -1132135622L, 
115812352L, -1938435472L, 206680855L, -419513446L, -1999766428L, 
-288845136L, -1597582967L, 864131814L, 757422621L, -246611932L, 
68600246L, -655850432L, -1850516897L, 789920310L, -437529870L, 
-744585091L, 1215062096L, -509974903L, -1338480410L, -1198305633L, 
1624402476L, 1165018526L, -1901062027L, -193292256L, 1920781938L, 
-337492938L, -1873698390L, 1862518375L, -1984705787L, 846140489L, 
1003341526L, -1959680683L, 982147970L, 45007866L, 645009089L, 
1425585514L, 613622354L, -1996449608L, 760465919L, -111037311L, 
-1676327127L, -212146855L, -754898549L, -2056647681L, -2078464161L, 
-201938029L, 1408726433L, 2142581992L, 1349290489L, -500033917L, 
-1425133907L, -1534878293L, -747614831L, -391846329L, -474809976L, 
1420659857L, 1234933229L, 2115904565L, -1812301729L, 2002699824L, 
818531207L, -2095838471L, 175958665L, -1218712491L, 460198859L, 
-2044646129L, -1428213358L, 1409879365L, 1737376830L, 314145271L, 
-1369354761L, -347769176L, -1916821821L, 992012746L, 524520290L, 
-963290793L, -488022101L, -1716902491L, -223416003L, 2030966723L, 
1649130379L, 367080584L, -1016173227L, -1265810140L, 243839403L, 
837661626L, 1256403639L, 380451685L, 1202491782L, 288875884L, 
362045670L, 645106234L, 1456487468L, 2100907381L, -387977001L, 
2054153098L, 289127148L, -478642829L, -1478240430L, -908737189L, 
-1389462643L, -109144690L, -1720901337L, -412903862L, 34776353L, 
-450470618L, 619689894L, 769551060L, -659821223L, -1068022949L, 
913882672L, -1052479400L, 458840653L, -495926103L, -1515161438L, 
2015311759L, -1441474150L, -1303892641L, -624195698L, 1227683849L, 
-1912475327L, 1102742837L, -2144979391L, -656880276L, 706380001L, 
214363181L, 613000322L, -453052579L, -315936124L, 721578615L, 
1937573228L, 2015864852L, 836295882L, 17777573L, 1552593148L, 
772965188L, 1529123811L, -274459323L, -1232592784L, -804985198L, 
-1621680570L, 1054116072L, -104970400L, -810902271L, -215386980L, 
1849139031L, 1997293510L, -2093949764L, 732851207L, 1377033745L, 
-594472475L, -1672852657L, -345180607L, 1611210026L, 483430970L, 
-83422804L, -1883554165L, 1066343721L, -1080095896L, -162294931L, 
897789726L, 350660572L, 1396143163L, 2115406831L, 1657374294L, 
1118262678L, -2135449619L, -1703721234L, -1996351161L, -1320936859L, 
-2125846792L, -402683576L, -1070433281L, 1452217157L, 2072800741L, 
1164672158L, -793338933L, -168680183L, 1065108332L, -602766847L, 
-574282881L, -520823262L, -388223255L, -1760674684L, 585770629L, 
375316468L, -459066337L, 92222623L, -1467556597L, -816689166L, 
-1564910559L, -669812274L, 2031975375L, 436321263L, -1391957839L, 
176245553L, -1263226811L, 551425612L, -1316570903L, -431991768L, 
-1392444295L, -688971480L, 1184740157L, 1794107685L, -2118370870L, 
1702346931L, 849407382L, 1347704236L, 227166244L, -806545233L, 
1578079640L, -86995368L, 1910211301L, 58635243L, 709567033L, 
-1063585733L, -1851334703L, 667261905L, 1892357714L, 1289114631L, 
-1406197897L, 1263222135L, -942658786L, 406758610L, -178090205L, 
-229814592L, 1800692457L, -508417445L, -46735861L, -1607931483L, 
1391033580L, -1268774246L, 1530264673L, -307151910L, 1892607728L, 
269708925L, 163320408L, 958237801L, -1644664773L, -1265519044L, 
497744886L, -1132510514L, -1034719502L, -2097779166L, 1245460737L, 
177494311L, 1529428160L, 2113365615L, 1861192324L, -928969413L, 
658200749L, -2098352885L, -620265528L, -1689765148L, -268333531L, 
1806705963L, 36448675L, 1313796033L, 540838180L, 1248206729L, 
-471623535L, 1404493503L, -514467363L, -1058159135L, -1175619419L, 
691541906L, 528260896L, -1942101825L, 1924583740L, 1845703946L, 
146928069L, 2025916776L, -66920624L, 1882063442L, 248614782L, 
-1131152624L, 692862168L, 2046503638L, 1479891509L, -409723468L, 
-1389314368L, 611153053L, 1129089390L, 310534537L, 1058082842L, 
-702163499L, 1951421440L, 1906275284L, 577431076L, -975220264L, 
-236141272L, -9432094L, 1713558287L, -2112122462L, 1345040181L, 
2122056492L, 220923296L, 1856787839L, 309673520L, -769753078L, 
-882090131L, 336703758L, 1645500583L, 81446093L, -198936091L, 
1147019245L, 1067745157L, 1461742763L, -1207908096L, 1031614064L, 
882198815L, 33288329L, -442219502L, 1692117555L, -1425745880L, 
1871295816L, -1528116574L, 638120036L, -1951953089L, 327626493L, 
-1716823244L, 223366392L, -2071205316L, 622122560L, 52270562L, 
1684424879L, 942575172L, -110394866L, -744686653L, -1703122065L, 
1500135041L, -1854353024L, -256131960L, 1429961680L, -1322555383L, 
-874121744L, -1699523112L, 86416045L, -2075021390L, -1547032811L, 
-1551819688L, -47212398L, -73972930L, 1707665034L, 1731308783L, 
1459918211L, 1480718151L, -1659739014L, -1012328465L, 49549956L, 
-1713941754L, 1354360368L, 1355419211L, 1984028388L, 545292787L, 
-1729634371L, -192640681L, -842083249L, -140748028L, -1283082894L, 
1119809359L, -752125140L, 383335374L, 136113951L, 125327700L, 
-727438149L, 123379302L, -1717669666L, 1787259279L, -2107294521L, 
-184043535L, -138213077L, -155437364L, -462437627L, 1730833161L, 
1733097800L, 465716158L, -2085044213L, 1982797096L, -1420007939L, 
-1537502686L, 1084087950L, -1255000856L, -946850453L, 512340988L, 
-355583901L, 1584715685L, -1694411324L, 735518848L, 1781035166L, 
260966978L, 476580777L, -2062041685L, 2010399696L, -1717372052L, 
1049667644L, -1953617799L, 1082981190L, 1467864683L, -862427088L, 
1525482128L, 2041522249L, 1378918429L, -1998102546L, -375297211L, 
-1773545203L, -442818694L, 718496831L, -1045250776L, -1244316002L, 
-1980036274L, 191999011L, 349300222L, -1434483442L, 75655332L, 
578677396L, -1631664194L, -2043607716L, 1370956044L, 114585726L, 
2071043605L, -169245546L, -1455505334L, -820767222L, -843821468L, 
-2014171657L, -360126850L, -2038866923L, 1023406315L, -1507823333L, 
1868610787L, -2010436499L, 776991060L, -626281076L, -1784703284L, 
785106513L, 267435312L, -351342301L, 1312983866L, -1565094093L, 
-1909189443L, 652872063L, -1909857175L, 2008506114L, -633181586L, 
-1877909764L, 394237646L, 338783082L, -391916968L, -23681239L, 
-1051060371L, 2085229281L, -717535794L, -1586946016L, 1813805310L, 
1369510410L, -1399113576L, 1866830424L, -1391993384L, 786260244L, 
430637112L, -152194980L, 86392530L, -2071817581L, 1034807197L, 
1579869788L, 1117040987L, -749551555L, 1492595410L, -1180700964L, 
1934479740L, -1156488681L, -1053167241L, -1525768308L, 2128424812L, 
-1806365679L, -2015938696L, -730135017L, -174538491L, 1106460631L, 
-760644743L, -538706766L, 1882042954L, 1813594525L, 263508553L, 
-1355676285L, -673466708L, 177653645L, -760099816L, 341950401L, 
1463783499L, 141045174L, -865444518L, -1425643891L, -415228495L, 
1007676224L, -909767353L, -607973715L, -1461438796L, -1401774020L, 
1479545114L, 1472056109L, -778181142L, -56103143L, 1095498686L, 
-2128370085L, 1576427235L, 1802262986L, -990011188L, -1532723994L, 
625136817L, 1118198303L, -1141107652L, -1004460070L, 1333001475L, 
-1536147030L, -1838125637L, 1267219061L, 1407509495L, -799617304L, 
