.Random.seed <-
c(403L, 128L, 444422146L, 1303723457L, -1135925718L, 1944173768L, 
1948760569L, 200780483L, 1709554145L, 890598337L, 721362280L, 
-1498493682L, 540771863L, 1218241611L, -868040437L, 1992370532L, 
2010535912L, -1405595005L, -530365415L, 704406096L, 1461910005L, 
1899374711L, -1006631782L, 36869416L, -1646502326L, -926878768L, 
-1907714355L, -1870139897L, 1813084336L, -651676424L, -1526568114L, 
1323996611L, -1986000429L, -432687812L, 2131508644L, -1799702129L, 
1108214672L, 197218782L, -2121075785L, 1849795905L, -398869881L, 
2068706387L, 616830706L, 18969372L, -319330995L, 1403508505L, 
1947085377L, 797137610L, -1235262466L, 410779893L, 804323875L, 
-2072961290L, -546374613L, -785728347L, 979893936L, 1221176558L, 
2134125056L, -1208857934L, -1519771785L, -2016461003L, 78027422L, 
-433440058L, -1137177244L, 651644065L, -117997383L, -766305650L, 
-1087952434L, 1759617517L, 246647582L, 10368140L, -82350451L, 
-2034881857L, -2094534739L, 411484605L, 1654002692L, 1607790666L, 
-1528676925L, 1032165231L, 531323135L, -18208792L, -790567564L, 
671240935L, 1926443757L, 1582303668L, 544334977L, 1075721875L, 
-1559124970L, 807810124L, -94402306L, -1152595916L, 1410624113L, 
-1289034117L, 1303741284L, -1765520588L, -943725830L, -951874785L, 
-457862713L, 517798232L, 1229419312L, 2045052299L, 931762532L, 
-845498654L, 1484946571L, 562676941L, 1084634739L, 871121919L, 
346911902L, -571589800L, 704828313L, 1877176637L, 632887029L, 
1855120110L, -480170070L, -494202727L, -928020553L, -509042010L, 
-577466946L, 1433667623L, -659045465L, 1893907105L, -121947978L, 
1175647005L, 49037085L, -1866508125L, 391343261L, -2143316098L, 
1235619893L, 1796574820L, 640729797L, 424567611L, 514771258L, 
-193400351L, -59726129L, 2119905298L, 772823366L, -1383784660L, 
-131922601L, -1426707250L, 1155935098L, 603544512L, -1081972580L, 
-1288296837L, -450930430L, 2143095329L, -1198805804L, 1195699270L, 
-1233536747L, 1959346636L, -89987892L, -1690931135L, 1945127425L, 
-1205091957L, -1720238488L, 1086797051L, 311154475L, -1014431059L, 
153830079L, 209018244L, 1165933867L, 2024197818L, 1216966603L, 
963090749L, -2113128284L, 932847127L, -278330739L, -956202132L, 
723992416L, -267562682L, -413137927L, -1809646908L, -1575048728L, 
431158202L, 1418056366L, 1376730518L, 625344050L, -1641679029L, 
1997773507L, -1100604479L, 1547525411L, 1371696292L, -656466615L, 
-441313056L, -2016641411L, -1256020723L, -970504785L, 720629420L, 
452376041L, -2063109771L, -1883564730L, -61793555L, -875294333L, 
-1877244332L, 1400088712L, 866184086L, -515963382L, -1239199677L, 
1292959392L, -1977979499L, -1269090972L, -541893088L, -643284698L, 
-1580158601L, 1111117214L, 1969928526L, -411018097L, 343561432L, 
199730276L, -1106933679L, 2075312305L, 1823710875L, -881165979L, 
2000203294L, 900062539L, -1493728786L, 1221437347L, 744668887L, 
567619945L, 1787380722L, 789015831L, -1042214205L, -982948204L, 
-667824009L, 1773344261L, -468266702L, -1745711090L, -1362228216L, 
-1375316724L, 2061095933L, 1073996114L, 849931603L, -815336854L, 
-680894134L, 1175882672L, -873757923L, 1040480732L, -1526850044L, 
96020909L, 421275266L, 1528183190L, 1876531775L, 1020178183L, 
1214537645L, 1019871175L, -1921070360L, -1741946667L, -1677204460L, 
-1027058383L, 2137617297L, 926333227L, 1061816824L, 389342453L, 
1052140313L, -1411626790L, -1475125223L, 1256056711L, 355523096L, 
-1103100628L, 1180289762L, 476142414L, 911548919L, -204475076L, 
1923290425L, 542481208L, 46234228L, 449851746L, 2082593187L, 
1642926970L, 1562581234L, 386868563L, 334061316L, -1013391352L, 
-190971131L, 2016936533L, -1636198041L, 933508841L, 1915532770L, 
898262551L, 487031906L, 281734439L, -194371333L, -1808369995L, 
-1900130802L, 2124857843L, -1724564969L, -1887295290L, 1687676744L, 
220984042L, -794844668L, 906501700L, 1103020773L, -1043758790L, 
635580010L, -542517757L, 420903111L, -759441328L, -659251405L, 
-1028170633L, 1991151661L, 1121210351L, 415687000L, 1783770981L, 
-1404732649L, -912768173L, 1610300615L, -2056668065L, -1311621810L, 
986599439L, 2043249321L, 859476746L, -2013450842L, -1346900527L, 
-483294574L, -882750194L, 1057390078L, -1844087584L, 1766446711L, 
-1796817028L, -581563230L, 409870276L, -690307950L, 740162602L, 
1518788011L, 623763060L, 828478668L, 701207137L, -130512479L, 
-826309242L, -1308827615L, 260585233L, -170289857L, -497630299L, 
-858509614L, 840742623L, -2024529643L, 1131007673L, -1959114279L, 
-15018687L, -1763430120L, -1338860387L, 2000335991L, -1416327388L, 
101353228L, -196443173L, 1900685948L, -1354855892L, -1265796004L, 
868284242L, 73473045L, 553158058L, 49675404L, -1771837386L, -1321300272L, 
1742171096L, 1662846649L, 739364406L, -229094762L, 231872351L, 
848855123L, -1374417500L, 1009773367L, -588772357L, 1492656537L, 
-104503461L, 1149307940L, -1152210119L, 227556603L, 1590366175L, 
168193915L, 2067644915L, -840114982L, 628424579L, 234116973L, 
2045913070L, -113904262L, 79980549L, 1244826054L, 1624439762L, 
317795970L, -841732812L, 952453251L, 2110133480L, 715952158L, 
-1267554552L, -1610753946L, -1126281050L, 127752567L, 1532561992L, 
-2104879200L, 361081205L, -1836364683L, 2121198962L, 1016282637L, 
185863805L, 2140814563L, -41563671L, 628625718L, -1588156997L, 
-1256621231L, 2021823869L, -1991325307L, -2025840454L, 319902L, 
-1474792123L, -298121878L, -1287476663L, 1747805980L, 1672629633L, 
1141953067L, 954215411L, -1774369546L, -615535450L, 1163042652L, 
1773916531L, 1825309920L, -1141103312L, 243801107L, 599584515L, 
-1844910825L, -1981949818L, -1794049853L, 618918954L, -1795775245L, 
-649489914L, -2004884864L, 1652321692L, -1185758957L, -133420649L, 
1492026589L, -502018472L, 1142225031L, 1698416481L, 306882376L, 
-1147547616L, 1263590868L, -1787457221L, -1913228728L, 1553510907L, 
-1091125318L, 1498021375L, -1420116423L, 1056886573L, 1049568072L, 
1765618448L, -122349398L, 44294393L, 49664890L, -1382722610L, 
744373637L, 1261317277L, 1637137913L, -1547387176L, 860313669L, 
-1413506088L, -1822288971L, 108584864L, -1219349374L, -278694166L, 
-134639023L, -953814083L, -21074249L, -2027848910L, 38318821L, 
-1394354885L, -1661713834L, -594165170L, 530220418L, 1805989817L, 
-688678378L, 530042981L, 1137203344L, -2113786443L, 506228151L, 
141183775L, -1503690390L, 242564866L, -462632904L, 98599359L, 
117528276L, 2101962860L, 1279256119L, 1943053855L, 234096011L, 
577084458L, 1931931231L, 2083139766L, 1514260503L, 1610539298L, 
1296419220L, -1586592976L, 489566647L, 38991251L, -2026135935L, 
1990133572L, 1916063915L, 656633869L, -791186284L, -208243924L, 
-1089667216L, -1116345705L, -951502596L, -1565468209L, 712564070L, 
1713061243L, -1477614499L, -418285647L, 474073300L, -2100541068L, 
1272161678L, -476667875L, 1646495014L, -2024895518L, 75791951L, 
-1322591462L, 572054198L, -275316218L, -1536999825L, 497089901L, 
-2117605701L, 734517759L, 698857859L, -1523362074L, -1052399981L, 
-853965444L, 1132615544L, 1282656386L, 335355910L, 1080592927L, 
-1041680354L, 1323200235L, -645135505L, 1179550889L, 2111900998L, 
-1813048042L, 1652588240L, 659650060L, -384216680L, 1710314901L, 
-296120694L, -418370023L, 6300189L, 585040913L, -1157963079L, 
58039906L, 2024903497L, 1268688044L, 520892944L, -1495827536L, 
-1045054783L, 1088462983L, 1255847981L, 782116905L, -679783951L, 
1104577016L, -156483103L, -867036778L, -1109912390L, -507156704L, 
-1498069428L, -1863148403L, -519123384L, 820750493L, 1737551081L, 
-659484253L, 139809560L, -1703169576L, -525222958L, 926050534L, 
788829334L, -500312929L, 1365399132L, 528553730L, 750642009L, 
1175126060L, -279084948L, 970457898L, -1504532992L, 188024960L, 
709606880L, -834075563L, -594504257L, -754264948L, -650435306L, 
-993527789L, -46588530L, 377585658L, 1284113207L, 26186381L, 
457237966L, -1724715487L, 931181269L, 295296533L, 1683824565L, 
1811102173L, -2055704915L, 1709053374L, -833086822L, 2008682499L, 
-1033866503L, 1644579972L, -1159199535L, -2042754011L, -256231110L, 
219265284L, -280638257L, -665455786L, 953974030L, 2101709564L, 
