.Random.seed <-
c(403L, 10L, -479803490L, -2142824087L, 270760347L, 2077346986L, 
84105932L, 2119033743L, -959686715L, -1583375492L, -1154210862L, 
-1355992243L, 1824174599L, -887696914L, -1932497720L, -781999157L, 
755263017L, 64875640L, -1559352922L, 1141394369L, -436975533L, 
265395970L, 1347324468L, -2058592329L, -1863163987L, -1159840572L, 
324972778L, -803330219L, -1392281361L, -1376325898L, -898475488L, 
293883875L, -501078911L, 1119204080L, -454846066L, 1658238713L, 
546522251L, 561065146L, 2140235708L, -529230593L, -1833240491L, 
2098072428L, 1853219778L, -820780003L, 101848215L, -13098498L, 
1464951224L, -616288869L, -543919111L, -1118618808L, -2116249994L, 
727289777L, 1302671843L, 995997362L, -139834620L, 1185888327L, 
-5820643L, -1183418988L, 867424570L, 1601209733L, -1651519905L, 
1442830566L, 622713712L, 1451555987L, 1691609393L, -1279578144L, 
1441043582L, -1785161975L, -2077664965L, -124273398L, 790082796L, 
1213702511L, -1890670939L, 1748170844L, -98676686L, -577829075L, 
-906705433L, 60897550L, 1428037352L, 1668165867L, 591868297L, 
1840312600L, 521077830L, -1668215647L, -1485106381L, -637486430L, 
560042388L, 1104502807L, -791169011L, -1182487260L, -1046079222L, 
1695477877L, 1372265423L, -1703047978L, 227949696L, -1206492477L, 
573623393L, -1726927664L, 648134190L, 2117648345L, 1515626475L, 
401290842L, 1716244508L, 257781023L, 1674087797L, 1985838092L, 
-1978081822L, -1729487171L, -1036191433L, -1291690530L, 2133472024L, 
-677479813L, -303482855L, 1986375848L, 1182528086L, 1626750673L, 
1390300803L, -133642990L, 824553636L, -413421465L, 1629356477L, 
1633061684L, 904495258L, 150111973L, 1712402559L, 1618618886L, 
-490433136L, -790468557L, 79316945L, -927380096L, 932888670L, 
341897129L, -1412434341L, -2087630230L, -34539764L, 2000503119L, 
-627041787L, 1509976252L, 874135954L, 1477286541L, 2049886407L, 
1116831150L, 702998536L, 199228427L, 1716508905L, 1212544952L, 
1752977510L, -386621183L, -1598195821L, 686000194L, -995483660L, 
1516206583L, -472109587L, 712097412L, -453877590L, -1511915L, 
-853093713L, -762025802L, 927590112L, -741631453L, 747832641L, 
-1504495568L, -1223695794L, -2120120647L, -869006645L, 2109846394L, 
-1775967620L, 1692325567L, 1960304533L, -1328752724L, 1449174402L, 
677792605L, -1740536233L, 275076414L, -486537864L, 985151067L, 
235815353L, -490355704L, 1035353782L, 2094870001L, -140876765L, 
-348242830L, -1724031292L, -275908473L, -1878123427L, 1826095700L, 
-1967990662L, -1620886587L, 1252887839L, -289891162L, -1022243280L, 
-1754860333L, 235453169L, 92875296L, 1534676158L, 1451235529L, 
-960804229L, 1334018122L, 1567936684L, -1092532305L, 1395995493L, 
1683466524L, -1997762190L, 1159033325L, 2022856231L, -1450912178L, 
-1275807064L, -1167075157L, 40657353L, -1500336680L, 2133720198L, 
1221304673L, 1783014643L, 433335138L, 1912153556L, 779038935L, 
213623501L, -1256684956L, 472651850L, -2056016459L, -2004324081L, 
903925270L, -1836169024L, 48709251L, 1349319329L, -1448547184L, 
-462608530L, -452058855L, 503620011L, -1857037300L, 95212636L, 
2102936786L, -1983073280L, 555198292L, -1811768856L, -968006662L, 
332014288L, -2024092372L, 1137951988L, 1401377682L, 948524128L, 
-221497076L, 1252307680L, 7798114L, -886999384L, -1816535476L, 
-1882025092L, -807837902L, -1317696912L, 2132373828L, 15591384L, 
-1047579526L, 1746324016L, 569202364L, 704726868L, -846236094L, 
1332598688L, -1227307844L, -708439600L, -802295454L, -506408984L, 
-808717364L, -52791556L, 699446258L, -458306432L, 670927092L, 
2144755848L, -1832586950L, -1328444592L, 1623511148L, 556756116L, 
303437138L, 1528953568L, 1652358348L, 1102406816L, -984201854L, 
1688163560L, -39623444L, -1775228868L, 719613042L, -50574224L, 
-2015686108L, -87198152L, -1684299238L, 80973008L, 112168508L, 
-1990539116L, -1103563646L, -1369230400L, 1886325052L, -1671426416L, 
1386271778L, 466042888L, 2092991628L, 1530919964L, -2047897454L, 
797514880L, 418712596L, -1380604120L, -1499672518L, -1793828656L, 
-1709932436L, 1092359860L, -807142382L, -1831447584L, 867804108L, 
-1938306592L, 1428903970L, -882832088L, 1775583500L, 33653308L, 
-382818062L, 335097072L, 1476337476L, -1042989992L, -1133576646L, 
531175664L, -1219230020L, -684465644L, 608068802L, 794974816L, 
684712316L, 1982225616L, 610791458L, 1043608744L, 577352076L, 
-1416515140L, 146353202L, -955412672L, 900303540L, -741278392L, 
1828910778L, -1285002480L, -323020564L, 1066019924L, -926977262L, 
1232367008L, 643598284L, 1854364512L, -908849982L, -85954008L, 
621354412L, -791850180L, 1864925042L, 832589616L, 527313956L, 
2074989112L, 1898026714L, -312654960L, 1284030716L, -1301182060L, 
1766058818L, -1396035072L, -863022020L, 616630864L, 2084410530L, 
742774600L, 458925580L, -1929492772L, -1780137902L, 1944240256L, 
-1910037676L, -1547668504L, -49151238L, -286707888L, 1521373228L, 
-1647054476L, 645544594L, -382692768L, 1667263628L, -735994528L, 
1213153506L, -1485829976L, 1938399948L, 571729404L, -1173112910L, 
-1942372368L, -1118921276L, -1147176616L, -104354438L, -44192336L, 
-144188996L, 612436564L, -1593991742L, 545848096L, 1602067388L, 
318841936L, 625084386L, 58714984L, -759761076L, 685890300L, -952642830L, 
-1223646976L, -2096380812L, -60704248L, 1711444410L, 506632656L, 
1278940140L, -884189292L, -1529416494L, -504262560L, -1883035316L, 
-1911714016L, 1301074562L, 2139722216L, 767128556L, -1789059524L, 
-124714382L, 882018160L, -387423964L, 224906808L, -1416159846L, 
-1246480944L, -133606980L, 697952916L, 1597462146L, 1920334272L, 
-1039016132L, 278464144L, 1391883042L, -291779064L, 1361532684L, 
-1073832036L, -2118367214L, -1464962176L, 1981849364L, 1839323432L, 
1203054650L, -100161584L, -1457118612L, -778423244L, 1254448274L, 
897557856L, -622063284L, 906449376L, 2028160930L, 1872375720L, 
2051472524L, -730162244L, 568230002L, -403942416L, 359723076L, 
-525347752L, 1086306362L, 1133449328L, 97692220L, 1845623572L, 
-1743450430L, -1585332512L, -837536644L, -1490493232L, 1790038946L, 
932291112L, -281649908L, 199191484L, 1539632434L, 591230806L, 
438273332L, -344814523L, -550357873L, -1359207928L, -953180634L, 
856123091L, 1498781749L, 1192834962L, 1570817888L, -1236041015L, 
1987773947L, 2081403340L, 1561442394L, -1589557937L, -842953703L, 
1663423022L, -1715679172L, 1143469485L, -102939049L, -341723232L, 
1650906366L, 1991337931L, 117043661L, -813824774L, 1055819576L, 
631854305L, 492173203L, 1058483124L, -90496830L, 320173271L, 
-1049927391L, 2050451686L, -1386062364L, -981812971L, -1909280449L, 
-242787112L, 762893558L, 1111666435L, -391378875L, -957126558L, 
1083269072L, -1439488775L, 962194987L, -210388580L, 959187402L, 
1451887295L, 1508817929L, 20987166L, -1747017524L, -1039465315L, 
-1473291993L, 1688675152L, -1052738066L, 670124699L, 1112513789L, 
-1738603542L, -256830328L, 1595468337L, -642212701L, -1152270172L, 
-814796462L, -1029927769L, 1816291569L, -999866314L, 233906388L, 
1027855461L, 707726959L, -970985304L, -137486842L, 1228734259L, 
-504874091L, 561434610L, 2096770112L, 732222889L, -1371915237L, 
-1850639892L, -1548492294L, -770406865L, -1162354119L, -225461170L, 
1433871516L, 1195349517L, 1782045303L, -852432256L, -1411055394L, 
492768171L, 1812391085L, 2118547738L, -968282664L, -1232660927L, 
166825203L, -1927537900L, 1597766306L, -1446292553L, 295473025L, 
-844696186L, -1846356028L, -436946187L, -2090152097L, -374353480L, 
-1458509674L, -1765699933L, -1941950363L, 249333122L, 207435504L, 
1535732377L, 1164906123L, -2039042180L, 879124906L, 570354143L, 
-1770225815L, -1897773186L, -306196628L, -718801987L, 390602887L, 
-1545446288L, 839718670L, -1931572165L, -1251327203L, -98571830L, 
-1510403352L, -1819372079L, -1813600317L, 630599876L, 519401330L, 
-821259705L, 418886161L, -452215914L, -249590028L, 1106419845L, 
1523500495L, 1861996744L, -93865626L, 2133777299L, -1293662987L, 
-746752814L, -1481694432L, -2122040567L, -1964999621L, -2102615668L, 
