.Random.seed <-
c(403L, 10L, -989550940L, 2078165130L, -618746123L, 793751887L, 
-99484074L, 1786471680L, -1432698813L, 1473049569L, -1541616816L, 
-305160786L, 1740796761L, -1519077013L, -409968422L, 1951173020L, 
1341527455L, -1855199243L, 358344332L, 1010635618L, 1106295613L, 
2049747895L, -915414946L, -1449345640L, -1020630789L, -1944030055L, 
-1039739608L, 217953238L, 506341457L, 489417475L, -1819956590L, 
-148359132L, -1933654297L, 2115975997L, 664839092L, -1440026598L, 
1343918949L, -2002768385L, -1003970426L, 1482451984L, -2020438349L, 
1977310545L, 761591040L, 924131294L, 105356329L, -488309797L, 
1117192426L, 1596657292L, -1816538673L, -846764667L, 86588988L, 
1955156754L, -2071400435L, 946631495L, 282773806L, 13443208L, 
217130379L, 1821572457L, -1612763336L, -1466543642L, 35652993L, 
599103763L, -1364060478L, 1732153716L, 422127991L, 176937581L, 
-177974012L, -427691990L, 1745956245L, -1158532561L, 1370439478L, 
-2080522400L, -2004597341L, 404188865L, -1623308624L, 179708366L, 
-1094412999L, 373967179L, -748422406L, 1076820988L, -816055233L, 
196912405L, 1846398508L, -1260498174L, 1556803549L, 746744535L, 
-140106306L, 130752504L, 168729563L, 224220729L, 1736097672L, 
-799572170L, -611402383L, -238577757L, -1944166670L, -1128692156L, 
-768218873L, -879251235L, 2101319124L, 498911482L, -168185787L, 
78567583L, 1064665638L, -1001400656L, -52593837L, 269473393L, 
-1938629728L, -1070200002L, 310923849L, -715012357L, -606193974L, 
1657129004L, -88453073L, -2137149211L, -1744004708L, 1603445746L, 
-1189159315L, -1208022105L, 482850254L, 699032360L, -150984405L, 
515273545L, 797710424L, 1253342470L, -408184607L, 354193523L, 
-743887646L, 336002132L, -2036301481L, -1096015539L, 2013263076L, 
1940900042L, -2024118987L, -1273394289L, 506433686L, -1489792960L, 
-1887241981L, -774269663L, 1781036560L, -405461522L, 1640159641L, 
-81963477L, 992304922L, 2491868L, 1951263711L, -1678992459L, 
391791948L, 1809003426L, 1393654525L, -676346889L, 1424833822L, 
-1378615336L, -538668741L, -1372469543L, 182155880L, 1638730646L, 
-1950404847L, 198236355L, -1692079918L, -652145308L, -505442137L, 
855655933L, 957552628L, -302079782L, 21787173L, 1482977087L, 
-965911354L, -1221815984L, 1235042675L, 1596369809L, -1645191744L, 
-1627449442L, 2074863977L, 1495230875L, -282952534L, 1429678796L, 
2106717071L, 690948037L, -1115305092L, -1638444078L, -2001763507L, 
-883998201L, -1222049298L, -1105847096L, 620311499L, 283153961L, 
-1836032904L, 444979622L, -1869825087L, 166230099L, 2146594562L, 
-1678247372L, 121016247L, -916516947L, 331656388L, -615309078L, 
-551504043L, -344069905L, -305045770L, 566602272L, 1701887971L, 
-57461631L, 1625080560L, -256161394L, -556456199L, -497044341L, 
181148858L, -283314244L, -836623105L, -1837373355L, -1123263636L, 
251786178L, -1163463651L, 1270670487L, -1295076866L, -776482376L, 
1588419995L, 1280566265L, -1136964792L, 1856128630L, -1094352975L, 
-2010242589L, 790570674L, 2091686660L, 546285639L, 983187229L, 
1668933012L, -168990406L, 464926085L, 1567043568L, 898294460L, 
1924207892L, 1406868674L, 1584753760L, 2050766204L, 1262473168L, 
1659461922L, 2002327208L, -1233291380L, -1870531396L, -29947086L, 
151356992L, 1760138420L, -1188707256L, -2033629766L, -577000944L, 
322567404L, -1907097260L, 1428878098L, 56429984L, -1878754612L, 
1927821920L, -1776721982L, 156775208L, 1687280044L, -1919554244L, 
2034908018L, 1624751408L, -608254172L, 191579448L, 463890138L, 
-1011613808L, -1387529476L, -1472509036L, -1744739262L, 1451472128L, 
513153084L, 850099536L, 1388459170L, -1211995320L, 241540876L, 
-381878564L, -1401876654L, -610830720L, 553179220L, 2144691176L, 
-1783489798L, -2047998640L, 1953967916L, 1775690612L, 1262187410L, 
-2124873120L, 675608460L, -659949728L, 1276982242L, 703065000L, 
-1668088628L, -1969522180L, 951322546L, 608278000L, 310883780L, 
-1863399080L, 77290874L, 222543280L, -1269615684L, -78471084L, 
-1215639614L, -1542270944L, -1592143684L, 1811630672L, 1037219810L, 
581852776L, 1014517324L, 699842812L, 1835796466L, 336471296L, 
757764980L, 2014171144L, 119493050L, -798773808L, -303221780L, 
-1354962028L, 2100997074L, 1030375264L, 579641676L, -1362038496L, 
85483394L, -1796192536L, -1585170196L, 1781962300L, -1725820046L, 
2035029616L, -1486183388L, 1745633080L, -599852902L, -139043120L, 
1885936828L, 146377364L, 59314818L, -331325248L, -1496410820L, 
279509136L, 871970338L, 1662169608L, -1102136052L, -711159140L, 
-337574382L, 354011520L, 1164384788L, 938855976L, -1985498822L, 
376372176L, 542981740L, 569791284L, -691498350L, -1068669600L, 
1091837260L, 1699927008L, 1771220898L, -1843167320L, 1026574220L, 
415681212L, 461706098L, 892627184L, 693503044L, 1909933400L, 
-681344966L, -1994845328L, 406451260L, 454007572L, -476043838L, 
-1661969184L, -1631617156L, 1001903824L, -341710174L, -2091252696L, 
-154242804L, -1814160452L, -953410254L, -581990464L, 691869236L, 
-203627576L, -743490374L, -85622896L, 959185388L, -1808862124L, 
-378516846L, -242898144L, -1945507380L, 37393376L, -1765110078L, 
-131148248L, 292458156L, 1832402620L, 427377138L, 1709470000L, 
-1212176220L, 836917944L, 1657788250L, -1068872304L, -658416260L, 
-108967660L, 1197393218L, 2021274368L, -1495276612L, -1088359600L, 
925900066L, 1020430664L, -610444276L, -1145195428L, 81560786L, 
1078272L, 904791892L, -1505003032L, 1126425594L, 1554350800L, 
-658944724L, 1385727220L, -957099118L, 182162528L, -1953457908L, 
-893807904L, 1869929826L, 927397544L, 96009804L, 258855804L, 
1212792626L, -336115088L, -505425596L, -638498856L, -878046086L, 
-431740368L, -760465732L, 227886932L, -1463069118L, 1265342368L, 
1785029820L, -1264102960L, -317804190L, -1727541272L, -1220357172L, 
1848276732L, -258272270L, -1196364672L, -615126796L, 591798408L, 
-426094278L, 1822411600L, 1791594604L, 832302228L, 1030116690L, 
304765664L, -283632436L, -368081760L, 786957698L, 1687500008L, 
1950311660L, 184371260L, -434099086L, -745165712L, 485823012L, 
-2058455496L, 1813381658L, -803443504L, -1961693636L, -247535468L, 
1818150189L, -1414981222L, 238032728L, -2006245695L, 531464563L, 
-924431724L, 280137506L, -2034591177L, 1743154945L, 861849094L, 
-1370022844L, 1138400629L, 470524127L, -1962204104L, -157301738L, 
1435821091L, -1260502043L, -907835902L, -1072305040L, -1126434279L, 
1667437579L, 1539307260L, 577195818L, 235815263L, 958552297L, 
-925138946L, -636791828L, -1730291907L, 725043975L, 1735033584L, 
1946552974L, -1511668549L, -630992739L, 1499798602L, -1732557208L, 
1681205841L, 2132236611L, -820170684L, 711082738L, -623924537L, 
-461240175L, -1005070826L, -1194167180L, 919482117L, -951493297L, 
-402522296L, 87791334L, 1147361299L, -1612431499L, -197726382L, 
1123944352L, -1711160695L, -624957765L, -955046644L, -597038950L, 
-1167667697L, 1318390361L, 1274242798L, -2030520964L, -1468926483L, 
1820250775L, -751014560L, -593839810L, -1899314677L, 2026256013L, 
1113856954L, -1831120392L, 1491746209L, -74493101L, 1817410164L, 
1168301058L, -1536455017L, 2038249569L, -806300506L, 491439268L, 
-902085291L, 278130175L, -894450536L, 1268683190L, -1760056765L, 
-732950651L, 1779026978L, -1116971248L, -595764551L, 1659375467L, 
-1702678948L, -1106521206L, -1627944065L, -478988599L, 698351454L, 
1260528652L, 1021674461L, 1874798311L, 1420723984L, 1431098926L, 
1154518235L, -1244421699L, -1334657238L, 1462970312L, -524821263L, 
-855715229L, 1705801316L, 1883422098L, -1393698201L, 1360409137L, 
789618550L, -1325939564L, 850655909L, 1065433007L, -1007336344L, 
1814505542L, 1957371379L, 1050728789L, -1107104974L, 1465061120L, 
193813481L, -1701763493L, -317032276L, 31370938L, -1800541073L, 
-1726256647L, -815526770L, 920364380L, -559065651L, 477944119L, 
-2107980864L, 254409886L, 356835691L, -849045267L, -988970662L, 
1533139480L, 1208690561L, -1825299149L, 334465876L, 814783842L, 
1269366263L, -1610238399L, 232583878L, -2055838716L, 755381173L, 
