.Random.seed <-
c(403L, 11L, 1694597777L, 1028061888L, 337960094L, 323817577L, 
-1001337701L, 90768810L, 1761027532L, -1874294641L, 274876613L, 
892029052L, 1712325842L, 596794445L, -1505620729L, -527945490L, 
-1774739000L, -582048053L, 833926953L, -1484095624L, -1004690266L, 
-1894144319L, 1490231123L, 411737090L, 332966196L, -84041033L, 
-316260691L, 643870660L, 1593415658L, 369801301L, 451159535L, 
-956559882L, 1742797600L, -1344957213L, 1173983617L, 1620240368L, 
1051788942L, -1487836679L, 1075733387L, -1326731334L, 73072316L, 
635901439L, -950643883L, -269015956L, 94191810L, 1463231261L, 
-310822505L, -1317093122L, 700134072L, -1496224613L, -1671251207L, 
611331144L, -2076651658L, -1905059151L, 88390371L, -36734542L, 
-472831484L, -439467705L, -544838627L, 591717012L, -1137259974L, 
680871045L, -81233569L, -921241114L, 1871300720L, -2017633389L, 
-819540943L, 79053536L, 637768574L, -1188476407L, 551338555L, 
-1781023734L, 1646863340L, 1901414511L, -1916983387L, -1638256804L, 
-137661646L, -1070646739L, 47692007L, 941103630L, 1004161000L, 
1339955691L, -109196663L, -1433902568L, -1291335354L, -1666685023L, 
-395744717L, -1428600926L, -1956461932L, 388241687L, 1766098701L, 
586169892L, -1747048950L, -2091737227L, 2086759119L, 2101571030L, 
-992370304L, -446137917L, 168177505L, -941451824L, 1702888750L, 
-1473612583L, 1863519979L, -919852198L, -743158500L, -945714145L, 
211726453L, 1573235980L, -1627291422L, -2110486083L, -394211785L, 
1277617374L, 2004344856L, -305569925L, -445743335L, 418808744L, 
-1518537898L, -649614383L, -2104737917L, -725530094L, 1740963236L, 
2015480167L, -1326426435L, 496107060L, -1997085286L, -698531355L, 
251325823L, 957777158L, 810000016L, -298248397L, 889087185L, 
1970216576L, 1537927006L, -852507479L, -1998833829L, 1256623466L, 
-1419542516L, -32147377L, -666832635L, -1898427972L, -1189765998L, 
33417101L, -234004537L, 370885806L, -787028728L, 578114315L, 
1128545769L, -1690137928L, -1639117466L, -1831369215L, -612044653L, 
-1133016254L, -1353300748L, -263802633L, -251762451L, -323728508L, 
-1184840278L, -2095850731L, 1888422319L, -990639690L, -384798752L, 
-1519223005L, 1820438593L, 1323035440L, 482386254L, 327898041L, 
-1060141621L, 2112206458L, -291079300L, 837047231L, 287800469L, 
-893058388L, -93642622L, -107827107L, 1297123159L, -165889474L, 
1839484536L, -896668325L, -1046029127L, -416434936L, 1820866486L, 
589815025L, 1575418659L, -418873998L, 257054660L, -1525632121L, 
975197L, -1266868396L, 681174394L, 721363141L, -897687009L, -2107087450L, 
-1365784784L, -1198043693L, -65553423L, -2066973408L, 42818494L, 
-1256860727L, -143514757L, -444776118L, -181023316L, 1437497519L, 
840352357L, -436012516L, 1644262514L, 243968749L, -761907417L, 
-1156779186L, -728794200L, -1491828821L, -1074721591L, 1284250840L, 
1884873094L, -1773094815L, -1663780365L, 1797351522L, -1109647660L, 
292407255L, 861574605L, -667192988L, 1496003914L, 1029321909L, 
433738767L, 969288982L, -1252337728L, 555516803L, -1886883423L, 
-475046512L, 701591150L, 1890160418L, -1984543416L, 1676142092L, 
-2119896996L, -2128283438L, -1533073920L, 205105492L, 1247966696L, 
1581339642L, -643957552L, 365357356L, -508913932L, -1876052590L, 
1173086304L, -536451828L, 903516896L, 1136645474L, 2011450024L, 
-2064354740L, 604368252L, 1042338098L, -526771088L, 945677124L, 
184637912L, -770757510L, -1009246672L, 349319868L, -827536556L, 
1713864770L, 1647757728L, 1858811580L, 1778234832L, 1670630754L, 
-10698776L, 290656204L, 1709316860L, 1110838770L, 529958016L, 
883359988L, -1552293240L, -202038470L, 1392131920L, 1270215276L, 
-731350892L, -674733742L, 1916626656L, 481410764L, 1892778144L, 
-819148926L, -1832114456L, -544629012L, 1757839420L, 179777138L, 
502111344L, -1584987612L, 1541484600L, -1093806054L, -813246768L, 
-592094148L, -1080130412L, -1386076030L, 1637257152L, 202524988L, 
886476432L, -1400403934L, -1592424440L, 1656667276L, 918639644L, 
155845266L, 2062995584L, 1042441236L, -403324632L, -1014597062L, 
28873936L, -2137342868L, 1515151028L, 1624746002L, -1429229600L, 
1641442252L, -252213792L, -573441502L, 2122741032L, -1613959924L, 
1449985596L, -925230862L, 211175152L, -1969742012L, -1092909480L, 
1538222650L, -724087056L, -506005316L, 222673428L, 1220902082L, 
-153449376L, -734810756L, 1198651600L, 1411312674L, 1105979048L, 
1249946508L, 707712444L, 945300530L, 1930678080L, -992598860L, 
1014832968L, 1101550266L, -980795632L, -629160724L, 144903252L, 
-370725102L, -756187232L, 995443660L, 1763908448L, -862059326L, 
-968458712L, -1298154068L, 994962236L, -1791797390L, 675659568L, 
287020580L, -705172424L, -1985615654L, -2044527216L, -1559127300L, 
644531092L, 556146498L, -563730944L, 54849084L, 1075073616L, 
2019737250L, -2025690296L, 1727160844L, 2011076828L, -1542612398L, 
-1521207168L, -519249068L, 1099681256L, -1851715846L, 1948781392L, 
-1647342548L, -20817548L, -2114349422L, -1652523424L, -1188096372L, 
-1607182496L, 1336107746L, 1987023016L, -1998005044L, 1808249340L, 
-500725838L, 1231759856L, -1942383164L, 907539288L, -282374278L, 
1308009904L, -1070875204L, 1954884692L, 378531778L, 1025881888L, 
-926694468L, 2129100368L, 662190562L, -610261656L, 1219499340L, 
-2115642116L, -1854291214L, -1826559232L, -1137160588L, -830129144L, 
1404029370L, 1041681360L, -1376119316L, 1425432468L, 400707282L, 
1375218272L, 1822053708L, 1389637920L, -1661335934L, 714065384L, 
339123180L, -1310328260L, 218982002L, 1593564016L, 256530724L, 
1727875640L, 934857114L, 1757572560L, 1140403644L, -594590572L, 
-245002110L, 1748014528L, -976156868L, 518756496L, -1561498846L, 
1099047432L, 746086668L, 621832604L, -2064197102L, 1207631744L, 
-1234234604L, -1485997784L, 1768013882L, 885060560L, 399427180L, 
-2097597900L, -1908681070L, 1332522336L, -1265344180L, 1324012512L, 
-286400094L, -869850712L, 1400979084L, 1804408252L, -218668430L, 
-764113936L, -2036843964L, -946216872L, 1260278842L, 267132016L, 
2088256572L, -1235722988L, 14697154L, -575195424L, -434996100L, 
-172875056L, -1578843742L, 459011112L, 876836620L, -620006777L, 
-1937799471L, -537513898L, -1481273292L, 1713058629L, -93863537L, 
-845960952L, 1738797862L, -103380013L, -1083183819L, -1066685294L, 
-1575590816L, 1075233225L, 102267131L, 1482868428L, 645528410L, 
-1253867953L, 1346140953L, 1235879214L, 1566965564L, -2110538579L, 
-1638469801L, -2067012960L, 726543358L, 295160523L, -205566771L, 
-651440134L, -580279240L, -1274968607L, 1798172307L, -450003788L, 
789505474L, -1050577449L, -45344223L, -304920090L, 533700836L, 
-132677611L, 583852095L, -258936872L, -521448970L, 703115779L, 
1047618885L, -1954385566L, -1251484976L, 700888569L, 1167179051L, 
-36086116L, 689360074L, 1506272703L, -2007451383L, 864180766L, 
2081511372L, -1392474723L, 1400315943L, 1902087760L, 1885469422L, 
209724315L, -114724355L, 418301162L, -1556639864L, 1616955697L, 
38058403L, -2023658076L, 319967314L, 53937063L, -2031085583L, 
-2142260426L, 1138409428L, -1906424475L, 907127151L, -145353816L, 
-1231357690L, 1318492211L, 1732062869L, 1145218802L, 2024830784L, 
-591993687L, -1092937445L, -1610440980L, -318373126L, 25611055L, 
1449349945L, 247137614L, 1215984540L, 1857091853L, 476863351L, 
985673600L, -758579746L, -2034081109L, -53977683L, 820343322L, 
513459416L, -1812387519L, -276344333L, 1019672596L, 1438858658L, 
-1615414601L, 2101302401L, -1508924282L, 1751720132L, -773964299L, 
2063591519L, 183005880L, 2080246678L, -666625629L, -1771631259L, 
1904290946L, 584353264L, 1840583577L, -199600757L, -1989803908L, 
887947946L, 984964319L, -49038743L, 1232173182L, 1623654508L, 
1270519997L, 2104666503L, -672637584L, -926652402L, 1417725243L, 
-1058837987L, 794603210L, 1933445608L, -712712495L, -1259586877L, 
-358764092L, 813520498L, -1139144889L, -886327535L, -759944554L, 
1958957044L, 1694464389L, -1277143857L, 1011740104L, 1785824358L, 
2115936915L, 233163253L, 2072708050L, -257517536L, 2099589641L, 
