.Random.seed <-
c(403L, 10L, 536046330L, 1143483973L, -118204769L, 1185025062L, 
795928752L, 61026643L, -888615823L, -805858912L, -1735152322L, 
1823468617L, 235563259L, 2081292490L, 1643705900L, -2011092433L, 
-1113939227L, -794044516L, 138035698L, 814050413L, -249594457L, 
-986208306L, -1021582040L, -576268501L, -267526839L, 1130447448L, 
-968271098L, 1929344737L, 95150707L, 1992772322L, -2051918252L, 
957513559L, 1609478989L, -1678264604L, -1616939318L, 547518261L, 
294354319L, -676889962L, 1363350080L, 1048384259L, 1870103329L, 
-638688240L, 684819438L, -1003867239L, -183399381L, 1561639194L, 
-1364837412L, 257392095L, 1709615541L, -731617460L, -648258142L, 
1012714749L, 1164038647L, -1702944994L, 1740603864L, -1202062533L, 
-1372762919L, 2068873320L, 557540758L, -1785651951L, 1943154371L, 
-2125943086L, 1635006308L, 824224423L, -971869187L, 1235486196L, 
852230874L, 53376037L, 1338390847L, 1536851654L, -778300592L, 
2069883763L, -1962410607L, 1899372480L, -395069026L, 200287081L, 
1323825051L, -350986582L, 370669772L, -662550129L, 1673215429L, 
2004377980L, 2133504466L, 1927843149L, -1350471673L, -1693704210L, 
-1713707320L, 1141938635L, -1240757207L, -1417176456L, -104740954L, 
1075859905L, -172931501L, -48902910L, -293946316L, 1896258999L, 
1174335917L, 2009764548L, -331561238L, -366270123L, 77151983L, 
-729121546L, 923085856L, -1502155293L, 1127681665L, -591484688L, 
-282220658L, -1558472455L, 372884107L, -584498502L, -993382980L, 
-1363126529L, -486827435L, -1297818260L, 55760322L, -124430819L, 
-743518569L, 1657915390L, -1890102344L, -541536357L, -1700981255L, 
1220187464L, -1914150794L, 1881869745L, -966675485L, 1623355570L, 
1909284100L, 178699847L, -480884451L, 1470810004L, 259263290L, 
-1016146043L, 481330271L, -1535095066L, -1499957904L, 1852030611L, 
-1934899407L, -487768608L, -1609323906L, -135677687L, -341124293L, 
612397834L, -626435348L, 1662588783L, -2087364443L, -432926116L, 
1084842546L, -937998035L, -939552793L, 1650800398L, 734439656L, 
889780971L, 832148361L, -441258216L, 1021186630L, -2009951583L, 
-402746061L, -2055541598L, -322698348L, -1374152169L, 78994957L, 
-1229030620L, -1020369142L, -1174459787L, 1623972303L, 671621846L, 
821429888L, 370804931L, -400169375L, -722452784L, -1558583250L, 
-1696735783L, 340296171L, -700087206L, 100761116L, 1906822943L, 
2003542901L, 806947340L, -1901294622L, -497502019L, -319641801L, 
195899358L, -1774543592L, 1157705851L, -111434215L, -603648344L, 
-2083341226L, -1679976239L, 2135180419L, 863004434L, 1935835812L, 
992890471L, 417447869L, 1991586100L, -1752124774L, -1604144923L, 
2079060607L, -500089850L, 1949912976L, 846049843L, 535456209L, 
2009807744L, 576976478L, 733523369L, 1809087579L, -262052758L, 
-2130371316L, -1260257457L, -1353909243L, -823450948L, -1751420014L, 
-49762163L, -1147009337L, -1445507154L, -1871939064L, 1526218251L, 
-1702332695L, -359689800L, 952381030L, -1605686527L, 56786323L, 
-1724148158L, 564529652L, -1584237577L, 807438317L, -1457954684L, 
638875306L, -2090652651L, -663020369L, 1547788476L, -1753393516L, 
-1599854974L, -510460736L, 1106719036L, -1731538800L, -517985758L, 
1782220296L, -2085879540L, -1941294436L, 1372081682L, -732082816L, 
299425300L, 1160418856L, -2023070406L, 2104887248L, 224596588L, 
-1930877132L, -13188462L, 1768413536L, -904826548L, 1607176160L, 
-1250574430L, -1154361432L, -723391604L, -1721653572L, 1082100594L, 
-1298016016L, -1905133500L, -884466344L, 658068538L, 1642292080L, 
-1414396868L, -207926508L, 1801333186L, 147235040L, 1983747964L, 
-182116656L, 775554722L, 12076072L, 1093454092L, 447148988L, 
-623624910L, -126214208L, -867872204L, -264545336L, 1427883194L, 
199610256L, -1822444052L, -2056355756L, 1340440210L, 1543125792L, 
1231990220L, 1770003424L, -1365474622L, -1045669336L, 2147065516L, 
1216787132L, 858083826L, 1318537520L, 1885883556L, -1979727176L, 
-293033126L, -1458942576L, 1826500988L, -285340396L, 302999874L, 
-1587936512L, -154395716L, -165643440L, -1710669534L, -852779704L, 
-542312436L, -950699940L, 1405920466L, 1344899072L, 1467710292L, 
732357096L, 955422714L, -1349429552L, 1137141036L, -1734194956L, 
-837433454L, 721042528L, -1921876724L, -1414953248L, -198812318L, 
1360216744L, -464102836L, -1703889028L, -1254888654L, 483311216L, 
-1471431356L, -1680933928L, 1459458170L, -381262288L, -1397716292L, 
799860564L, 597776962L, 1685105568L, 988629180L, 1806574032L, 
2098169186L, 2079560680L, -558090292L, 1547106044L, 1095159794L, 
1438915712L, -1242736396L, 622687368L, -1562712774L, 1712767824L, 
722586732L, 1579843732L, -271902382L, -627130656L, -634670900L, 
917731488L, -1155171966L, -618776344L, -348456724L, -908216260L, 
-1855963022L, -1061836688L, 446693924L, -1608007112L, -234108390L, 
-466472752L, 1068742204L, 1811401876L, 1604195458L, 118147008L, 
-676598468L, -1439441264L, -549637086L, 1991118856L, -103572340L, 
910770204L, -1075444590L, -182752128L, -1758895084L, -1412652248L, 
-934955974L, 30026960L, 1820775532L, 1439315636L, -839155694L, 
-244793376L, 1778166732L, -775873056L, 1820593186L, 231068968L, 
348256524L, 989204028L, -83901198L, 8657136L, -604399804L, 1186861144L, 
641753658L, 1091684592L, -1696668996L, 585943572L, 1132203202L, 
-199960992L, 770418044L, -115432240L, -372239326L, 1283188904L, 
-1441866356L, 1763983804L, 1533560882L, 1578603328L, 568565428L, 
-32435896L, 667439802L, -1320247536L, -1334632212L, 613005396L, 
-745945326L, -1418247776L, -135174196L, -85909664L, -1586311998L, 
461311528L, -1493620308L, 1386996540L, 239633266L, -1624469712L, 
1701781540L, -561160648L, 905392858L, -1575356528L, -1432218372L, 
50490772L, 2064368450L, 2088569344L, 665569340L, -1887215024L, 
1070325922L, -695508152L, 1277262348L, -905143588L, 1649586258L, 
1816071296L, -960608428L, 1662820328L, -374705414L, 1560405840L, 
-68844500L, 805243252L, -327823726L, 1704149600L, -1586319220L, 
-209432224L, -2043692830L, 1986440360L, 1332065996L, 1620212220L, 
886188978L, 579240944L, 1273987524L, 1483128152L, 1261302138L, 
1601532336L, 397306300L, 1054776916L, -2134328894L, -1981361878L, 
-620554808L, 1414466289L, -1955117981L, -469262236L, -1792742510L, 
1139720295L, 556818481L, 285274486L, -432038252L, -314583899L, 
-658929233L, -1115286936L, 1376979526L, 1021513715L, 1767067477L, 
-1687850702L, -269003520L, 995911145L, 855838811L, 422699692L, 
283540666L, 486309487L, -532272135L, 1591702158L, -1791171748L, 
-1335201843L, -1937494217L, 1052429760L, -268766562L, -687019157L, 
1323127533L, 475334490L, -967336936L, -1599518335L, 231268147L, 
-405260972L, -1209835678L, -1124592649L, 562125889L, -2122671930L, 
1507534340L, 109769141L, -1634693473L, 836427512L, -2029993258L, 
-1769121949L, 814362405L, 1843537090L, -438799952L, -1203664423L, 
2094425931L, -1413190212L, 1492958698L, 1826441759L, -1924931415L, 
-1543452610L, 1110599980L, -1213742211L, 1127963079L, -1442980688L, 
-1867064626L, 2042400763L, -1484679075L, -529260662L, -577482840L, 
-1624169199L, -700589053L, 1816598276L, -883500238L, 495229319L, 
-1833500719L, 923201878L, -1150636236L, -1632382395L, 1869250191L, 
-571246584L, 823528486L, -394935085L, -1252866507L, -1223393902L, 
-1871314592L, 1951537353L, 338738171L, 215399372L, -1852819878L, 
332077903L, 330355225L, 22687790L, -1278411204L, 679850925L, 
2049277015L, 344881568L, -211393794L, -1206210101L, -1343293491L, 
1138490106L, 820928824L, -718484767L, 1422753171L, -503454284L, 
788887234L, -1548380457L, 1680889633L, 574574310L, 672221156L, 
-527337707L, 871952191L, 101386968L, 14216950L, 1497450755L, 
1664784965L, -871949726L, 776534480L, 243541753L, -1718225877L, 
1317090204L, 1839360970L, 1010771135L, -503233015L, 616124190L, 
-368953652L, 727668381L, -310074585L, -1164391088L, -1579502610L, 
59866267L, -913156355L, -227271190L, 582381192L, -428828623L, 
1121362595L, 1185245860L, -551306414L, 2134626983L, 2006331121L, 
