.Random.seed <-
c(403L, 315L, 439306773L, -417675104L, 629237800L, 226949580L, 
1598256728L, -1343367013L, -1948774017L, -742479590L, 207471256L, 
1956636298L, 509328537L, -157806586L, 96775109L, -180273080L, 
198933909L, 471995040L, 1692589323L, -684404825L, 669470580L, 
233696744L, -172128580L, 1220609586L, 1490190392L, -1520147704L, 
-886393444L, -916466224L, 74235372L, -1542576156L, -17126343L, 
303855647L, 1434578680L, 2057881956L, -514409817L, 1370870622L, 
-303018756L, 1447478837L, -1525595714L, -2109871206L, 919424866L, 
1824455907L, 230634937L, 1884394793L, -402666360L, -1046450085L, 
-286448865L, -1030372974L, 1000514709L, -377466674L, -312804837L, 
-792853067L, -348310924L, 2015782080L, -1487029553L, 1754022L, 
67073559L, 1193385099L, -1900526035L, 1904749678L, -1531815788L, 
-1960888728L, -59777464L, -683174002L, 285657598L, 1639150196L, 
131765148L, -2070849902L, -1938162056L, -60965920L, 254816774L, 
500259751L, -1091085055L, -1997567561L, 968901786L, 758892957L, 
-248960122L, -1524750170L, 1099084668L, 1018426197L, -1715256131L, 
523585542L, -1453959905L, -506811883L, -1180476830L, 146461824L, 
-1231497013L, 762351357L, 1938057804L, -992857130L, -211800012L, 
2052490372L, 948477795L, -578545496L, 558093511L, 1775236668L, 
-475747676L, -1155318350L, -1575255030L, 1809957140L, -776428848L, 
-295641110L, 467697464L, 1758587139L, -518436631L, 520950649L, 
262324419L, 1161334724L, 657227389L, 1339568824L, -541179788L, 
-444095922L, -535422629L, -723846778L, 410535836L, -586545465L, 
650149425L, 947066185L, -1931597250L, 813737620L, 2117544887L, 
874896655L, 488729423L, -1564370494L, 1847277865L, 303195580L, 
-1900600387L, -1352240302L, 876942744L, 97065126L, -349398389L, 
2014049662L, 720945773L, 1730828034L, -1813464664L, 264815321L, 
142393674L, 1104714155L, 2086428154L, -440822803L, 1594761619L, 
-280257987L, 410323345L, 1221643173L, 1915530236L, 230645362L, 
-1764865921L, -520760734L, -105518760L, -75286742L, -1888305924L, 
1006453625L, -1289384729L, 1399192451L, -1578154009L, -183364146L, 
-224817253L, -1782695390L, 1999576220L, -1667342161L, 1747497961L, 
-1126672683L, 1179412766L, -1724345337L, -760310915L, -4912169L, 
-2099900351L, -2145020418L, 405456924L, -835927386L, 1133275042L, 
-9732211L, -1812070588L, -205802673L, 1877709713L, -1162953156L, 
2049359476L, 365494760L, 124464544L, 1411618538L, -1136360469L, 
1423334289L, -1014562179L, -448088671L, 2030221815L, -1777733519L, 
-2039332255L, -1485290492L, 450100968L, -1357070896L, 614827537L, 
1273442394L, -1491206363L, 647099191L, 442323897L, -373870533L, 
1192990605L, 1854553536L, 637391372L, 80850996L, -1698084702L, 
-1161484640L, 489059408L, -2111808498L, -1314562578L, 1899159338L, 
819453168L, 566618415L, -1465233776L, 2003931871L, 97831365L, 
56608720L, -372771269L, -1725125703L, -1929123668L, -789925993L, 
2076942042L, -1875480989L, 698367159L, 1444337442L, -1249369522L, 
-102475117L, 844784552L, -727843786L, -1325860300L, 1985531823L, 
-1302793119L, -1111724560L, 1237948611L, 915946861L, 1294723229L, 
-1738178827L, -966217918L, 457786588L, -1642140989L, -745424822L, 
-736463222L, 860738784L, -2069614701L, -1483145981L, 2029807690L, 
810923394L, -802501922L, -1809688338L, -900849800L, 1746931421L, 
1939803186L, -6132909L, -493398259L, 464179730L, -850611680L, 
670712352L, 1053862120L, 1853530261L, 1915242842L, 1908034915L, 
-895311501L, -677997051L, -1825524591L, -645411074L, -383185450L, 
-1479415916L, 2112369096L, -236132201L, 469790524L, 1829677362L, 
1674169474L, 130526982L, 819475149L, -1197054380L, 232366267L, 
1799695175L, 1327981830L, 1392022397L, -2135529083L, -1777316397L, 
-770962138L, 1324321965L, -970659935L, -1819796497L, 350253771L, 
1145738877L, -469574937L, -1898768216L, -590248798L, 1355047739L, 
1029480065L, 1124060083L, -494423713L, 783361321L, -2063082020L, 
1002164763L, -1433009774L, 1763904030L, 909614695L, 1773895037L, 
-434524431L, 358312147L, -408152347L, 1257699706L, 1775627721L, 
-1491458432L, 1200549337L, 218717006L, -1624028616L, 2063122677L, 
606829623L, 1645744508L, -1978455827L, 468251026L, -2039982276L, 
-1325769312L, -140660950L, 256742919L, -717232557L, -1009270774L, 
-1231853702L, 1710750385L, 311230886L, 210112203L, 1134520868L, 
1168762740L, -7180125L, -943020816L, 14773503L, -1722429315L, 
-1828225059L, -1787100744L, -2017946461L, -378463551L, 2142200805L, 
-1921473085L, 89503819L, 931095058L, -21645538L, 1828726357L, 
1058503464L, 371413300L, -1920045834L, -250234769L, -720025219L, 
1334829705L, 121580174L, 1505443061L, 1026402873L, -1702905666L, 
-285168316L, 1371241301L, 1910348631L, -452770651L, -530583066L, 
-1916055156L, 88839595L, -1242415736L, 302730297L, -555192171L, 
-457796206L, 64964423L, 1346489502L, 1800383673L, -218732996L, 
62150139L, -276950718L, -1037905415L, -567136677L, 175592405L, 
953677899L, -316488471L, 2119770119L, 85600318L, 717602810L, 
-114358514L, 1880826207L, 1033284497L, -1244899885L, -1261138368L, 
-469428440L, -369486192L, -117292184L, -1639517384L, 2115928027L, 
-673305003L, -994185381L, 1685663065L, -95411944L, -1321176758L, 
417864213L, -756624779L, -740907703L, -1180624689L, 1668699545L, 
885701919L, 2057555694L, 639308388L, 1966527883L, 1333551894L, 
973995787L, -481549374L, 2111365570L, 692748129L, -230070137L, 
-23180894L, 60788105L, -1366051271L, -5018462L, 1240971604L, 
1055835841L, 937026015L, -1875972053L, -1503857451L, 722727505L, 
1664600791L, 1982057878L, -786512096L, 1222760753L, 596313013L, 
262258879L, -481163150L, -15529037L, 445402885L, -1668701627L, 
1227444781L, 925570948L, 796197657L, -1215455913L, -1057213227L, 
-755032793L, -2138585575L, -300814873L, 1233255140L, 1405509312L, 
673915241L, 1358240564L, -26476211L, 635158292L, 21856900L, -186048561L, 
1816783899L, 2049648484L, -477869938L, 835485741L, -1852603183L, 
-763770227L, 133824548L, -897597924L, -1076665557L, -391699791L, 
-690998419L, 1396118691L, 650517350L, 701709551L, 1937322389L, 
1158270189L, 1342312982L, 1543573233L, -737580180L, -994401698L, 
-296337583L, -787081006L, 831767532L, 1059224173L, -1273100768L, 
1643619221L, 1381071856L, 2112985940L, 656765228L, 5227165L, 
744376170L, 1577169914L, -1145191318L, -1258988880L, 91409567L, 
2049043323L, 1638676668L, -1939844383L, -2000937441L, -1056619970L, 
424420935L, -2063427046L, 129335354L, -318734403L, -1027390462L, 
529689792L, -997255333L, 1141494223L, -1516907951L, 1461848394L, 
1569465170L, -356556998L, 118851721L, -181545346L, -1625856396L, 
-1914002308L, 146769005L, 714568210L, 206621528L, 1130135153L, 
1632952672L, -137831786L, -398279817L, 325133397L, 1767549205L, 
423650771L, -1743861940L, -1485412505L, -1114686826L, -1127180983L, 
292853222L, 311737255L, -665426815L, -1060927774L, -734703820L, 
-151377338L, 1920406903L, -613637589L, -1708006219L, 61712386L, 
547450561L, -1610414208L, -352663460L, -816709533L, 1970251323L, 
-822924424L, 109317819L, 748701789L, 774970867L, -973797829L, 
451543529L, 1445594784L, -1251968290L, 2134707145L, 1283515531L, 
510170507L, 792635861L, 818268552L, 74624098L, 1220119957L, -631872141L, 
593416908L, 1682625833L, -1077887085L, -405688953L, 1389824855L, 
831475193L, -417310464L, 344222137L, -800054166L, 941779884L, 
-1148759814L, 1819533632L, -935453929L, 927655375L, 1998741444L, 
-858372033L, 1543723776L, 1950721913L, 383369863L, 823683465L, 
-1335894326L, -88245526L, -1544274203L, -525347385L, 135780534L, 
914238978L, 1430676165L, 1781858244L, -1756417570L, 903197679L, 
1181351758L, -157418046L, 263253701L, 1104682266L, -791844944L, 
576418376L, -1811987158L, -2061067871L, -869505855L, 1426367122L, 
1454573238L, -701991821L, -954733235L, -416946214L, -1566836142L, 
531423991L, 2058455609L, -1833123766L, -670580334L, -454474264L, 
126887217L, 1154969123L, 72554130L, 1430951423L, 1574635447L, 
-1219395439L, -808806967L, -2133880194L, 1932860069L, -1925716082L, 
