.Random.seed <-
c(403L, 16L, -1360788688L, -1019465261L, 1680521201L, 644059424L, 
-1035243586L, -543694903L, -425791621L, -1334258358L, 613523884L, 
-1725612881L, 412690021L, 929930780L, 218222706L, 1231406829L, 
-1508119769L, -170391730L, -941150296L, -915260501L, 100153545L, 
1919860952L, 1290411398L, 79836257L, -1191381517L, 337228898L, 
-1441336620L, -153668649L, -1541723699L, 734485860L, 511777098L, 
-1192386379L, 1068140559L, 1086529814L, 2036186048L, 26580867L, 
707949985L, -1545537136L, 590971502L, -1353935847L, 1581992107L, 
1866300570L, -1923040164L, 800467295L, -1474340043L, 669515468L, 
152202274L, -232149379L, 722981751L, -286905186L, 1939938136L, 
1482809019L, -1864843175L, -1912978456L, -1150155242L, 1027811729L, 
-1832711613L, -382039726L, 1266531812L, -868768729L, -300461955L, 
614874484L, -716525222L, 2102294437L, -669509697L, 2106059846L, 
149142224L, -1545681677L, 1018225169L, -1426877376L, 58005534L, 
1287562985L, 140637211L, -1398268886L, 2015248204L, 1468015887L, 
-1350293435L, -977333764L, 916717650L, 41822669L, 911473543L, 
1623748206L, -708452792L, -1097811893L, -1009462871L, -53170952L, 
579860518L, 406382913L, -1109580077L, 1089228418L, -142412620L, 
-893801417L, 1044696877L, 1986415684L, -635891350L, -1246966315L, 
-94360721L, 1907659382L, 1308476832L, 45634147L, -1004055807L, 
523225712L, -2070469106L, 1771875961L, -2113242613L, 624603962L, 
-1537979844L, 219318655L, -1864547627L, -383528212L, -1161001918L, 
813841309L, 1890669079L, 942057342L, -469121736L, -705539557L, 
-196961415L, 1702051272L, -179224074L, -1389997007L, -1096817053L, 
-2065081806L, 1131579268L, -893110841L, 1375935645L, 891182100L, 
-2034828614L, -473998587L, 1444856031L, 929585510L, -445969168L, 
-2125023213L, -456823375L, 996763744L, -1663080962L, 2120438153L, 
1592018619L, 544342666L, 567713132L, -1470633233L, 1616467237L, 
-1986436132L, -1504390734L, -1670524755L, 1515118695L, -1416984690L, 
-1594068888L, -312058773L, 2003158537L, 823142552L, 610472902L, 
405055265L, -1550040141L, -1908528350L, -169337580L, -975925865L, 
799257997L, -2112236380L, 53016202L, 146500853L, -398036145L, 
1976396886L, 1475800832L, -2008159677L, -1761422879L, -798182064L, 
1780394926L, -532756135L, -985680021L, 301926106L, -2114386020L, 
-943023201L, 123077109L, 232109196L, -789947038L, 276304189L, 
-64521801L, 1636302430L, 1683494808L, 778835707L, -1497112935L, 
1380632360L, -2056651306L, 849584721L, 1049426179L, 672658578L, 
-860992988L, -701098777L, 615074109L, -188342860L, 1926390298L, 
715630949L, -256239617L, 523325062L, -1723542000L, -919139149L, 
1984038737L, 552626944L, 330207710L, 708033065L, 373455323L, 
-1892227350L, -955153268L, 807406543L, -591969403L, -1350397892L, 
1784766738L, 1817847309L, -177261241L, 896393006L, 1381610120L, 
22303627L, 1388135273L, -804012744L, 1873334246L, -2116843647L, 
81731347L, 790767810L, -278330508L, 1368248183L, -1546405779L, 
410720004L, -161061334L, -1370436715L, -1193545681L, -1086748362L, 
1978575200L, -1281923165L, -974589759L, -1353445572L, 211206288L, 
2062895906L, -1452537336L, -289789684L, 1122093468L, -923530734L, 
400125824L, 1751386900L, 87064872L, 131106874L, -1805689904L, 
1087696492L, -1234881996L, -1040013678L, 305847648L, -202356404L, 
1570796512L, 1786061218L, -1126909528L, 1425208972L, -416858692L, 
-2093469070L, -282637328L, -590937532L, 1346072664L, -635878342L, 
-944671632L, 1132127292L, 771482900L, 1131023042L, -1236158752L, 
1623870588L, -1231238448L, 873834914L, 1928469544L, 1273865996L, 
1802358204L, 984540978L, -750473536L, -315453388L, -859287864L, 
-646002502L, -304143728L, 1994358508L, 953915988L, 1447341714L, 
550235424L, 1388193228L, -1682977056L, -1218378558L, 397130792L, 
-1109757012L, -1127141700L, -705947662L, 1927281200L, 611214244L, 
105721272L, -1229467814L, -1032462192L, -516468868L, -927681260L, 
-1736726206L, -83847936L, 337183164L, 1366222160L, 1327280418L, 
126882376L, 1628324876L, -1456360868L, 1208182226L, 1472093696L, 
1611315540L, -1747055384L, -1495451398L, 240958160L, 1140866860L, 
-12016396L, 1521565074L, -1032031904L, -820891636L, 64964832L, 
-1474439582L, 1761054888L, 1813880908L, -1289193604L, -75715278L, 
-1766027664L, -2144118972L, 288517080L, 432056186L, -373029840L, 
-1540601924L, 810621524L, -1270728638L, -1210874208L, 909742780L, 
-1334652976L, -803327646L, -1200444696L, -771371828L, -2067281412L, 
-2107117070L, -1879066496L, -839057932L, -249402744L, -308189382L, 
1080942928L, -1169538964L, -511318636L, 459437138L, -698207776L, 
-400248628L, 161626784L, -1748731518L, -1812067096L, -1563176212L, 
1007483196L, -1573391246L, 1349762672L, 577095204L, 1012410424L, 
1106957594L, -606089008L, -1493631684L, 1725185940L, 874102658L, 
-826974272L, -1098136004L, 272943504L, -27368414L, -1789396728L, 
-1961249652L, -752786660L, 880203922L, -555546240L, 1638685716L, 
784817960L, 709854778L, 1083142608L, -757396L, 1271887796L, 1669234194L, 
1357767648L, -1225284148L, 1654228192L, 1809485858L, -86264024L, 
2068198924L, -128412868L, -1840057358L, 1182919408L, -2074564028L, 
1744692824L, 1122989882L, 872633328L, 1457317564L, -1731566316L, 
-697929534L, -1885610912L, 1321924988L, 167450576L, -794846942L, 
1460416168L, 618511244L, 1930550460L, -1889370318L, -1872149952L, 
-66083660L, 422806600L, 371399098L, -778928624L, -1795716884L, 
-1405445804L, -434088174L, -1689455200L, 1795627724L, -948283808L, 
-302137406L, -2046631128L, -61870676L, -1453297348L, 1244503922L, 
-1929608912L, -381399260L, 211395896L, 207624922L, 464471952L, 
42013436L, -1814294636L, -1697806270L, -1298301696L, -1668879300L, 
1670868304L, 1951275170L, -658557112L, 698169100L, -1835250980L, 
1729721170L, 2043097728L, -1097213868L, -1293292568L, -2024425734L, 
641673552L, 910885676L, -1569110156L, -1408375918L, -1014581664L, 
390770572L, -1114139808L, 1517111266L, 1782759336L, 1620679884L, 
641306108L, 1567828914L, -199636496L, -1622791740L, -1390059176L, 
-1033321094L, -2065174096L, -520204356L, 1288933460L, -1916689470L, 
376701984L, 1555143868L, 1179228752L, -1822720030L, 1835915748L, 
575821074L, -411522841L, -1636143439L, 1400345846L, 1115301652L, 
1199460389L, 1081410863L, -1874335000L, 1455605702L, -749544845L, 
-602878763L, -793743694L, -864995712L, 301137513L, 1199235803L, 
1838317100L, 2102566458L, -1794434833L, -407919751L, -784838642L, 
-1614080548L, 565818957L, -163023433L, 122342208L, 1440041502L, 
269602027L, -1247456147L, -441555750L, 738520216L, -870286591L, 
-1911676749L, -1404933164L, -507701534L, -1218394249L, 1273612993L, 
-1359414714L, 2112918916L, -1844171979L, -1973823201L, 1739878520L, 
-9843370L, 1339364323L, -804893275L, -282103742L, 529948208L, 
-1096103L, 915472331L, -763789252L, -1615253910L, 2116773023L, 
758228265L, 1031721406L, -497168212L, 1362814461L, 1173318983L, 
-59275728L, 399281998L, 313820027L, -117119779L, 591045898L, 
-885456856L, 2123969681L, -2065915773L, -897568380L, 580493234L, 
-10952441L, 493318993L, -1322847530L, -574018636L, -171453499L, 
1295794959L, -1950875256L, -1900407642L, 1030022227L, 424732085L, 
-399701230L, -2065368864L, -427864759L, -1785720965L, 1056561740L, 
1737909210L, 1075243471L, 1432534937L, -1508354130L, -967451460L, 
24073517L, -1627978025L, 1512574752L, 1934362750L, -1390203317L, 
-1728510899L, 980961914L, 665199288L, 1518475361L, -1675171309L, 
-101646284L, -343687614L, 498653783L, -28857951L, 1743399526L, 
-1881245084L, 1042598293L, -203824449L, 595475032L, -935039370L, 
492384899L, 916031173L, 1909224418L, -39965104L, -1254761607L, 
-576540501L, 3102748L, 1251473226L, 364384063L, -1559866999L, 
182112670L, 874956876L, 612565533L, 276803495L, -2096872752L, 
71849070L, -282359013L, -497302403L, 663624298L, 972270344L, 
-1530338383L, -272473053L, 1911229732L, 1811876306L, 956865063L, 
-13155215L, 77519542L, -313670060L, -1949078811L, -625662225L, 
-1333824984L, 1930696326L, -1780817741L, 101905941L, 1966307442L, 
