.Random.seed <-
c(403L, 179L, 490957550L, -1217174692L, 1438670993L, -1595435593L, 
-610662280L, 1459477894L, -103422359L, -735922324L, -1413603500L, 
-1141420077L, -489311481L, -1964054346L, -645709246L, 327042884L, 
1323531489L, -72453445L, 1354746922L, 1679288486L, -1845354314L, 
271111761L, 2029969097L, 2111552298L, 912758045L, -1752473824L, 
-30400337L, 709731555L, 1251824045L, 1391788087L, -824511571L, 
-616061544L, -1435258634L, -195963022L, 1201609562L, -1986949015L, 
932315961L, -904103660L, 60972810L, -1241266019L, -307560314L, 
-50696194L, 145445864L, 630273943L, -577761799L, -171162704L, 
-189815997L, 926976159L, 1353082083L, -278715741L, -1232709859L, 
399169289L, -736337852L, 1579139708L, 1826149352L, -1780294960L, 
-738588781L, 354234898L, 1732116876L, 738568050L, 2080409687L, 
133498717L, 2099840733L, -62830851L, 1164496912L, 889281906L, 
910853988L, -1315592830L, -1562765319L, 2133689272L, -1611056241L, 
1754163178L, -938613377L, -2090189185L, 2070481746L, 518663225L, 
-424755412L, 624610880L, 1087215960L, 1753900946L, 1861994741L, 
344455468L, 382060915L, 1158762015L, 1668279272L, 1693730970L, 
-1779377816L, 1617848016L, -907296250L, 460091981L, 44822549L, 
-1736931095L, 132232650L, -1817244008L, -1883135508L, 915483967L, 
474322394L, -1868393922L, -834019750L, 1098405428L, 710301994L, 
975212936L, 421097643L, 1860625142L, -1453093250L, -607279562L, 
1690224885L, -677555511L, -1505739892L, 55430759L, 1088133158L, 
-771152529L, -252097648L, 1335911022L, -2122249746L, -1701760917L, 
-490497563L, 2121264785L, -1730503473L, -315520443L, -373977026L, 
-663449740L, -1196362016L, -1472842080L, -1904684128L, -770868952L, 
-827348320L, -884803127L, -373112375L, -2010648669L, 1918487090L, 
-1847796400L, 116936266L, 165058818L, 2012598056L, -307156925L, 
1772372794L, -2058873552L, 447610119L, 1967396896L, 1722869676L, 
627327368L, -1253918630L, -934135821L, -1331082879L, 1531185136L, 
1713379495L, 634744795L, 1803656697L, -807398566L, 1253584867L, 
-175788510L, -527978100L, 921839264L, 2064912725L, -1971206582L, 
-2082051585L, 667995882L, -96760145L, 1951867024L, 744626471L, 
1554541349L, -1351611224L, 155165411L, -1528779109L, -1603901292L, 
-2071297018L, 1707022795L, 1400799561L, 852100145L, -1244007118L, 
-1471872566L, 1941371861L, -1638542199L, 324196132L, -616094088L, 
967191664L, 97475157L, 516224644L, -1870067534L, -865811092L, 
627529438L, 1901026887L, -747414194L, -1846408795L, -2026166662L, 
2110040548L, 1494528248L, 112381043L, -1641518178L, -645999203L, 
1705261178L, -1022513250L, 1298620166L, 1399121177L, -572826245L, 
-701638023L, 261351408L, 923292180L, -2033073867L, -1130741106L, 
949707591L, 1655003169L, -1747637913L, -1027456988L, -1560155292L, 
-151120880L, 107156311L, -1132337363L, -2142009475L, -1181735906L, 
1952653518L, -2084253414L, 192751857L, -782535039L, 1207639863L, 
1445600814L, -2034802863L, -1996903467L, -267225668L, 1911417240L, 
-1907355987L, 519119028L, -609606158L, -772047907L, 27253397L, 
-1829021370L, -567913569L, 1297088827L, -1826904098L, -236841308L, 
-416266581L, -1594096845L, -1700329051L, -736422670L, -753186125L, 
1317000694L, 633144668L, 1463847668L, -484433985L, 278580097L, 
-825151463L, -842078215L, -1954145699L, -1021962281L, 1520651138L, 
-1895996570L, 1439048565L, -997307616L, 1794223796L, 970604100L, 
764192112L, -293996214L, 481124458L, -185725263L, -743745516L, 
935188249L, -1435920657L, 1698382723L, 1041177325L, -1473403959L, 
219676940L, -523184685L, -2044450746L, 229293775L, 1641304956L, 
-363628148L, 381429773L, 570845299L, -1250148168L, -1504894321L, 
-711160621L, -1824810957L, -2003165392L, -1559784685L, -55852780L, 
1236290073L, -18469487L, 1335867783L, 674219597L, 1107181591L, 
-322089900L, -2073765921L, 673093785L, 1410895919L, 1152441256L, 
-522898346L, 1333387558L, 1640679896L, -1723118665L, 919991743L, 
180948598L, -11431479L, 725894232L, -1890912363L, -1768749845L, 
441744443L, -1625689866L, -884653537L, -459669645L, 782065939L, 
203985515L, -1211439614L, -538397452L, -1462068114L, -1123262037L, 
-1706420334L, -272867055L, -704075683L, 753043746L, 1120004295L, 
211948991L, -2084424770L, 1929844698L, 1797819102L, 1831586871L, 
-1611645402L, 1410941731L, 1072626369L, 1890752498L, -654743435L, 
-1506961518L, 1665827435L, 2138598083L, 717686576L, 982165898L, 
-738315815L, 1852957499L, -41392941L, -1901326130L, -2020813996L, 
-320187343L, 804579273L, 36556357L, 1028244827L, 1324306804L, 
-2120659597L, 620032731L, 273359679L, 841443377L, 1918694108L, 
1541016543L, -187492256L, -1105954492L, 1440011823L, -1629424023L, 
735853749L, -737178000L, 799463297L, -978160022L, -516373956L, 
-1792780652L, -337459497L, 1225063829L, -1488639662L, 2133407501L, 
929088252L, 1034252797L, 1366776725L, 1303476073L, 424471470L, 
1654228818L, -1757594990L, -1654295971L, -544097769L, -1793680820L, 
1503449010L, 1995239913L, 1665147474L, 1958398312L, -953629887L, 
-1310162551L, -583107641L, -1407700730L, -877072285L, 1503567110L, 
-496633413L, 1722567239L, 2041365269L, -238800148L, 23755723L, 
-1333777885L, 1922567960L, 951282240L, 77037769L, 1394387630L, 
2124887516L, -872286894L, -573185060L, 1365255076L, 1238843987L, 
-775720473L, 842910229L, -926974018L, -664487687L, -309590549L, 
1643973941L, 236905321L, -2011680573L, -447836929L, 368331116L, 
-2133821156L, 1967560198L, 63447006L, -882935093L, -2077723977L, 
-401004775L, 1119619688L, 130321740L, -2091761397L, -711225014L, 
-310928724L, -1648255889L, -757127249L, -1584183985L, -714046502L, 
1428518756L, -1164535043L, -2032831613L, 1270306712L, -253764015L, 
1264853485L, -443548444L, -1075841221L, -213037238L, -435803170L, 
-327838780L, -178258830L, 1276374881L, -1516283478L, -90024388L, 
-1235358932L, -524924672L, -918057212L, 486043020L, 1090595729L, 
848934478L, 1102606194L, -356973804L, 581859473L, 1370380831L, 
-955909766L, -639449652L, 1518795840L, -1767355527L, -1085875782L, 
-1104610720L, -1238142052L, 18602075L, -1041637526L, -747028661L, 
-975766137L, -1053691304L, 1345574295L, -1162157782L, 178441501L, 
-1953905612L, 968981795L, 1582343163L, -1613657709L, 1179859854L, 
754714026L, -1276878683L, 1095792200L, -817145602L, -739874497L, 
1946022770L, 901215628L, 824638862L, -141329983L, 161806672L, 
-1541516711L, 544683828L, -984664213L, -1044120739L, -1922473841L, 
-712999806L, 56034776L, 1744298770L, 1919308355L, -1707866372L, 
600419792L, -1092621522L, 480063956L, -1289049772L, 1046058236L, 
-1519598440L, 1190189316L, 2128886055L, -1245081056L, 1121772537L, 
-1514776021L, -211481091L, 1630922488L, -1752260963L, 167514230L, 
-1806485035L, -281586027L, 912784184L, -1523538911L, -54729297L, 
-270644441L, -860395540L, 42905577L, 961873681L, -1788891533L, 
1268680349L, 1606294965L, -1038563238L, 106179516L, 824889524L, 
-993914639L, -880043976L, -1072722257L, 962411414L, -494098780L, 
-2031653421L, -1969886864L, 142269176L, -351526076L, -425289609L, 
-707793391L, 826041699L, 2022430038L, 1768265120L, 1495859979L, 
-354156308L, 1008641256L, -1414038487L, -1919058590L, 496369326L, 
2075222322L, -1936676285L, 373873820L, -1877362354L, 1688418813L, 
-139539598L, -738379834L, -204620798L, -423497826L, 1580985157L, 
625730391L, 1507124026L, -580477066L, -1943312386L, 828477820L, 
-1987934113L, 2096546268L, -2072478372L, 198392697L, -565339972L, 
1236431061L, 1384455286L, 1691065298L, 450633844L, 64577132L, 
-1263319072L, 1266833830L, 1725854435L, -629896894L, -354716585L, 
-141119352L, -136475695L, 1999993945L, 285479357L, 1314582388L, 
1026274644L, 1151312497L, -939784308L, 1758737729L, 942851703L, 
1961339074L, -1699660587L, 1903778489L, 396877115L, 959268031L, 
286173964L, 1350047655L, -700382521L, -1784753599L, -1393689082L, 
-2139829422L, -757503258L, 1406770951L, 1981915965L, 1320899732L, 
2133368553L, -1276251290L, -435003433L, -1558923338L, -448808681L, 
-549997498L, -1065049537L, -402418843L, 1627295682L, -1109144703L, 
1947597939L, -1707323542L, -1926236146L, -424488164L, -928379317L, 
