`.Random.seed` <-
c(403L, 614L, 968288094L, -1065894473L, -1559688631L, 373346057L, 
-1225825430L, 516435910L, 621148907L, 398136571L, -1674002095L, 
160053256L, -1914288369L, 1289402973L, 716589831L, 572201437L, 
546640443L, 64656221L, -332054029L, -1899364646L, 714906086L, 
-570381002L, -750434447L, 415710897L, 392447883L, -575741518L, 
-955480210L, -728003591L, -1257528450L, 808642568L, -604729884L, 
1701244946L, -70523164L, 1708143042L, -1389025432L, 511846011L, 
-933080153L, -1157526591L, -227333339L, 1347965832L, -671083189L, 
1438390490L, -1649396644L, -457155004L, -344984781L, -1172376853L, 
-509740901L, -270953643L, -606783258L, 1883457222L, -1210518556L, 
1572623916L, 656867458L, 1045628574L, 1245614090L, -440691163L, 
1123549332L, -1555424999L, 2075497865L, -519485674L, 1209430273L, 
643077663L, -1039750991L, 671789968L, 1851806959L, -1526875988L, 
1411519218L, -1669387203L, 1424479533L, -840447686L, 1447987105L, 
1489747216L, -1890720611L, 1213063234L, 685859364L, -1340378731L, 
331946208L, 2030996015L, -1830086046L, -1991436180L, -532528663L, 
667056650L, -1423570203L, 1208187701L, -761988803L, -405986186L, 
-517460729L, 855615481L, -1768835939L, 306791009L, 1249647107L, 
1741197329L, 659507877L, -1079918340L, 1261471635L, -1173093353L, 
904558919L, 105602549L, 236938773L, 1622182233L, -728827441L, 
783587079L, -2120164171L, 689661534L, -474166231L, 526686662L, 
139355109L, 950532322L, -404441594L, 729365778L, -1402115697L, 
-2069499996L, -1485228811L, -365189600L, -1417382827L, -1104355661L, 
1062632615L, 192853076L, -1802575809L, 688390820L, 1166772192L, 
1371201761L, -1159459518L, 1997721723L, 360121634L, 379144569L, 
1148207662L, -2022054892L, -65148362L, 1513651285L, -1996479034L, 
-937374319L, -1196092511L, 1289698199L, -1998529245L, 301748316L, 
-1403641257L, -523791376L, 757816427L, -229421355L, -524828696L, 
-918739883L, 1391375136L, 1601796010L, 1494614279L, -1188217677L, 
865800733L, -840739858L, -1812174172L, 1213600298L, 2014631804L, 
2112515523L, -1178630144L, -1633628645L, -724949992L, -1341036653L, 
141052882L, 1212892821L, 1252392642L, -640235669L, 1908957204L, 
1927675408L, -1356854793L, -490004278L, -1346457900L, -1673714355L, 
-1442393834L, -833033571L, -236729390L, 1806511828L, 701913879L, 
1742052203L, -816266351L, 1333315420L, -515365425L, 806309283L, 
-2085053886L, -44731923L, 1918292547L, -1872567133L, -1663716200L, 
-673292053L, -767338604L, -232876069L, -278781811L, 243681910L, 
968558576L, 1538269929L, -1346495277L, 1981835836L, 994511671L, 
261846345L, 1922705512L, 1801198464L, -1583221932L, 1615685244L, 
-931247203L, 820616706L, 1302144792L, -485273517L, 1278339853L, 
766005094L, 113506697L, 620826200L, 1693203204L, 1998698379L, 
-1095655490L, 1270860696L, -548602772L, 1817783110L, 1778200179L, 
-388467023L, -1544172928L, -1413260020L, 67210017L, 1664599723L, 
-546516978L, -1333485666L, -1871154654L, 1113949688L, 722823563L, 
-999877358L, -1547207650L, -1287666393L, 1823320471L, 1837072401L, 
-936264771L, -1455763356L, -789956276L, -1439398430L, -250025207L, 
-2120520007L, 2017912802L, -754608201L, -1249299978L, -45059863L, 
-329628456L, -439405374L, 1964909393L, 1171251202L, -784811269L, 
1354738147L, 1865226162L, 272168683L, -1692389228L, -1231535949L, 
433265513L, 1758046310L, -1686474184L, -1776510329L, 248064706L, 
1025507852L, 364145265L, 717981635L, -703533637L, -2124667172L, 
-1444278916L, -519327211L, 990408730L, -1814049066L, 717049717L, 
-394720960L, 475222531L, -1164338785L, -1590904159L, 536232259L, 
1155658110L, -587295699L, -248551940L, 189909182L, -897956158L, 
-1667814417L, -303371341L, 1986146379L, 1837094446L, 1848715180L, 
542332639L, -501951447L, 1598654594L, -952262621L, -1929287805L, 
-2144168859L, -2004111923L, 398411188L, -1948682291L, -1799162787L, 
-1391321909L, 1036160973L, -1806857477L, 1804174457L, 1187049514L, 
-1701927327L, -2028651729L, -1963137159L, 853940715L, 1530513822L, 
138152963L, 826508276L, 1604051737L, -1685348511L, 824272966L, 
-1014043729L, 1187357477L, -763351939L, -316952583L, -461319754L, 
1515087451L, 1480044277L, 1002856895L, -829997128L, -1967518562L, 
-1379538205L, 1501911905L, 913616058L, -1177265102L, -719038699L, 
1106058251L, -1322632103L, -1622713069L, 1049930892L, 646868496L, 
-1956902165L, -1542010109L, 1376497295L, 1462655279L, -1732677597L, 
417333075L, 2050750961L, -1986972913L, 412614474L, 1552826220L, 
2064178701L, -1440500271L, -18621963L, 1226399886L, -301286422L, 
-976419036L, -610113511L, -406836780L, -997479661L, 1213441231L, 
-1551473081L, 1900426269L, 1218060866L, -708553191L, 208333457L, 
-1949144559L, 1504858010L, -936493096L, 1489589551L, 221353475L, 
71626981L, -1294921510L, -1480482004L, 504520378L, -1653717447L, 
2066258461L, -211571547L, -1392538571L, -1577205429L, -794706304L, 
192259630L, 1406068513L, -1336373871L, -2016685553L, -2111900245L, 
1832300787L, -1839549921L, -1912094458L, -355662181L, -1005854498L, 
-1962535073L, 1120147066L, -765827918L, -1751618049L, 1354635806L, 
-1394178389L, 732932885L, -1190077752L, 1721078744L, 642176997L, 
1502075098L, 1221384416L, 1581667723L, -621462316L, -1186757901L, 
-1277319816L, 700693200L, -1797725115L, 1249796477L, -1150872567L, 
-1092278614L, -1867612362L, 60233461L, -1415240074L, -1833576258L, 
1607569196L, 2057865182L, 229716346L, 1362940439L, -1453609749L, 
610138199L, -1711620005L, -1821131665L, -1004145475L, 965868650L, 
-589773188L, 2049806448L, -36902699L, -1251269475L, -209540506L, 
-1642430328L, -707892115L, 1506881978L, 1465959153L, -94626238L, 
92084206L, -1305438636L, -1148144520L, -1418668976L, 1023182050L, 
1745503753L, 2145197866L, -901818443L, -1305035736L, -1339801661L, 
-988189363L, -938816910L, 1187814364L, 1049300770L, 1311541786L, 
-1107887382L, 1656754162L, 711510372L, -1749037003L, -1907002176L, 
1650108339L, -1283341561L, -548037885L, -1379195346L, -2052579821L, 
-406355750L, 427735039L, 624095885L, 1973563379L, 2047025784L, 
-666875365L, 141402049L, -1820952694L, -1829470327L, 920709666L, 
1330307829L, -2096522846L, -1566460468L, 1347469217L, 247192111L, 
-76810738L, -1689296142L, -1110979479L, -1312145795L, -1107965261L, 
-628215098L, -180778821L, 819398048L, -441522288L, 529298326L, 
-1355022456L, -1810854944L, -851116213L, -1876879350L, -558840795L, 
237055666L, 1263025097L, 535184681L, -1044791501L, 879894631L, 
-1602434685L, -1601209419L, 1015727928L, 1098397948L, -2048217000L, 
-709266923L, 1686419024L, 1065491219L, 2077414443L, -2014555693L, 
-704378813L, -1851946482L, 431071285L, 33945479L, -882578635L, 
-230705339L, -785503900L, -405383647L, 1348294268L, -1552137376L, 
-1028990508L, -1445671119L, -770314851L, -1606288608L, 629158904L, 
391209832L, 259938987L, -317341622L, 1550695986L, 2146017878L, 
-493500588L, 136723566L, -876922072L, -1065042439L, -1834254249L, 
1733514636L, 1337157548L, -571294455L, 853379227L, -1754269065L, 
-1677930989L, -1472746905L, -1229720529L, 735419016L, -65986482L, 
2117880999L, -1685113596L, 1089433395L, 1365597036L, -1892990388L, 
1334086409L, 245004194L, 1468649721L, 430978458L, 1668677311L, 
-1210703088L, -122730666L, -1939895020L, 980148743L, -594212641L, 
-2061410254L, 1190631850L, 1047942438L, 1671957113L, 1017103335L, 
-1410807989L, -1281638317L, -1840215925L, -138264063L, -133231179L, 
1447875535L, 1151568231L, -1589354166L, -459824190L, 1633728539L, 
1238227977L, -1727331007L, 1231448271L, 411712507L, 1557155612L, 
22510601L, 1679950896L, 970483526L, 2056611785L, -773085481L, 
38136713L, 2042148383L, -287489648L, -490996762L, -687211111L, 
-1748521539L, -438476476L, 206569233L, 558778748L, 639183103L, 
-2098512832L, 462649757L, 1454649243L, 1815391782L, 844265912L, 
65563942L, 1494612197L, 9567814L, -1532940521L, 1692466565L, 
-2005494617L, -476705931L, -1530037725L, -1352874273L, 1213673203L, 
-283799139L, 875794383L, -1452083453L, 277616100L, -1329914481L, 
