.Random.seed <-
c(403L, 10L, 93808339L, -1817309566L, 1903015092L, 105737271L, 
305368877L, -832304060L, 1001771370L, -169112107L, 1345612655L, 
673141366L, -1100413536L, 1599967843L, 1123095297L, -1402172816L, 
-2055510514L, -653398407L, 1161411083L, -200576198L, -2103047620L, 
953567615L, -1012464939L, -1309273364L, -908442558L, 210434973L, 
81465879L, -60823682L, 949257528L, -1157230053L, -1432462471L, 
-235307576L, -2136112650L, -380234703L, -856119709L, -1690068430L, 
588629892L, 613447111L, -1642668899L, 1545968660L, -17548614L, 
-1965647099L, 983531743L, -797042330L, -1249719056L, -2112718829L, 
842214833L, 1297295456L, -1229216258L, -893054583L, 439486139L, 
-1700150646L, 2025348460L, -2089669905L, -1374481115L, -768105508L, 
21336498L, 288690349L, -151936921L, 1586218894L, -340381592L, 
-416146325L, -1150876151L, 148531352L, -457223226L, 674522913L, 
-1357413453L, 20474658L, 1622531348L, -721302121L, -250284659L, 
-467266396L, -1581140342L, -315413259L, -1716112561L, 74951766L, 
852471552L, 547924547L, 1461064161L, 1603171664L, 635825070L, 
-2010183335L, -488212629L, 374261466L, -785070180L, 1084644255L, 
-1275936267L, -1203473268L, 502275426L, -430845635L, -1878607433L, 
-743621026L, -163653736L, 1141954299L, 111156889L, 27068200L, 
1383939542L, -2056035759L, -477644541L, -1812941678L, -160658908L, 
1300911335L, -2040559299L, 1361829300L, 1993875994L, 310307173L, 
-1906911233L, 1215794822L, 1316984336L, 150162611L, 720488273L, 
-1493292288L, -1144499746L, -1775011287L, -705316389L, -1112168726L, 
-1599290228L, -1369125937L, -1514339451L, -1820372932L, 1806278930L, 
180512269L, -181275321L, 2011340590L, 189067912L, 576754571L, 
504267625L, 674168120L, 270241766L, -1759361151L, 2044026643L, 
-504633150L, -410139788L, 1916342135L, -1730250643L, 802117380L, 
-714889686L, -2389099L, 130723887L, 1594542390L, 1290266976L, 
-219469917L, 1334325441L, -491126608L, 1276235726L, -2058894535L, 
-1183708341L, -19570438L, -851224068L, 352729663L, 557027093L, 
1993038892L, 202196226L, 293563869L, -1502352169L, -145393730L, 
-103554568L, 1748096475L, 1819769913L, 1380470152L, -315979466L, 
879416177L, 425218467L, -47379214L, -1464872892L, 251183879L, 
-1715596579L, 1419738068L, 671300346L, -209723835L, 1207879327L, 
-593847258L, 1609742512L, -1206582957L, -45122447L, 1951531424L, 
-2000069314L, 1163836489L, -201770757L, -131288886L, 635504172L, 
-790013393L, 1840370405L, 2109761436L, -115322382L, 2008857709L, 
-991425113L, -1588758578L, 1519899944L, 1481197355L, 1870482761L, 
1131369048L, 1893165830L, 149047009L, -1653386637L, -1270523166L, 
1871537748L, 1636544343L, -1069841587L, -449321244L, 1999611594L, 
-554064075L, -1026159217L, 1091938966L, -1828584896L, 776012547L, 
690156321L, -1215679472L, -1955851282L, -289152103L, 701045803L, 
223209754L, -1413788708L, -1605653025L, 1933703605L, 1129240396L, 
-495432286L, -57811715L, -264027657L, -11563234L, -1856400936L, 
-149173445L, 839056601L, 1388785768L, 339826070L, -356094703L, 
1106910915L, -268173614L, 33638244L, 1881845042L, 1922109040L, 
2044352324L, -1434358824L, 288827258L, 418546736L, 948586428L, 
126458452L, 1181890626L, -895416672L, -1048866116L, -855748656L, 
1873850722L, 5581544L, -1558295348L, 1291078140L, 2007003634L, 
1300183168L, -1701249548L, -183014776L, -1230280902L, 720855376L, 
-302301076L, -900274796L, 2111599698L, 1412706784L, 1201615052L, 
681360032L, -805209726L, 1103170792L, -1219931412L, 1146222908L, 
-652413838L, 1884995184L, 841500196L, -1829951432L, -175319782L, 
-1015983920L, -1198752452L, 44515220L, 47464322L, 1707761600L, 
-1748122052L, 1556007312L, 1106273314L, -202704632L, -1711098740L, 
1414161180L, 1961678994L, 1950976384L, 780753940L, 1504960296L, 
-1412168134L, 1153364432L, 1730113900L, -1120733260L, -361398766L, 
-207330336L, -1078188596L, 1525286112L, -2138009566L, -1076054232L, 
-401066484L, -1187179716L, -1438813198L, -639210768L, 1883449924L, 
1537893976L, -535169222L, 778818544L, -1929386308L, 18179348L, 
-349015870L, -1281729440L, 1074133372L, -1320708144L, 670275874L, 
-570052952L, 1563474828L, 2032360636L, -1842577614L, -741850560L, 
-604494668L, -1452538808L, -1833461318L, 1662942736L, 1409812716L, 
1427511636L, -1283598574L, 398423456L, -1639736628L, -1954523552L, 
1144438722L, -1027710168L, 1370844588L, 528707900L, -778428558L, 
1130037552L, -230895836L, -666196680L, -285861158L, -2011805808L, 
2120585980L, -1715597420L, -1028847550L, -1632305920L, 202370108L, 
-1249252016L, 562403490L, 183875400L, -223496436L, 354372316L, 
-602737838L, 1396028032L, -1378723756L, 777972712L, -361875718L, 
288336208L, 1082983212L, -1726232716L, -305732718L, -1909377440L, 
1108717452L, -812870816L, 910608354L, -2134720600L, 384310476L, 
210046460L, 1755130802L, 1097976304L, -1170691644L, -2142183080L, 
-1788492422L, -1279233616L, -1790849092L, 575803476L, 309601218L, 
-1391590368L, 365599932L, 98310736L, 1605631970L, 591271528L, 
2131171916L, 2079187196L, -1464815630L, 1479122176L, -420382860L, 
-191193080L, 1586439610L, -424837680L, 1879163884L, -139985004L, 
-395297838L, 1818146656L, -2136890036L, -1551151840L, 11469698L, 
-1395311896L, -117463828L, -1853773252L, 1148128114L, 736422512L, 
-314722268L, -1709570248L, -667849574L, -1978699056L, 2023440572L, 
685905556L, 656844418L, 802249920L, 723513660L, 1498525840L, 
-1891063262L, -517904888L, -396541684L, -1536355684L, -1777258990L, 
466169216L, 1295162900L, 1099060776L, 1761371450L, -843495472L, 
-1107586452L, -1103321292L, -582638958L, 1768569184L, 727437644L, 
-2118291488L, 1500389282L, -1040336984L, 1993231244L, -658839876L, 
-1962603662L, 889633008L, 903764036L, -1268998824L, -1421126598L, 
670810992L, 2053391420L, 615525140L, -897365566L, -1659797280L, 
-1701185668L, -438640944L, 1619429026L, 648954920L, -1713002228L, 
1717662652L, 2800946L, -271966272L, -705326540L, 2036227016L, 
1771283642L, -1669648496L, -2117724692L, 1202962516L, -381428078L, 
180091680L, -267186740L, 550730720L, 2110145218L, -1753146840L, 
388644524L, 796791484L, 40595954L, 1145555248L, 845327524L, -677472979L, 
1782236887L, -1548366048L, -1242969986L, -1828721077L, 884196429L, 
-1602155910L, 111993528L, -731162527L, -1619219949L, 680017972L, 
-748814782L, -1592550825L, 118778273L, 1491102310L, 1467726436L, 
-74184299L, 770286271L, 457046616L, -1174983050L, 397800067L, 
1174390469L, 922104802L, -426971568L, -332620935L, 2139943083L, 
-124184548L, 669300554L, 13356863L, 819302793L, 1486950814L, 
1449232460L, 938066461L, 1289154471L, -2055437616L, -721972114L, 
1472940827L, -1311177603L, 1346460266L, 970124040L, -165698639L, 
1588929571L, 344378660L, 1748027858L, -754755033L, -1637481359L, 
590682806L, 1917355604L, -690345243L, 682616559L, -1340132824L, 
333338246L, 1103077555L, 1081030165L, -1259259790L, -1839946560L, 
165443881L, -769704037L, 1166202988L, 1526795386L, 1487377839L, 
-833137479L, 1513365198L, -1189487588L, 942391181L, -1447552521L, 
-741610240L, 220482398L, 1278745643L, 1778209581L, 1830436762L, 
1332505944L, 916013249L, -1227899021L, -596867948L, -1565314782L, 
-1330720713L, -866688767L, -1262693370L, 3207748L, 683244405L, 
-1346003233L, 622602808L, -704765418L, 1491490339L, 712606181L, 
-1656958974L, 1825401456L, 1187864601L, 942144011L, 728404220L, 
-1007678166L, -858008737L, -1623383319L, -963728898L, 791573996L, 
640317L, 1882533127L, 1486572784L, -1549512562L, 1635101371L, 
-1795063139L, -512076214L, -542827416L, 202077265L, -1164435645L, 
-1263089084L, -1559607054L, -1526991673L, 2079002257L, 893833238L, 
1932597876L, 952982789L, 57496399L, 1219083592L, 925167846L, 
1179903507L, 553187701L, -249053870L, -1975603808L, 318315657L, 
-148017989L, -1674445044L, -1455909222L, -2025976817L, -1824257959L, 
-1110891282L, 481304444L, -1889154067L, 712422551L, 821346144L, 
-147196098L, 131950603L, -654815091L, 446089658L, 102098936L, 
-409107551L, -1008829101L, -2142423948L, 792389122L, -1801357161L, 
1749199457L, -1569217882L, 1330850468L, 115253077L, 1245373439L, 
