.Random.seed <-
c(403L, 10L, -1842301829L, 1660824138L, 468831916L, -1057158737L, 
1146200421L, -1707135204L, 2043073394L, -1503768595L, -1180540889L, 
-84273074L, -1150788440L, 1487852203L, -2048739383L, 1848306648L, 
944437894L, 1937832801L, -1176633613L, -488898206L, 1586683860L, 
-891303209L, -1892896563L, 1199917156L, -141072822L, -2137189451L, 
-793587953L, -1701852138L, -1379428672L, -1314041725L, -589706079L, 
486580880L, 1493508462L, -43802855L, -1923361877L, -728039014L, 
-12880548L, 772713567L, -1146899403L, -841379892L, 1503177506L, 
-810404483L, 1601418871L, 1541066654L, 815459928L, 1269696443L, 
121760089L, 1196745448L, -904717546L, -560501615L, -657104573L, 
-2026607534L, 1516187364L, 515184935L, -122734211L, -897650572L, 
-637226406L, 1342693029L, -1279497025L, -543543482L, -117895728L, 
1056616435L, 89798417L, -420579520L, 1896611614L, 1057345513L, 
1973986587L, 1599962922L, 1001484364L, -1984980977L, -1589406907L, 
-1130670852L, -1181908142L, -1316809523L, -1833020281L, 1904283502L, 
-1170144952L, -259791541L, 1978378409L, 1081825784L, -44725978L, 
717167169L, 910808019L, -1955855998L, -497973836L, 2047308087L, 
-999951315L, -2039037628L, -1234938262L, -1429864235L, 926985839L, 
-1911534730L, 129850528L, -94333597L, -1655646719L, -638577296L, 
843597070L, 1931904889L, -1859471605L, 1866946618L, -161781956L, 
-363281281L, 974993365L, -1813562900L, 1359346498L, -1435982691L, 
-277529321L, -1967582082L, 1420168248L, 1298082587L, -867745671L, 
75278536L, -1609719562L, -738688719L, -1493726877L, 1259289394L, 
-1837615996L, 1884590279L, 2042522525L, 862211860L, -458472006L, 
-2019711995L, -116975137L, 1145511014L, -1694139408L, 1610327315L, 
-1224951119L, 1258444128L, -1547171074L, -216750455L, -929402437L, 
268340106L, -1303342484L, -367109137L, -1675852763L, -393446180L, 
359453362L, 1222198701L, 1550416231L, 1739757198L, 378609512L, 
-1712855189L, 309920009L, 118372248L, -1055101242L, 1447058465L, 
1043798195L, 368140834L, -1313942508L, 481003671L, 1685834381L, 
-1833096284L, -862882422L, 607564277L, 158084175L, 1889274710L, 
-1260101120L, 383253315L, 621763297L, 1241573456L, -1363883858L, 
742141017L, 2036268139L, -421793318L, -1899677028L, 1961972895L, 
718497525L, 2104605580L, -2058429854L, 496664125L, 689594551L, 
-600440994L, -661470568L, 716730875L, 1806175129L, 154383400L, 
-1813003050L, 1553895761L, 988049411L, -486336622L, 2050028836L, 
-1408132121L, 1521139773L, 1229532852L, 2129323290L, 1014834789L, 
1481386751L, 406818694L, -1106263792L, 268833203L, 1044064849L, 
-886957568L, 1268299486L, 313474345L, 140058843L, -1618266134L, 
1918162828L, -1681012529L, -146765691L, 1855355708L, 1645945362L, 
-1162790643L, -685792697L, -146057170L, 637046152L, -1646644085L, 
1236659817L, -1936420296L, 1542922982L, -1207615871L, 33407507L, 
-2136087102L, -635900300L, 1922121847L, -293133971L, 573937156L, 
1507976490L, 555549333L, -1576482513L, -1129133002L, -2011060128L, 
423984803L, 2058631617L, -1972329040L, 2145463502L, 2103208505L, 
39742539L, 397831674L, 30206204L, -652788718L, -1022882944L, 
2042366740L, 687609128L, 713662522L, 1063154640L, 337926764L, 
1999285300L, -1754386286L, 160987488L, -850608820L, -1656547872L, 
-947553374L, -909542488L, 1273719948L, -913972292L, -1834494862L, 
346630128L, 538055748L, 1893607512L, -690409414L, -594139024L, 
-1657049540L, 691234580L, -1565095230L, 1229140704L, -929848196L, 
890883280L, -1767472222L, -370115032L, 13807884L, 1346287548L, 
-1801977550L, 730454208L, -79908300L, -775623992L, -1656040774L, 
1031429264L, 1817671404L, 356292180L, 707507858L, -1296357600L, 
1184946124L, -913954592L, 133963458L, -351177688L, -171590740L, 
1650326204L, -407674382L, 760501808L, 517937060L, -781471304L, 
-129889446L, 684876944L, -427345028L, -444682476L, -1394250430L, 
1741680384L, -539132996L, -816820400L, 1574400290L, 604113480L, 
865056780L, -1533563812L, 1938461138L, -1668368896L, 458674516L, 
761598184L, -1462112006L, 249722576L, -657389268L, 1546316020L, 
-1337549422L, -1005737632L, -880711668L, 1815866080L, 1918702178L, 
-1226241368L, -1653372340L, -2085570692L, 105921842L, 1453459056L, 
-1010107580L, -286713896L, -1265660038L, 1344364080L, -499894340L, 
149063252L, 550008898L, 1991782560L, 1688653500L, 1995655632L, 
-2093808798L, 2110931688L, 573116620L, -819940868L, -18605582L, 
-1072551296L, -1207814668L, 718472840L, 925617978L, 309850960L, 
1001485420L, 510257556L, -1076915118L, 1525066208L, 654671052L, 
-1010414432L, -749120126L, -1790689048L, -1137303828L, 677952828L, 
-1495892878L, -608989072L, -733566940L, -1544836040L, 1250375450L, 
-515633968L, -745351364L, 1669805972L, -812065918L, -2140802624L, 
-1004470724L, -665807472L, -533576158L, -785621752L, -707610996L, 
24160028L, -187748206L, -213157504L, -1516745196L, 1754550056L, 
-1843944902L, 75027920L, 930036076L, -902966348L, 29415442L, 
-1044111904L, 1784565708L, 156283104L, 649660450L, -647036632L, 
-1864385012L, -210067652L, 1178405874L, -88773904L, -1451538876L, 
-2006515112L, 324935482L, 1634268656L, -856985924L, -1922987756L, 
398846658L, -637363104L, -473287812L, -194394160L, 1201004834L, 
-1640228184L, -1830243444L, -163198788L, 773789490L, 1539750464L, 
-261684044L, -826135992L, 615615930L, -771655152L, -398951700L, 
-903804588L, 1204539666L, 279506336L, -593311028L, -1601819040L, 
935370690L, -208048344L, -410648660L, -1677266116L, 1555708274L, 
916925232L, 1341953316L, 1620167480L, 1263609562L, -937869424L, 
1606688508L, -1809452140L, 805226562L, -1816718080L, -2094123972L, 
-337759920L, 1990736034L, 981805384L, 1246373644L, -1283464484L, 
981044562L, 2080402560L, 1208328276L, 1290770408L, -1043676934L, 
-1921561776L, 1797492524L, 332753268L, -1205765230L, 242919520L, 
323556748L, 1814063968L, 1180064226L, 346762152L, 1445846220L, 
1415718908L, 1582781874L, 1162530288L, -1248334908L, -182940328L, 
-1853836934L, -1874089040L, 963170748L, -2110453676L, -1915756606L, 
1346246688L, -1328686916L, -945798576L, 254819298L, 59533416L, 
1153969228L, -1861560068L, 103017458L, -1902262016L, 965632372L, 
936609061L, -674941393L, -224398360L, 1871316166L, -102604429L, 
1889757653L, -1893073486L, 1397632L, 864642921L, 1734675419L, 
650597164L, -1602155206L, 906441711L, -139229575L, -1747844850L, 
-955490084L, 679835469L, 188610231L, -754346944L, 728427806L, 
1826424811L, -429634707L, 571279834L, 1095410584L, 1723316737L, 
1970977715L, 2126789332L, 101845986L, 1326464631L, -502003775L, 
-1009420986L, 199214212L, 1946921525L, 1996362271L, 455984504L, 
-1046600618L, 1200691427L, 1969368741L, -557128894L, 201042224L, 
-1341468327L, -1925520693L, -1471476932L, -1337089174L, -144043617L, 
-2008414167L, 490885822L, 1937384364L, 625307901L, 1471937607L, 
-1881330896L, -726262706L, 1124429947L, 999465949L, 63179274L, 
-87335128L, 667791761L, 1924155267L, 1570659460L, -2055820622L, 
-999600633L, 803442257L, -773716522L, -1710384972L, -1047132987L, 
-1235532273L, -1731289464L, 259519398L, 271170387L, 444503221L, 
442290706L, 1612300256L, 248681033L, -382658437L, 758835532L, 
1637399770L, -1506583345L, -1036969831L, 408892590L, -395923012L, 
-1608275411L, 684072407L, 1039848480L, -2033780354L, 564246347L, 
1755258189L, 1719329658L, 1617851832L, -1393653919L, 1452961555L, 
-407124172L, 30741826L, 1657157975L, 1943200929L, -1642168986L, 
-1594327196L, 1180667541L, -48134209L, 778464088L, 2048477558L, 
-1507030141L, 719428037L, -1127731486L, 1243197264L, 2122562169L, 
1394384299L, -1740414180L, -1724697526L, 1288589375L, -1976008567L, 
674583710L, 1634251084L, 2110089501L, -426920793L, 1513583568L, 
-1036244114L, -1052558821L, -801973379L, 1985026410L, 560855048L, 
79642801L, -527933661L, 36822052L, -1629045038L, 1919814439L, 
-1327383183L, 1784800182L, 1954146132L, 1563664869L, -912884753L, 
572091176L, 775510918L, 2085320627L, 2036981525L, -1601099406L, 
-1471685184L, -657121751L, -1941810533L, -2058937492L, 272450426L, 
-1716167505L, -1933932615L, 1404309966L, -93620964L, -1989566323L, 
-1971540745L, 1725634560L, -530089378L, -869743317L, 673084973L, 
