.Random.seed <-
c(403L, 117L, -1294684377L, -846575688L, 1407427436L, 2016073176L, 
-1768721964L, -1375438585L, -1810946974L, 2113161886L, 1403178680L, 
952290657L, -1619080600L, -222060855L, 1168165803L, 1210719365L, 
-1268051642L, -592823909L, -664545515L, -1068058028L, -1204538378L, 
-1331522710L, 2056828354L, 1746707529L, -1285259397L, -1596652087L, 
-890095145L, 1500247809L, -1463329519L, -1204240533L, 1194521920L, 
1967654070L, -141043654L, -727610620L, -1089238775L, -1637714090L, 
952751082L, -2104076621L, 592749808L, 646151759L, 1755301830L, 
-414112907L, -1512332840L, 1974921449L, -1355260617L, 1871185084L, 
888887794L, -115551456L, 1075783129L, -1884303009L, 1247001631L, 
-1439222032L, 1190909907L, 1837976770L, -349744428L, -1536779279L, 
-1952494601L, -2021610177L, -1628731719L, 1821357080L, -1346520604L, 
-982504436L, -1474588442L, 839762637L, 1035157902L, -1263399967L, 
1129038678L, -249156643L, -1351577295L, 1664878738L, 642736978L, 
1907677611L, -87270589L, -1468314841L, 624362452L, -582415406L, 
-453585059L, 1745940986L, 519294743L, -1098992784L, -182870019L, 
-1770645817L, 804824967L, 424731128L, -670737276L, -263009175L, 
-550565583L, -1564386236L, 722281246L, -1879604821L, -116161728L, 
492139225L, -542977983L, 15333449L, 357434043L, 1792912713L, 
1486646380L, 627680192L, -921432110L, 1312260867L, -341133495L, 
-1230580457L, -1326133337L, -1199394081L, 964158440L, 605347149L, 
-1878292346L, -955300951L, 1377369185L, -249599041L, 36406030L, 
-787225951L, 954408688L, 933797422L, -533647615L, -944526074L, 
583334998L, -1691903647L, -111819534L, 1358347851L, -1877855705L, 
-1482825545L, -1151887561L, -697805892L, -1665151136L, -1878402193L, 
444299679L, 347820917L, -1298276558L, 1567092024L, -861419073L, 
-1441438602L, -1200731299L, -101621415L, 300020917L, 412178839L, 
-987233828L, 1686583623L, 1518710154L, 1794381058L, 1565048411L, 
506002440L, -1108752950L, 468499301L, -206862707L, 1522058173L, 
953047687L, 349533510L, 775731745L, 612879946L, 1108652825L, 
-2011051511L, -1059929539L, 1806249239L, 675535753L, -1870748946L, 
-832643107L, 1152836509L, -655233379L, 1385931542L, -494178191L, 
841508038L, -1460508599L, -1911145089L, 2143427585L, 1297193070L, 
-424158170L, 1628014139L, 1740366347L, 464677396L, -1388709520L, 
1696820759L, -2131692865L, 136668892L, 1385633973L, 1619430080L, 
689490676L, 1634719931L, -68430746L, 1634515461L, -1989794349L, 
955412861L, 1908174478L, -119953541L, -908282034L, 1435373537L, 
599793844L, -130431899L, 701871346L, 1129922346L, 2127698756L, 
-962346549L, 577462571L, -82346650L, 1483164006L, 1288007544L, 
-810452270L, 526023636L, -670337801L, 1196356061L, -1934269861L, 
1953589288L, 1334337522L, -426785349L, -1294786763L, 49404305L, 
1568710666L, -829880692L, 868857254L, 223675027L, 877560871L, 
-2064454088L, 1354421702L, -2037740862L, 1507761210L, -1919376649L, 
2086863926L, -1764214337L, 220055347L, -1974169469L, 1006897683L, 
740608912L, 138012722L, -1127950277L, 1640810929L, 400316467L, 
-1892844512L, 171736975L, -1746646087L, -1853363659L, -1397898987L, 
-1859519187L, 460634894L, -685381034L, 1414729479L, -120436571L, 
1736552212L, -263791575L, -1679388101L, -1182421311L, -1705364694L, 
611060898L, -1402637539L, 184040608L, 2109327693L, 531014554L, 
338835993L, -252340449L, 1526938672L, -1743500683L, 1329179701L, 
166321638L, -579656185L, 330792237L, -1072926455L, -697772670L, 
-1302269269L, 782339431L, -1656153719L, 1487441687L, 1500428294L, 
-355891442L, -1367460251L, -1089802820L, -465724806L, -297457365L, 
-1009074319L, -351640875L, 638883624L, -1826536696L, -1084874898L, 
1083907001L, -108719295L, 1126973219L, 269993390L, -1890003936L, 
959797258L, -1965824625L, -1606939391L, 1538742035L, -284554764L, 
1044703843L, -1087164099L, -764303878L, 1220868911L, -1509727091L, 
-1408174561L, -707236097L, -1207611330L, -2001509993L, 1912099285L, 
2092369179L, 1373141887L, -879171467L, 1114994167L, -1584560043L, 
-1666513629L, 408070240L, -189481724L, 65363678L, -1150229022L, 
1563594194L, 1639747013L, 1440273982L, 832138472L, -427191166L, 
-934284958L, -607145612L, 323749485L, 1581610570L, 1149628903L, 
-1501820579L, -212426032L, -846813049L, 513148923L, -1396020375L, 
-754787569L, -161852223L, -241684519L, 120459156L, -81922554L, 
-1794448897L, -609647577L, 1952928649L, -1131091784L, -820746088L, 
1580863438L, -178673549L, -1087412413L, 890383708L, 406887023L, 
-209407759L, 1092539333L, -387386190L, 2100219473L, -230560090L, 
-317082060L, -1174172322L, 260513405L, 2129809942L, 1853627130L, 
-1984016166L, 1968457570L, -99041280L, -82497023L, 969300262L, 
-1324123630L, 181771891L, -1890933809L, -1656413334L, 2140155278L, 
-1231795212L, -574798295L, -153360935L, -1556888766L, 912094274L, 
-102089591L, 1586791945L, -324697897L, 2012267577L, 817794287L, 
2077801766L, 2100247973L, 2075611630L, -1399575308L, 1275404805L, 
-586943911L, 233822796L, -1265003158L, 201494027L, 929868788L, 
-335281596L, -1583630770L, -1496889799L, -1099497848L, 638923515L, 
-1654663872L, -1138115245L, 1616398314L, -1362309520L, -16376643L, 
-228010295L, -1809006570L, 1883188287L, 1529914008L, 1101719524L, 
-484067924L, -2031099427L, -1857922722L, -2014709774L, -1568281254L, 
-1461777780L, 2100355642L, 1389478253L, -499818644L, 52377385L, 
765099371L, 1465363640L, -123157597L, -1507723834L, 455502654L, 
1865437776L, 292862874L, -1226415300L, -1486097285L, -413885577L, 
318449794L, -879802560L, -1007231398L, -402960836L, -296604149L, 
-115612137L, 604383596L, 354718845L, 1423589123L, -463251645L, 
505241814L, 1292292881L, -1965266710L, 983113843L, 1244433706L, 
1252650379L, 1289435911L, 1873436744L, 2117421362L, 2013271761L, 
268779037L, -900033673L, -623938559L, 1846903610L, 387353953L, 
-1497944500L, -1234361417L, -1088924977L, 270669173L, 1389387166L, 
-1074814908L, 1031846136L, 1093776428L, 1397744924L, 481381104L, 
-633344439L, 558192096L, 1297942801L, 621061489L, 1626227503L, 
-627880865L, 538938538L, -1789910642L, -774395817L, 1423093640L, 
-1457461046L, 1226139779L, 741502296L, -723426798L, 339588370L, 
-1909648766L, -705125353L, -866956335L, 1877138142L, -2068094357L, 
-2018295004L, -180196187L, -2008442861L, 1115901161L, 1252539527L, 
-893079059L, -1835983506L, 399226240L, 365653337L, 1816794765L, 
859171986L, 979255345L, 883919151L, 1672930046L, 542704203L, 
1299330857L, 649600690L, -2049082087L, 541803452L, -1392931108L, 
-2017834622L, 356365958L, -1410533981L, -1148833323L, 1997665266L, 
-661772483L, -66058674L, 1259667806L, 322574283L, 1884474462L, 
-569341848L, 1997600585L, 1985125290L, 966252313L, 351881976L, 
-337874131L, 269544446L, 750250907L, -1305546165L, 105793938L, 
662675953L, -163301804L, 508764752L, 719187217L, -945623816L, 
1151475613L, -160252070L, 151656250L, 1853320202L, 27922992L, 
908171910L, 1759411997L, 459904423L, -805189089L, -466220615L, 
2018320418L, -956486147L, 733319688L, -310628009L, 1132473658L, 
-1049042044L, 456077444L, -1449224L, -1173361049L, 916191250L, 
-2094330680L, -930997412L, -590582196L, 1670929223L, 972314164L, 
-597638723L, -799448314L, -1159734349L, 640582533L, 158604243L, 
322038455L, -2086112297L, -653166737L, 302692987L, 83845718L, 
1500725486L, -457962442L, -2034501165L, 170689903L, -1593199924L, 
-1632371120L, 1162077289L, 106749933L, 1231254900L, 2044361896L, 
1312942071L, 882791340L, -1786532625L, 206184573L, -688630944L, 
2122536876L, 395684681L, -252324852L, 1904414218L, -1190746921L, 
-923529399L, -575516540L, 1702279203L, -2055619537L, 1956737054L, 
316128853L, 972552499L, -710043331L, -1532165505L, 579603378L, 
-151870229L, -838348604L, -88972500L, -810446011L, -731598234L, 
-1776083655L, 1576846453L, 2121622147L, -158808459L, -1469231456L, 
1578277474L, -1890517397L, 138694110L, 1957855559L, 1063545029L, 
-1574904447L, 71714993L, 1971892154L, -501665105L, -294811400L, 
64183126L, 1699864638L, -1265533617L, 348527145L, 127490807L, 
