.Random.seed <-
c(403L, 10L, 572459811L, 465398849L, -314286288L, -1571599026L, 
-1077260359L, 1832995275L, -1887196550L, 103653244L, -1975554113L, 
553343125L, -1859762516L, -1442278270L, -362834851L, 1344224087L, 
-1818810818L, -954111368L, 1229617499L, 1511733433L, 1011054856L, 
111094710L, 1384245489L, 1277067043L, -1469814414L, -964224060L, 
1968510855L, -1668432547L, 1481462612L, 1151748474L, 1705919685L, 
-1232013793L, -657137242L, 334074672L, 1194320339L, 124372977L, 
1089675552L, -1426899010L, -1002942519L, -853000325L, 363971914L, 
1993560492L, -1119925073L, -1508714907L, 1706962460L, -375078798L, 
1887917805L, 1338923815L, 1109301070L, -1926979672L, 1250298795L, 
1986791625L, -796634920L, 1836846470L, 1256383585L, -460675597L, 
260793442L, -1852300588L, -1884232745L, 1557395917L, 1372433764L, 
-1973384886L, 1477136565L, 176863247L, 973574422L, -1072043072L, 
-87447677L, 2084095393L, -1285158512L, 458289774L, -1825856487L, 
2068240555L, 945597594L, 295070812L, 2071460191L, -740504779L, 
425545420L, -715244510L, 977337981L, -1503509641L, 872275102L, 
-933074088L, 1633799867L, -1367363495L, 1247589352L, -455240170L, 
-656606831L, -2141087165L, -1324738222L, 1329597924L, -100903897L, 
-1654669187L, 1292275060L, 1456333146L, -1776220251L, -2097928257L, 
-1887298490L, 1996163792L, -1245793037L, -1830317551L, 1200350272L, 
-1624471522L, 819033833L, -590666725L, 9464874L, -114520244L, 
-1766189809L, -1804003259L, 269648380L, 1211666514L, 943790541L, 
1314368391L, 157785710L, 716426824L, 133752907L, -1896341079L, 
-299295496L, 681871398L, 774486337L, 513300179L, -1206894974L, 
-1076026188L, -1812759497L, 1766178605L, -190841788L, 929784170L, 
895081941L, 1627913071L, 1478689398L, 241292704L, 1484022371L, 
-1613118719L, 374332016L, -2012776946L, 1615978105L, -747075061L, 
-1947876550L, -885958084L, 1308399999L, 283718357L, 803283692L, 
-1932921790L, -1849103459L, -42352105L, -1620109442L, -1156909768L, 
-1081187813L, 880151417L, -446181944L, 235753974L, -89873359L, 
903329379L, -1695618510L, 1331107716L, -1618344505L, 665062557L, 
1329187860L, -785405254L, 128068357L, -1158254369L, -1622816410L, 
2139143408L, 1323722771L, 1785609649L, 1584519264L, -930662914L, 
2099265929L, 1319499451L, -981028214L, 2142571884L, 619567855L, 
-1774377691L, 277844956L, 327737778L, -807649107L, 1979404391L, 
1320187790L, 1389576296L, 550751339L, 361190921L, -118097768L, 
-1415060538L, 1061058337L, -1502948429L, -1466459358L, 18812180L, 
2065104279L, -428710515L, 1398498468L, -680589686L, -1122124555L, 
1224155983L, 1507343446L, 706625280L, -1592665533L, -845528607L, 
-1256405680L, 1969822638L, -1068344999L, 341698411L, -771655974L, 
-171960420L, -80122977L, 920949237L, 1755571340L, 907955554L, 
-1972436675L, 317434295L, 2018463326L, 2030602136L, -171694341L, 
-838578535L, 1376548648L, -380842538L, 1064596049L, -2093307645L, 
1877296274L, -202548700L, -492043033L, -2100176579L, -673747532L, 
817869338L, -68118171L, 1177675775L, 182214278L, -715667952L, 
-742949709L, -950954159L, -852944128L, -1632795056L, 860670434L, 
12649832L, -683246260L, 1672180988L, 1350003442L, 836109056L, 
1605234292L, 833106952L, 1687620026L, 338006992L, -991582740L, 
1672875924L, 243867346L, 1228364384L, -902906548L, -1970130656L, 
343985794L, -236198424L, 1415381996L, -1033258436L, 2059142770L, 
150575984L, -1253158620L, -679218632L, -867337830L, -1201189424L, 
1969065404L, -389655404L, -1400457086L, 363576768L, 875491132L, 
-1506697072L, 19475234L, -483603960L, -2132506356L, 46573980L, 
-1139086830L, -2092085376L, 289950484L, 376455464L, -2089138118L, 
-544850992L, -1563595156L, -971369932L, 1672570514L, -827474592L, 
-1003599540L, -1292561440L, 910557602L, 1140988328L, 984045196L, 
-1967440452L, -1258155406L, -1513182224L, -1840561596L, 973336664L, 
1611572282L, -1849306000L, -1815288772L, -1088731884L, 1428736706L, 
-457672992L, -1803645828L, 1561299664L, 456657314L, 946617384L, 
157443852L, 861572540L, 2011383602L, -939487552L, 1731850292L, 
-209269048L, -2077996870L, -731159920L, -708329748L, -1440187820L, 
-2937198L, -377762528L, -1331116596L, -1948897568L, -1716452158L, 
-1223066584L, -461409364L, 1812082364L, -1081436174L, 1151228464L, 
713900964L, 542379448L, -928231590L, -1787060080L, 397119356L, 
267228436L, -137787070L, 1708020992L, 2121867708L, 996885840L, 
-1961176798L, -236441016L, -885177332L, -1401515428L, -1781422638L, 
-1123877376L, -16418476L, 1216605416L, -669968134L, -250905904L, 
445660972L, -802011916L, 393158034L, -1714228896L, 2072547340L, 
-1335383840L, -1179789726L, 303435944L, 1986019404L, -1660233860L, 
1087188274L, 1015492208L, -1946273980L, 1458695128L, 906684282L, 
533357616L, 255764412L, -1831962028L, 1911814210L, -1147705696L, 
979505852L, -1639837744L, -874802846L, -114726168L, -1536807732L, 
-284497412L, -1251610126L, 1376622720L, -2142798348L, -2120275320L, 
166340410L, -1284693680L, -687161236L, 300238228L, -1722231726L, 
1954738656L, -968748852L, 1267161760L, 1392368002L, 918998248L, 
400577260L, 748804412L, 981709938L, 261611120L, 1880598052L, 
670165048L, 630764826L, -811462448L, -225845956L, -380690540L, 
-1809375358L, 1240965056L, 56133180L, -117331568L, 95798306L, 
-1088472824L, -448105332L, -16071908L, 664762514L, 399174016L, 
229981204L, -2084053208L, -1406605766L, -1460407856L, 1604186476L, 
423835572L, 1284365842L, -2145795104L, 252446156L, -31234848L, 
1186664482L, 486676264L, -1000311284L, -586222788L, -1659341838L, 
2092010224L, 1284319812L, -1824078248L, -394930374L, -660098064L, 
-1444182340L, 784753940L, 404148418L, -250889120L, 1425389948L, 
1727240144L, -473138910L, 413413032L, 1953012620L, 2022554812L, 
1235246898L, 1441522240L, -285997900L, 585466952L, 1728616890L, 
-283705840L, 1607731436L, 292051284L, 212776722L, -1077209696L, 
1893923532L, 2059089504L, -1086906430L, -1718615256L, -582201940L, 
-1927556804L, -1844969614L, -148963024L, -1469173980L, 1368458552L, 
-1255302438L, 1719912336L, 1789154044L, 291303316L, 956328002L, 
-1116906240L, -646026180L, 1334988112L, -244541278L, 210351944L, 
-100167550L, -1133868777L, 355729377L, 1788500262L, 1037482020L, 
-746333483L, 419948159L, -1197578472L, 1621550646L, -2041169725L, 
1237144837L, 564665506L, 769688208L, -1157788103L, 319532779L, 
1558441948L, -1697517046L, -1210182401L, -190070455L, -678481186L, 
-639033204L, -885884835L, 329250407L, 1038116752L, -904172626L, 
1506824795L, -1079308739L, -1918414678L, -994512568L, 1077736817L, 
1106756323L, -762328604L, -1958566638L, -1715169049L, -1953849679L, 
1305740534L, 193984276L, 1829224485L, -295824081L, -427197720L, 
578746310L, 1014131315L, -671367979L, 144752306L, -401250688L, 
-625455511L, -1064791333L, 1002982956L, -1228386758L, -1886615313L, 
369431417L, -1246846962L, -11622948L, 718095949L, -597916233L, 
1072454464L, 1009080862L, -1259864853L, -277101459L, 1071985882L, 
-489866088L, -1906898175L, -549916493L, 2120678356L, 453494498L, 
-830130313L, 1271921345L, -1572615610L, 1817724292L, -277423307L, 
-1157830369L, -210386824L, -378323626L, 450749411L, -510378587L, 
1481039938L, -2010558928L, 434083417L, -607924277L, 298528828L, 
-296780182L, 903820447L, -1895336663L, 49578430L, 1699496108L, 
2079774205L, 2102779207L, -690588112L, 1185292110L, 476140411L, 
-345418531L, -784222966L, 1542500392L, 364373137L, 565932163L, 
-1924652668L, 1417588658L, 776925447L, -341875887L, 1140245206L, 
-1251959884L, 1943512005L, -908332273L, 1116074376L, 728982694L, 
1204728915L, -232704587L, -1110033646L, -1994028832L, -686236343L, 
-904683653L, -266884532L, -1872481318L, 207247823L, 1812402073L, 
-1642821714L, -184693572L, -624138963L, 1440306903L, 932749088L, 
1071069310L, -276906421L, 974951501L, -1310197126L, -1410280776L, 
-2041182111L, -711902701L, -1444220876L, -1593446846L, 1715808855L, 
-8021599L, 1766595174L, -1981429148L, 428571029L, 16306879L, 
1950313048L, -2102043018L, -183762301L, -530090299L, 323863522L, 
1775926864L, 2084547449L, 1469022379L, 780478492L, 1051682634L, 
