.Random.seed <-
c(403L, 10L, 1838875184L, -393283373L, 766703345L, 1575310880L, 
-998162242L, -1330723639L, -1344295301L, -658465718L, 309060780L, 
-1930247249L, -1840781467L, 20102428L, -449051278L, -1659122195L, 
-1594064345L, 2110820942L, 1368692392L, -1996084053L, -368849463L, 
-63356456L, -1274464122L, 514057569L, 1244223731L, 1270663010L, 
-1909042732L, 589149399L, 94238413L, -1550254492L, 237993034L, 
-1574250059L, -1071061745L, -1504554474L, 1554910400L, 1140607619L, 
-990169439L, -881133424L, 20763502L, -1682350823L, 957009323L, 
946654106L, 1649173340L, -500719009L, -272078283L, 461263308L, 
1775249698L, 75361149L, -1045362569L, -2021991010L, 1613976664L, 
1867813307L, -968497319L, -1934572312L, -882119402L, -1116844399L, 
-1953250493L, 1086570066L, 175509732L, 1657021223L, -603392131L, 
3627636L, 470328410L, -211166043L, -1508817217L, 1138548038L, 
-1247484976L, 725265907L, -1633867503L, -893856448L, -2052696802L, 
-276516375L, 149930779L, 1918979370L, -333625780L, -871898609L, 
-63285947L, 1117026044L, 228445522L, 1383080653L, -2056013177L, 
-1883136658L, -2059888824L, -2144652469L, -489874775L, 1599303672L, 
-2045591770L, 449003585L, 844263891L, 1526291330L, -1733595212L, 
1937205047L, -847757779L, 1278291780L, 512142442L, -1047488811L, 
2076475503L, -88948362L, -752268640L, 1980299107L, -2055250943L, 
1476822896L, 1986711310L, -139974279L, -560292597L, -76257734L, 
-530907844L, -402230657L, 573667797L, -1888929812L, -1139488446L, 
-132327779L, -626949353L, -1508928898L, 849551928L, -1663781605L, 
1083064953L, 427982536L, 622556918L, 685072177L, 1721669475L, 
-1499411150L, 427437700L, 1253821127L, -1054725731L, 1854946580L, 
-1321888838L, -114952699L, -509593633L, -1914302874L, 1561467376L, 
353531667L, 2084878513L, 7203680L, -634971906L, 493570185L, 1194743739L, 
1340625290L, 164511852L, -1105649169L, 934345253L, 1417088732L, 
-140057422L, 1293035437L, -207119513L, -1650706290L, -560269976L, 
552199531L, -224884983L, -1359152744L, 1597841606L, 1572176417L, 
-1472427341L, 2012461090L, -230227436L, 1661585047L, 1099045005L, 
-1522647644L, -321290358L, 621439989L, -423230897L, 1012151638L, 
-707645440L, 1594118467L, 841866465L, -1789348272L, 41962158L, 
964906585L, -435104149L, -665723942L, 1745202332L, 876816031L, 
-1519309579L, 901369228L, -768632734L, -1181173699L, -1174617417L, 
894290270L, 2111852696L, -282944517L, -1196848743L, 2093349416L, 
813357782L, -1196634287L, -1783983613L, -2119866990L, -1325047004L, 
1486239207L, -989560259L, 237616308L, 838761242L, -1193504667L, 
-129804033L, -413165178L, -1634865392L, 1072069555L, -984074159L, 
334818304L, 1027566814L, -964837591L, -2108595493L, -1492264470L, 
1594663308L, 1318454991L, 457366149L, 1069117756L, -2098242542L, 
-1959791859L, 82182215L, 1174958638L, -2071118968L, 483448459L, 
357296233L, -128945096L, 1057912038L, 1931197569L, 1918000147L, 
247643074L, 776275060L, 1818835575L, 1513022317L, 1206400004L, 
486076202L, 284880021L, 1853418287L, 702642742L, 342425184L, 
-1648304989L, -773638207L, 2031939388L, 1969759888L, 1352397602L, 
-803895800L, -867633396L, 1445484444L, -1342877678L, 235545472L, 
441732884L, 395749672L, -2132922310L, -725989424L, -1246901652L, 
1064705076L, -136444782L, -1427493536L, 1766003020L, 1852635616L, 
-208949342L, 613470120L, -1997233012L, -1817762884L, 802322546L, 
-1712004112L, -1866833852L, -62061480L, 156311610L, 125427824L, 
1860416060L, 1137785620L, -928047422L, 1193406176L, 452875388L, 
-1587519280L, -660712542L, 438583848L, 350864652L, 647367612L, 
1479050546L, -1344758592L, 1858129460L, 636630728L, -100772166L, 
-2056904560L, 705825516L, -1620870572L, -321372526L, 1973287712L, 
1340902348L, -1570198304L, -1601410366L, 210382888L, -1245819988L, 
891357884L, -124635662L, -251558352L, 1906872228L, -447261256L, 
-1375240358L, -239146864L, 581954428L, 272900884L, -1572409022L, 
-1136180480L, -25722948L, -505175216L, -1702660830L, 545328712L, 
-381511668L, 1748508764L, 1437886930L, -4912640L, -1990016684L, 
1562129640L, -439849734L, -1774635312L, 25959724L, -1457469196L, 
-1657322094L, 2038462816L, -1360947188L, 1761095392L, -1595913630L, 
-629875032L, -262490548L, -1437066372L, 134386994L, -256483728L, 
-1318614204L, -1344515112L, -659558534L, -1846373840L, 762416060L, 
1230955092L, 591793218L, 779090080L, -405474628L, -1499357744L, 
-866076830L, -639061272L, 483267788L, 240012796L, -889603598L, 
591566464L, -1998666252L, 1350918792L, 1982379834L, 1635409744L, 
-541582228L, 1283222932L, -362783662L, 1037855200L, 1158427852L, 
1469038752L, 871491970L, -461784856L, 236696300L, -864963268L, 
418217074L, 796681328L, 1102654500L, -296206280L, -1068262630L, 
-1757717296L, -186791108L, 1077868436L, -2135666814L, 724608448L, 
447263292L, -619042416L, 1517464098L, -206303992L, -605660532L, 
-17823972L, 1827856530L, -1776541312L, 684229140L, 1808810792L, 
1464337978L, -986592816L, -317074068L, -962878540L, -1504949230L, 
1540747744L, -891878452L, -679903008L, -1709959134L, 204467496L, 
1704392204L, -923765956L, -1345616910L, -613368080L, -1653867964L, 
-1108369832L, 631976762L, 198296048L, -478175556L, -548745964L, 
-421560638L, -1189846944L, -1440462980L, -1243210800L, 1308691746L, 
69068456L, 2019969932L, -1177264964L, -1457735886L, 1315770944L, 
2021034164L, -998610360L, -408228422L, -660033008L, -2057601300L, 
1045421396L, -1791875822L, -414017120L, 1161952972L, 193787488L, 
-846617662L, -1299266776L, 680500140L, 328654652L, -1328763534L, 
2066177840L, -1200380636L, -474739912L, -1773224230L, -481266800L, 
866171644L, 1447809940L, -438386622L, 1860616448L, -787418052L, 
-1330301616L, -729280350L, -1270579896L, 1233156876L, 377008860L, 
-308854446L, 1258553472L, 1899625556L, -2084131864L, 2035074298L, 
-1108861104L, -1760121044L, 1872276852L, 1687228306L, -2047165344L, 
-719649396L, -1314800800L, 1179493858L, 987751336L, 814182604L, 
-1072989188L, 421515698L, -1121542672L, 340357060L, -1132748456L, 
269354362L, -251727952L, 969086396L, -559606700L, 1238640578L, 
-396564448L, 183658684L, 914855504L, -2112933918L, -377994012L, 
1452318738L, -87485465L, -1788314703L, 473945590L, 1905342484L, 
525195045L, 47591471L, -1883874840L, 1072496326L, 1636564851L, 
-179693611L, 1562390450L, 2103556480L, 1759207785L, -1998510629L, 
-1421222612L, 1350559546L, 1715067375L, 1353202809L, 942788366L, 
-1694577956L, -1042085555L, -1341274953L, 1668865600L, -383283426L, 
-1963751957L, 355137901L, -905603110L, 151769496L, 1751465985L, 
1382904243L, -1842140972L, -1302450718L, 1637333111L, 1469820353L, 
-64256186L, 1191006852L, -2087289803L, -1740030945L, -228566152L, 
315630166L, 1426222819L, -316634971L, -867247806L, -1133338832L, 
378424153L, 1382523083L, -2131381956L, -128500374L, 1766938527L, 
742277673L, 1627172030L, 15349164L, 77581053L, -1960933817L, 
-1225763536L, -1556011442L, 14390907L, -1507682851L, -1403165686L, 
2014197032L, 1744739217L, -218432125L, 1214184068L, -1025521486L, 
926226439L, 748090449L, 280339414L, 1502558900L, -1168471355L, 
-2083533809L, 537144456L, 486612390L, 1191302483L, -1497420107L, 
-1685650414L, -363842080L, 1062688841L, 689979003L, 1291413324L, 
121795290L, 852244175L, -851913063L, 1697385134L, -1718323268L, 
-638390227L, -681037865L, 48383520L, -1346902146L, 45435211L, 
-429495475L, -1207101062L, 1233845176L, -1285881503L, 828673299L, 
1476793652L, -331382974L, 539418455L, -738546015L, -1644167322L, 
625408356L, 1213029525L, 950080959L, 936327512L, 118683510L, 
-2082536061L, 482410437L, 1335854306L, 1683784016L, 139419769L, 
1343529899L, -94484196L, 2007023178L, -2070029761L, -521007479L, 
-443024738L, -507984052L, -1770676451L, 1778327207L, -2014521904L, 
-842134162L, 2009358363L, -277622403L, 590169962L, 1415184904L, 
1934714545L, 540107043L, -1343409628L, -854877998L, -1072213721L, 
-1534174351L, 612010422L, -281271980L, -1320280091L, -1442055697L, 
-1673215704L, 1282218374L, -995441229L, -1648260843L, 409189234L, 
