.Random.seed <-
c(403L, 10L, -1998531311L, 1227247936L, -720617186L, -505825815L, 
-1989167333L, -467042006L, -983229876L, -949172721L, 439380293L, 
654668540L, 613296466L, 259505869L, -1665411449L, 267927918L, 
-1226892472L, 1518018379L, 485451433L, -93324296L, 652084006L, 
305505345L, -9361965L, 901744514L, -1701950540L, -337738953L, 
-1731411411L, 767632196L, -293631894L, 1270362837L, 1204554863L, 
-2041051786L, -485757280L, 962243427L, 2066382849L, 1665600368L, 
2099290894L, -1131061895L, 316455179L, 2131864122L, -1263288004L, 
-966685057L, 135370197L, 1808272364L, -1106760382L, -1589439843L, 
-1328808169L, -997106050L, 697867832L, -810161893L, -1103393159L, 
-1932145976L, -829277450L, -1748028623L, -95558813L, 35436850L, 
1138444932L, -1279269177L, -159961699L, -198825708L, -1467185222L, 
1280111109L, 39248863L, -1137026458L, -1637313040L, 1255396115L, 
415513777L, -302481568L, -1726538498L, -924926839L, 1544223675L, 
653235594L, 1134851180L, 1395428847L, -1988884955L, -209583396L, 
465377458L, 884628397L, 1825709927L, -156316530L, 1261242728L, 
2047883627L, -1854711031L, 192966040L, 1586920646L, -1471748575L, 
110986931L, -1428067294L, -877267436L, -560207209L, -69090163L, 
-1680979548L, -1254182006L, -728801291L, -55898545L, 527890774L, 
944686080L, 1796558147L, -1089953567L, 1701526096L, 1763600046L, 
974787161L, -1599243669L, 896495578L, -2021486436L, -729382241L, 
-674483979L, 1968036236L, 1799738466L, -1762257859L, 1399641783L, 
-2120436386L, 511171736L, -1445419013L, 1214893465L, 714493480L, 
257808086L, -1840028847L, -1608653309L, -2093110894L, -851962076L, 
233871847L, -55658947L, 1793491124L, 1648473882L, 196344933L, 
403731711L, 2064668038L, 1318669072L, 1357057971L, -1903897519L, 
392591360L, 921389278L, 1924670249L, 1694580443L, 1229196778L, 
769504652L, -647927089L, 744699525L, 1953994044L, -1356392430L, 
1543231245L, 689181767L, -369715666L, -2060796024L, 846690955L, 
-860754839L, -863965128L, -154224410L, -889945983L, 1148770323L, 
167047106L, -1013827468L, 1349217911L, -1151127699L, -1411371004L, 
1300843306L, 166531221L, 721661743L, 1273312822L, 2129424992L, 
-2135117661L, 974013377L, 1176866736L, -194356530L, -687847367L, 
1126157899L, 588960762L, 2119704316L, 1827861311L, 1417935893L, 
-796313812L, -1618387966L, -889889059L, 1313607127L, -990312258L, 
-1155998984L, 1446265051L, -1718672583L, -839776632L, -1643785674L, 
391416433L, -1282846557L, -1857340942L, -1167017660L, 1645687303L, 
53075933L, -428504876L, 1646180346L, -1536299195L, -1236370529L, 
197136678L, 1225392560L, -2079794605L, -795712143L, -1395325792L, 
-1430830018L, -2041115831L, 1890367995L, -910008886L, 746804012L, 
1859525423L, -985964059L, 1724796060L, 1172228338L, -346242707L, 
-1968853337L, 595083470L, -437826008L, -1389308373L, -185631671L, 
1166744920L, 1515873286L, -1833040415L, 216125299L, 283003874L, 
1890886484L, 653667927L, 829306445L, -799159836L, -516381750L, 
-255130059L, -828904305L, -220559978L, 111827264L, 1156895747L, 
821716513L, 2088071440L, 1318092526L, -832672478L, -1637222840L, 
-134756340L, 1789241436L, -389516846L, 1109021184L, -805496492L, 
1755235560L, 775322874L, -206250288L, 1680221484L, -842176268L, 
-12104302L, -691162784L, -1191833588L, -188229920L, 1674300002L, 
982050472L, 2022950476L, -141925508L, -661314254L, -365554064L, 
-3527868L, 1129047000L, -1745981574L, -1172264400L, -333190212L, 
-363638188L, 934093890L, 173326496L, -1601742148L, -792740400L, 
486852450L, -832730392L, 1836659916L, 1504218620L, 1579284978L, 
-502548864L, -1767279116L, 3265160L, 38420282L, -322584752L, 
-1314309012L, 2068034964L, -1639152558L, 43833824L, 2074447052L, 
1366280352L, -128022142L, 1570199784L, -994657556L, 923952444L, 
-1449597838L, -518550416L, 736310308L, 2029834296L, -1273126118L, 
171533520L, -1415113924L, -1045233772L, 1289222018L, 1525804480L, 
-529583556L, -458630768L, 745951778L, 98815240L, -553327988L, 
1907787548L, 61221010L, -2002777728L, 230640148L, -1504632024L, 
-1558389190L, 1267143120L, 380401004L, -355095628L, 1080912914L, 
772217312L, 758447052L, -442160928L, -114515934L, -46101208L, 
561769996L, 1697815356L, 180069362L, 1012465392L, -1172995516L, 
270954072L, -667827398L, 1199014384L, -1074352452L, 1702284564L, 
-1765861694L, -912418720L, 625981308L, -224445488L, -333476574L, 
-658110808L, 1707662220L, -811561796L, -1511061710L, -1080870336L, 
-1752747852L, 809859656L, -2118799942L, -1511288304L, 1952511724L, 
972375380L, 282875154L, 909756832L, 1591506636L, 1537326688L, 
1887980482L, -1252472024L, 1007233964L, 573833020L, -8471182L, 
1402007344L, -1865394908L, -726731976L, -1271812390L, -1484809328L, 
672942844L, -1011502188L, 1932935234L, -786812672L, 1560239164L, 
-1947044528L, -961785694L, -1840577208L, 900111116L, -2024351012L, 
1246429522L, -1283757952L, 848850004L, 817804264L, 448449786L, 
-1782960304L, -1389414612L, -121463436L, 930267026L, 1245203552L, 
-1946909300L, -2120916128L, -1123793438L, 1679266728L, -657950516L, 
1621636092L, 643854770L, -1493017104L, -51781692L, -1043355304L, 
-1757352582L, 427562928L, 76578236L, -680922028L, 348178370L, 
-1236170720L, 2026758332L, 696763984L, 985413602L, -842860440L, 
-363915188L, 1152394492L, 374331378L, -2043044608L, 1461712244L, 
-1796227064L, 223744954L, 883578320L, -1737502740L, 1323853204L, 
1671553490L, 360118624L, -2004518068L, -1223143136L, -1423489150L, 
374054632L, -777320212L, -2069862340L, -581214350L, 815189616L, 
-1531454428L, -802320584L, 746839194L, 1877672656L, 104558780L, 
1505787540L, -306590078L, -1134354240L, 1595270972L, 567070864L, 
-552427998L, 1199754248L, -2101457652L, 314203292L, 1145877010L, 
1395110784L, 2113177108L, -1612759512L, -159244998L, -327569968L, 
489855084L, 2007426356L, -470291822L, -218316960L, -1573736628L, 
807663584L, -177550430L, -1495950424L, 396568972L, 749448380L, 
721043826L, -242140944L, 1250039876L, -543357608L, 1796467258L, 
1042804592L, -275313604L, 928437012L, -145164862L, 62856928L, 
283593596L, -904084784L, 1570405538L, -1263722456L, 1328896268L, 
192918535L, -1880104879L, 1130926038L, 467943092L, 752312005L, 
1556803599L, 1907237000L, 467378598L, -851715757L, -30709067L, 
-2074148846L, -1749052960L, 1535411273L, -1663823237L, 655645516L, 
-1068118310L, -1498340657L, 1409925785L, -773189970L, -1312846916L, 
522236973L, -1277338665L, 1690776096L, 1386812286L, 125828427L, 
-478855347L, 45503866L, -1161410632L, -1043456671L, 860819731L, 
1328539956L, -249945278L, -46984361L, -90983775L, -1909046426L, 
1102691684L, -755308395L, -1184044609L, 528334168L, 724304758L, 
-2016706173L, -1322810427L, 259168482L, 1260608848L, 359951481L, 
481099691L, -1503247076L, 1951068746L, 2095986239L, 689539721L, 
886075038L, 1512213324L, 1781189405L, -1607869785L, -222236208L, 
873945454L, 989414427L, 1252937085L, 2105052010L, -984543736L, 
-1162468687L, 1836174627L, 1833917988L, -266357550L, -1281542873L, 
1806155633L, 2132057526L, 988030292L, -1088486427L, -949371409L, 
-2086017752L, -1930381946L, 346952115L, 681757973L, -1578627214L, 
-1369564224L, -182195159L, 1536317595L, -898636436L, -1292132998L, 
1536044719L, -678423111L, -2127964210L, 715216668L, -714406259L, 
899286775L, 211995136L, 617813086L, 418543403L, 2095600685L, 
1414096026L, 206792792L, 241278913L, -624652173L, -1216321132L, 
-820205534L, 835059511L, -1951219199L, -68715770L, -1982765244L, 
583678581L, -137323553L, 1618214712L, 1102694678L, 392721699L, 
-1986197787L, -1743585534L, 2116687216L, -1126308583L, 1479359755L, 
-334799364L, 55260714L, -1937498529L, -1131758103L, -514818306L, 
1643740908L, 904367677L, 1096146439L, 893899248L, -1048432242L, 
1346910139L, -1157365347L, -1630601398L, -353139864L, -1534003887L, 
-865552829L, -383755452L, -548706318L, 258786759L, -308270191L, 
-484400362L, -1114777740L, -578763259L, -1000714673L, -792507832L, 
669359078L, -22563565L, -1688581515L, 1205819474L, -1719313760L, 
