.__global__ <-
c("Goldmann.demogr" , "ID", "Octopus.demogr")

.Random.seed <-
c(403L, 10L, 1611973968L, 1608588206L, 1091197273L, -1586108565L, 
313095898L, -1271392356L, 1134652319L, -396586507L, 50062476L, 
-110736030L, -537460419L, 785623479L, 82267742L, -422541416L, 
837560059L, 76304025L, 728004392L, -644559402L, -1929612719L, 
973252867L, 1577927826L, 749034020L, 84149479L, 1182390589L, 
-917541452L, 949465626L, -980903579L, 31057919L, -1588306298L, 
1315948048L, -641762125L, -1481009327L, 49355520L, 821920222L, 
-675329495L, -2063824421L, -1242941718L, 1250653324L, 1090403279L, 
-1878797435L, -27393988L, -1109192430L, -1756137971L, 25347399L, 
-406139090L, 1768309384L, -1511234677L, -1698253975L, 926903608L, 
2108415974L, 1472960385L, -540659949L, 1719556290L, -624053388L, 
-102277257L, -525825939L, -254744828L, -1319225814L, 1438923669L, 
-948731857L, 880179510L, 1499355488L, -650684509L, 565706945L, 
-1387802448L, 335912910L, -1645497543L, 1613454155L, -2100367110L, 
2130184700L, 307276351L, -624828651L, -1477309396L, -1890609918L, 
-151683619L, 1284955351L, 1026672574L, 2036658680L, 1116112347L, 
470248505L, -498557560L, -1222248138L, -1514639L, 1010074019L, 
-74720014L, -203055036L, -1858366713L, 2106639069L, -2028680236L, 
-584480006L, 762416709L, 570422943L, -848335834L, -209123152L, 
2055557459L, -1350865807L, 2024272288L, 560303422L, 926600265L, 
1538640123L, -1796235062L, 1626625580L, 2081393199L, -865107227L, 
-1581254756L, 1023730162L, 859589741L, 1607261607L, -266270770L, 
2003502376L, 266155819L, 662256969L, -445898152L, -1800996090L, 
677189345L, 58098291L, -161961246L, 845141588L, 1267818327L, 
1809077069L, -401402140L, -1657202998L, -956606667L, 1130552719L, 
1845861014L, 1332441664L, 152171267L, -1229495519L, 78447632L, 
768320494L, 273650585L, -693081045L, 398661914L, -1215685668L, 
404512223L, -1768699467L, -1264220340L, 526777762L, -1600918275L, 
-1686867465L, 19463966L, 172384728L, 1190304571L, -1605702439L, 
-1565646744L, -273349226L, 2073001233L, -2045292861L, -52097326L, 
639113060L, -1764242777L, -1822845955L, -1550408204L, -2141822246L, 
-1359064027L, 197089599L, 693984966L, 2085434192L, -989017229L, 
574053777L, -851984448L, 612735390L, 76514153L, 1645303707L, 
-1298956630L, 652433612L, 440248719L, -704193083L, 858980732L, 
-903310894L, 1545088333L, 906137607L, 517275630L, -1534376248L, 
405420491L, 1350609961L, -1557136776L, 1272145830L, -1055624767L, 
-1401379245L, -2091651838L, 1172741172L, -2082456137L, -495890003L, 
684028612L, -2038012182L, -1478375083L, 435937007L, 1352572150L, 
357829664L, 1531252195L, 626454145L, 725633264L, 458966926L, 
-52889351L, 649749131L, -568433990L, -1203352132L, 1338341119L, 
1589606997L, 1447214444L, -1759431230L, 33519133L, 694840983L, 
-1372329986L, -1723862088L, -1148063845L, 2123970041L, -970181304L, 
-1527136138L, 545697201L, 1112052707L, -87142222L, 818068740L, 
1886674503L, -1015830243L, 1486137236L, -1604113606L, 1438758789L, 
855336031L, -1705480474L, 1790973296L, -1324949869L, -1738266831L, 
-640115232L, -1118680450L, -748922615L, -1012650328L, 1653119884L, 
-786580292L, -1680842958L, -1832132032L, -1776024396L, -1976204216L, 
-179791430L, -1908998640L, -1705768724L, 78141780L, 1363064594L, 
-939846240L, -83690804L, -405064096L, 1440161730L, -386923736L, 
-738439764L, 828100924L, 770178930L, -1719729872L, 1892560676L, 
-135199432L, 190683866L, 1898170256L, 353653500L, 426569620L, 
1258317890L, 1948081408L, 1417571388L, 792874320L, -2015586142L, 
-112609464L, 1710200588L, 1874922204L, -1033473198L, 264114816L, 
1408153684L, -684553240L, -671467782L, 1578469712L, -1013595348L, 
776619892L, 1388446610L, 84899424L, 2136526732L, 1990259552L, 
-727562270L, -1241890904L, 1728060620L, -648196612L, -2144465998L, 
-1005295120L, -1968887356L, 782311768L, -1540954758L, 1735840176L, 
-731992132L, -1911484332L, -536362046L, -1375427552L, 926481596L, 
1145379408L, 859602914L, 2046752360L, 1172216396L, 1976434940L, 
1298468850L, 218529024L, 1187600244L, -1803190264L, -1157986886L, 
321600976L, -1707531284L, 28663700L, 1588812754L, -757852320L, 
1351845196L, -1152930528L, 1246380930L, 230071016L, -1249860372L, 
82471484L, 1016826738L, 1477061232L, -1388824540L, 1488766776L, 
187362458L, 732680912L, -1666768708L, -598681964L, 1402594946L, 
248429760L, -1606979268L, -692940656L, -489428446L, -457734648L, 
1058390284L, -1311772004L, 402525714L, 1968573824L, 1629396500L, 
-664660440L, -162798278L, 1761331152L, 223941228L, -569514188L, 
1282114194L, 892885344L, 646066508L, -1256615968L, 1771650978L, 
806868904L, -1935168628L, -1409603908L, 967871346L, 1197168880L, 
342472772L, -1717232296L, 1630000186L, 1530930032L, -1956445124L, 
1409174292L, 1188571586L, -26763040L, 1903056764L, -1037590832L, 
-601209182L, -572259288L, 381045004L, -1159482436L, -1850786510L, 
-1837064256L, -1737223628L, -1614652472L, -963459910L, 104664976L, 
1916630508L, 780419156L, -274317678L, -772343008L, 918138316L, 
-1111663648L, -475823422L, 1362696744L, -371286356L, -1799294276L, 
-760327694L, 2078918960L, 482806948L, 453935800L, -1646269606L, 
1424493968L, -1931955844L, 1429343508L, 1254205762L, -1525939456L, 
1802214332L, 1970355024L, 169410850L, 817323336L, 455768076L, 
-765904804L, 1699062994L, 154224640L, 389315412L, -90496536L, 
-736389126L, -767355184L, -893721300L, -551155468L, 1857079186L, 
-1425277856L, -1263764212L, -1475000608L, 2008407394L, 938525352L, 
1145264716L, 1603057532L, -1217598670L, 1590410864L, 581254468L, 
455244760L, -691122054L, -2144426448L, -438400324L, 6481748L, 
306567746L, -1685738592L, 1784350908L, -996990512L, 1316930914L, 
-1224715288L, 1290368972L, 330675964L, 1522716658L, 1040047232L, 
-727426828L, -1750436728L, 142239034L, -1834237104L, -1558803348L, 
-2041823084L, 1094261074L, 1217117920L, -1082887988L, 1627420832L, 
772356482L, 2136193256L, -1344079636L, -959956932L, 1646985330L, 
839542896L, 1527595556L, -1914764744L, -1785034214L, -1813810992L, 
-1886947780L, -1017852780L, 1652511874L, 576948160L, 1634348348L, 
477666960L, -1506626526L, 588156936L, -1151165300L, 212631580L, 
-541961983L, -643243002L, -308846012L, 631753589L, -393253153L, 
2139822648L, -499002858L, 262784547L, -587771419L, 1235410946L, 
1425078896L, -1303285735L, -1170331125L, 1490084092L, -1050428118L, 
-1594104993L, -708644119L, 52926974L, 1336665580L, -1187539651L, 
-315630329L, -169820944L, -1431560050L, -161326405L, 1895740061L, 
-28735926L, 1367911528L, -1473059759L, 1721290563L, -1563403708L, 
1284872434L, 1636132039L, -655106415L, -543629290L, 503089780L, 
1985797L, 827949903L, -113226424L, -1001996058L, 1208964627L, 
320637301L, 2143718738L, 2070994336L, -1621881719L, 1471052987L, 
-988958964L, 1354024602L, 927734799L, -436971431L, -1060514578L, 
-1806889092L, 1388542957L, -1235860329L, 454954848L, 1112434494L, 
1438308363L, 1889730701L, 1313061306L, -155699208L, 657191841L, 
-796553901L, -1412676492L, 454440450L, -786929513L, 1997445729L, 
-2065837402L, 548141732L, -556118187L, 1375491071L, -931630440L, 
-1780082762L, 549526595L, 1092507013L, 810831394L, 812135696L, 
-796846919L, -902071957L, -943220644L, -1717725814L, -1526140545L, 
1882680521L, 2084229470L, 1014383116L, -1898600995L, 67321063L, 
875776272L, 1836742702L, -187466021L, 1003657149L, 448770346L, 
-827050552L, -1365185807L, 1910236259L, 1258586212L, -335787118L, 
261955687L, -806158287L, -1057746570L, -759185772L, -1373113179L, 
127822255L, -2085899672L, -1945359802L, 512143347L, 195637077L, 
-1276751566L, -2027883264L, -1873082903L, 1967403099L, -1581661524L, 
-1179706182L, -141025681L, 936953L, 946623118L, -234568868L, 
-1764798515L, 1705692983L, -1701597760L, -55930210L, -1079620757L, 
882111213L, 1300981594L, 1451047960L, -1853003391L, -1989558477L, 
-2052663980L, -632193182L, 1199059959L, -643384255L, -896862010L, 
-181680636L, 262082997L, -702632289L, 770899704L, -620600618L, 
