.Random.seed <-
c(403L, 11L, -2007034995L, 54191047L, 997824686L, -65431288L, 
1112549131L, 1111138793L, -986798408L, 1264914790L, -2092838399L, 
-1026159469L, 1581348674L, 7407860L, -852802313L, -853435155L, 
-1400352892L, 853098922L, -1830488299L, -621795921L, 841829814L, 
1239200736L, -1963042013L, 402250817L, -1751732432L, -1070154418L, 
-1020723271L, -2050868789L, 1784363642L, -1934643332L, -67895361L, 
1747576981L, 1133680300L, -867187582L, -302865315L, 1478994775L, 
1973466686L, 776010360L, 378898779L, 1700767929L, -1234745080L, 
-1768145994L, 1873836273L, -1882263773L, -138970766L, 1581329348L, 
725370759L, 847383901L, 1752654676L, -17991302L, -1199131451L, 
-1798576609L, -557059674L, -226122960L, 548491731L, 159717361L, 
-532958944L, -226603074L, 349585353L, -998256773L, 908244298L, 
-1678442068L, 195173551L, 987203173L, -1421230564L, -1188564878L, 
753215213L, 2119109415L, 940205902L, -313733208L, -952411221L, 
1148606665L, 952590552L, 1823997318L, -143960991L, 806426099L, 
-1717611422L, -1975266604L, -946842665L, 344017357L, 1578876260L, 
859683146L, 1986298037L, 1092560911L, -1794293482L, 19798976L, 
1690285955L, -1425369695L, 252270992L, 1614439022L, 729396249L, 
366127275L, -1480123238L, -1194058660L, -441775777L, -1260569803L, 
-619995444L, -1830466526L, -1546105219L, -1475660937L, 283380894L, 
1464269656L, 1039105723L, -1605885863L, -1142250520L, -1942182378L, 
-458077807L, -1743033789L, 1225632082L, 1731091940L, 1460831271L, 
1910337661L, -403546764L, 770380122L, -247670875L, 1507768255L, 
1934773318L, 2141969104L, -2118769421L, -39271919L, -1026821056L, 
-359942114L, 1772078825L, -40971237L, -737248214L, -1459396788L, 
-1809726193L, 1586546757L, -1705446916L, 704618578L, 896616909L, 
-971515001L, -973418898L, -630211000L, -161654709L, 1453568425L, 
-722711304L, 1136384038L, 1190086977L, -220887341L, -1102172542L, 
-1683024716L, 358665271L, -484233427L, -1415451580L, -1026952854L, 
423980501L, 175131503L, 511881846L, -650271328L, -1673203101L, 
-1853443327L, 2012195440L, -1736948210L, 175017593L, 1684560395L, 
711758650L, 822127164L, -783308417L, 834642645L, -843828500L, 
-303602622L, 697392029L, -1059212777L, 458966910L, -294197960L, 
-157158885L, 1385331577L, -618455608L, -1526980106L, 520959025L, 
138921571L, 1830550066L, -2024724604L, 679335367L, 277462173L, 
-1703674860L, -1179084102L, 858503941L, -479141665L, 1648556390L, 
-544953104L, 1179637779L, 2146930097L, 2025916512L, 2011694590L, 
-288624247L, -916298053L, 2129142410L, -231522964L, 369691375L, 
-1389578971L, -265960484L, -585371214L, -425971539L, -649854873L, 
-1206360178L, 88379496L, 1159281771L, -114629111L, -764409704L, 
706638790L, 1720682273L, -109698125L, 1160825634L, -1318191852L, 
768896407L, -1352215155L, -1555270492L, 1841157770L, 1669254389L, 
-1592503473L, -1506046890L, 52825856L, -508130749L, 1357492705L, 
-1980983984L, 81578926L, -1572853415L, -1948362901L, 543778522L, 
-332470372L, -1566704737L, 1146348021L, 1357485196L, -1458209438L, 
-712298179L, 1174100407L, -503243170L, 1033660788L, 1101117074L, 
-310604192L, -646461812L, -1466390688L, 1714293474L, 6394024L, 
109833420L, 312844796L, -1401581646L, -286234128L, 92845508L, 
1625561944L, -678269062L, 1284457904L, 198927804L, 760104020L, 
-1216718910L, -650127584L, 1421847484L, 990234192L, 104860130L, 
2043823464L, -1015915188L, 1739142396L, -130323726L, -1370946816L, 
-62091660L, 762156040L, 1752394170L, -122817584L, -1635965460L, 
1030033300L, 1006173906L, -904119712L, 1336442188L, -1294413536L, 
590319234L, 1351968232L, -2025724948L, -599516612L, -620804494L, 
152140656L, 110547236L, -1515867592L, 2008611226L, -1844130352L, 
-1790964292L, 471110804L, -1436510078L, 1687952832L, -1253470404L, 
-243400560L, 430181154L, 1291766280L, -413062900L, -456078948L, 
-453916142L, -498880640L, -1633629420L, -115605208L, 263800890L, 
1255414736L, -811553172L, -1650036172L, 1026516626L, -427958944L, 
-1837676212L, 1901818848L, 1533043106L, -554780248L, 91813516L, 
654753212L, 1958670962L, 1468599280L, -814103996L, 746483800L, 
1609483322L, -1483590544L, 571188284L, -1977178860L, 986745538L, 
1599289056L, 1793723516L, -1522496816L, -151885406L, -147776472L, 
640165644L, -34042436L, 1665820466L, 877506240L, -32092108L, 
792973000L, -53770054L, 1457005200L, -848658708L, 81713748L, 
-1507742062L, -1444500192L, 1796580812L, -1916563744L, -375733054L, 
1526070312L, -1655557204L, 1431875260L, -1951311886L, -232555984L, 
1218814884L, -480645704L, 2067844954L, 2094325904L, 1327697788L, 
165311764L, 215771458L, -37317376L, 1016922556L, 801154384L, 
-140136158L, 1964151368L, -700267508L, -1809829284L, -1003788846L, 
142171648L, -1650984620L, 1085885672L, 1980692730L, 2092301008L, 
2022309676L, -229104396L, -245482094L, 1879257440L, -1804357620L, 
673253600L, 1590793826L, 987680936L, 433299532L, -204982404L, 
-1401344718L, 1739034224L, -375990460L, -414356520L, -449665158L, 
988070960L, -1387886660L, -712189356L, 169965634L, -733591904L, 
-1490169156L, 85692368L, -1733545630L, -320115992L, -1383510836L, 
-1456125444L, 220787186L, -1910867840L, 1966636532L, 335997576L, 
1559160634L, 1680712016L, -879787924L, -916789868L, -149425070L, 
-1165807136L, -235441972L, 184498848L, 1347582338L, 886017256L, 
-2003528980L, -1844692676L, 324722L, -1921401232L, -620870108L, 
-1099749320L, 933188890L, 599822544L, -452936388L, -354648172L, 
-1699315838L, -2100813888L, -575125956L, -758707824L, 166437922L, 
-1913292536L, 1943860364L, 936993564L, -2087200622L, -1736783488L, 
-752231404L, -1905254616L, -11057606L, 580137424L, -1819725460L, 
532232116L, -671891950L, 2102698976L, 338388428L, -942373664L, 
-6123486L, 336164648L, 1862612492L, -1062530244L, -1047530510L, 
-2082968848L, -919262652L, -1916819880L, -744540358L, 487592944L, 
148104892L, -1147984620L, -1568968510L, 929668192L, 680409468L, 
239982544L, 21485858L, 1012592296L, 1419639692L, 948952252L, 
-1584480462L, -544325056L, -1064819532L, 1192100936L, 2117720506L, 
-304398832L, -116750100L, 840849748L, 1155864338L, 1189213600L, 
122635296L, -652896759L, -353693893L, 1195393676L, -793471206L, 
-1787446897L, 524097241L, -1981859474L, 1812432124L, 1036361325L, 
-738846185L, -109801504L, 976849854L, 1513384331L, 702151181L, 
-551356870L, 1634737784L, 2094831137L, -611129133L, -1118201868L, 
1673789570L, -1369548521L, 554463201L, 1189144870L, 434194468L, 
705243861L, -1021241729L, 1605080856L, 709957174L, -785078077L, 
-1566309115L, 355331234L, 1441936016L, -825663943L, -710598933L, 
-1542938660L, -1650482678L, -904043265L, 2137141577L, 1387438814L, 
-21802868L, 1517701213L, 1268377191L, -1947691120L, -2120746066L, 
-1121467813L, -1080181187L, 1772708010L, 939508040L, 130270577L, 
829993699L, 946420196L, -2095270638L, -781694745L, 584535729L, 
702297334L, -2017671404L, 1429598245L, -1149098705L, 2031979240L, 
-553097274L, -120620429L, 1616030933L, 1251528370L, -2146544000L, 
-904831383L, -389774629L, 1601625644L, 457342522L, -1946748689L, 
-1145535623L, -1649741810L, 717419996L, -1416849843L, 1497716151L, 
248081216L, 1390815774L, -1338135317L, -679381907L, -2100575014L, 
-2101506920L, -852468991L, 1634959539L, -333083692L, -1567656222L, 
578266999L, -259003711L, -1568794042L, -1568279164L, -191968459L, 
663697695L, 729157752L, 462450006L, 1436824547L, 1601744293L, 
2020577346L, 1445936688L, 664397401L, -746414133L, -1180655556L, 
-208761238L, 1034421407L, 1525728553L, 89010622L, 1210953900L, 
904267261L, -79770297L, -1757485520L, -1637732530L, -1224744069L, 
2077541597L, -680901366L, 1608753192L, -2071260015L, -370425725L, 
-1363308156L, 1987395506L, 75596039L, 2084049745L, 1341838038L, 
-1077376076L, 1771467717L, 500065039L, 712761736L, 287274150L, 
-465353645L, 685147573L, -2129958126L, -986162976L, 1391652169L, 
1585885051L, 626719308L, 1068385242L, -1475212849L, 1011785625L, 
-467732562L, -708969284L, 1713206573L, 426714839L, 1870196512L, 
