`.Random.seed` <-
c(403L, 57L, -1644530160L, 776039603L, 1619879761L, -1680848128L, 
-1435045410L, 1895045673L, 932960731L, 1315702506L, -1011981172L, 
1759292367L, 1725293445L, -956993476L, 1483522322L, 1971947021L, 
-590211769L, 385695534L, 61313672L, -93555829L, -1660771479L, 
-855892680L, -1738493978L, 670525313L, 852442899L, -654276414L, 
230105972L, -1496273033L, -1498490771L, -765298940L, 359319082L, 
13314965L, 559173679L, -1986926282L, -40859296L, 1846642595L, 
1771851969L, 1211211952L, -44929074L, -1412226247L, -68129973L, 
212615418L, 1198111228L, 1619614271L, -7098603L, -48808916L, 
635495682L, 1585843677L, -580809513L, 1828263870L, -744603144L, 
-726927909L, -1420616647L, 1602923912L, -832542410L, -95620239L, 
1007022499L, 1385000178L, 2047881284L, -840899833L, 1853829853L, 
-1119708204L, 1931664122L, 1096302149L, 2007262879L, 1741159462L, 
1909610672L, 77635923L, -882664335L, -2041028192L, -24494786L, 
1266162761L, 816322811L, -1862971190L, -1664293332L, -1384236497L, 
1919005413L, 1580861340L, -1090194958L, -1140384659L, 524283303L, 
721508302L, -1659734744L, 1431217963L, -1621021367L, -1416023464L, 
-502035706L, -980392223L, 147714675L, -640435486L, -560495020L, 
1773473623L, 1602331469L, -567097628L, -237189430L, 269092661L, 
462417295L, -602223978L, 1945559616L, 2114904835L, 282022689L, 
-157494256L, 1140536302L, -387988583L, 1737194539L, -749418214L, 
-787895332L, 1775898079L, 760322485L, -797837492L, -649138782L, 
-1842217731L, 1570628087L, -383750370L, -2080312872L, -1273894085L, 
-488760103L, -1213902744L, -1772554858L, -1078244079L, 1198538435L, 
-1261642030L, -1560500380L, -320521561L, -1223998467L, -1794353676L, 
-1814891814L, 128345125L, 1784285503L, 945360582L, 880952144L, 
616799091L, -968397423L, -22007872L, 1329211806L, -1077529751L, 
-2069002341L, -681767254L, 1987446988L, -239134321L, -495972923L, 
1448399228L, -1588543022L, 231169357L, -812294137L, 1042763758L, 
-1693387064L, -131184181L, -595010519L, 277441144L, 1071609766L, 
1789362625L, -738486701L, 1383628034L, -237876172L, 772943287L, 
2136965549L, -1770405180L, -1721886998L, -754468523L, 493948655L, 
284159222L, 507599904L, -889528861L, 686751361L, -411408L, -2103756914L, 
-767637255L, -16805237L, 416871098L, -744243780L, 897804031L, 
-1277597099L, 132222316L, 601916866L, -474847715L, 583442071L, 
-230811650L, -966270024L, -905904229L, 913843705L, -1597528760L, 
85553270L, -264061519L, -868768797L, -1979195214L, 1882393860L, 
1644564039L, 394115357L, 85964692L, 2034154298L, -1961162875L, 
-1629457313L, 889585382L, -971127440L, 461844115L, 987764529L, 
-2140680736L, -1512424834L, 687286537L, -1305703621L, 2038006538L, 
1701087980L, 447793007L, 1735108773L, -1813888420L, -372215246L, 
-416843475L, 473956327L, 302794510L, 1813518568L, -735122709L, 
1293247369L, 1777696536L, -1803820474L, 981189281L, 1838458163L, 
808459426L, -56339564L, -554350057L, -1300886003L, 374532900L, 
-390203638L, 1313397365L, -1413609009L, -847965482L, -608127360L, 
-1179797309L, 1221260897L, -762532804L, -1306186416L, 825546914L, 
581564232L, -290146548L, -637416740L, 1751741266L, -975162752L, 
-801204140L, -182621208L, 1741780730L, 2118117712L, 1445053228L, 
-209401996L, -1971559534L, -211323296L, 843591564L, 99832672L, 
-1259927582L, 1329495976L, -888709940L, -96530948L, 115665842L, 
361646576L, 266922436L, 828907864L, -1813265030L, 209957296L, 
839389116L, -1909616556L, 1780065218L, 639960096L, -1091347268L, 
-374121904L, 1252884450L, -841771416L, -1410246068L, 1831919868L, 
-1936822286L, -1891312384L, 329070452L, -1206198264L, -871520838L, 
1121451472L, 1216611308L, -1476673644L, -334840878L, -1906641056L, 
-1730222772L, 1651920160L, -864631934L, -1544963352L, -1743133460L, 
438364732L, 1204767602L, -1407128976L, 1669134372L, 1044449080L, 
968354970L, 2032186064L, 556400828L, -1507666284L, 531867266L, 
-1322509120L, 629272892L, -309399408L, -1563514334L, 1050240520L, 
-1160101620L, -1803332964L, 1140551186L, 70577536L, -779543020L, 
313267752L, 1639884090L, -1836464176L, -1553935764L, 1351755572L, 
637198994L, -758236832L, -640151220L, -842436640L, -1636720734L, 
351385512L, -1325528180L, 1691887292L, 7621490L, 616839408L, 
-1412818876L, -1414275752L, 400266298L, 2075919216L, -1322220484L, 
-1232295148L, 1657489858L, 965607648L, 1170519932L, -1361568048L, 
758548130L, 167691304L, 227354892L, 1594127292L, 1366588722L, 
1946640320L, -1527213516L, -1663657016L, 1900160186L, 806252432L, 
-1606920724L, 1216528468L, 1381637778L, 2058124064L, -914879028L, 
131840992L, -1582562622L, 1118411304L, -499695956L, 279073468L, 
653586930L, 148113712L, -933040988L, 1136059064L, -481399974L, 
1797123472L, -1897139844L, -1848406764L, 884648258L, -472751360L, 
644455356L, -2079876272L, -1734057694L, 2006048072L, 83507212L, 
495646812L, -1465834286L, 65521664L, 135551828L, 1847853544L, 
-1896351750L, -980683056L, -1718065876L, -1698371340L, -1676318830L, 
-2108531616L, -1859609332L, 1498269408L, -1130431134L, -1154112856L, 
1131616844L, -1237461124L, -1051956430L, -1713103248L, -230122172L, 
-434701352L, 294269050L, 1133454896L, -12252484L, 175310676L, 
1669773890L, -53335136L, 1412262076L, 1478255056L, 433726818L, 
1418761192L, -364816436L, 1697781500L, -50868238L, -1422214016L, 
-1616447244L, -2037451640L, -1201756870L, -1370389680L, 1197829228L, 
259858580L, 205502802L, 1199079136L, -1819062068L, 1720506528L, 
414226818L, 486750440L, 1180047596L, 1053464636L, -1561796494L, 
835135600L, 1888231972L, -963386824L, 1714055706L, -804958000L, 
1233139260L, 1356172436L, -1686793086L, -1707079744L, -1266504388L, 
-927859056L, 1163613218L, 1459671048L, -1918157684L, -684638180L, 
-598563694L, -212759424L, 522355732L, -999496920L, 1110742074L, 
891055312L, -1257573268L, 1140954804L, 218144786L, -326058016L, 
1837222860L, 1714208224L, 541101090L, -363178712L, -1568712436L, 
-639250884L, 588383474L, -1325401872L, -455919804L, 1266135128L, 
-1453227462L, -9746192L, -1057840452L, -203978220L, -1887884094L, 
555415136L, -1934506628L, 471639248L, 864597026L, 405498436L, 
-787142414L, -882649913L, 1314123409L, 1725149206L, -2137949580L, 
-31703803L, -1984269489L, 1918573896L, -487649050L, -2036103661L, 
1365334389L, -490693294L, -1483272800L, 1284439177L, -856765253L, 
-236822772L, 1569404570L, 914287631L, 1594124377L, 463635694L, 
-1928298628L, -1818006547L, 82744471L, -1512644768L, 1016158014L, 
1489995787L, 403976333L, -618714694L, -186398728L, -1706368095L, 
481353043L, 948376692L, -1368390142L, -1395205993L, -220493215L, 
201982630L, 425839268L, 2080096085L, -142605313L, -1720909160L, 
-639424586L, 1055034435L, 112518533L, -1301840350L, -306895600L, 
743204025L, -1586828949L, 416270428L, 639640970L, 273809791L, 
-1150542647L, 1401413982L, 1702081036L, -1750075939L, -1285608217L, 
-2037712624L, 111798318L, -176238885L, 1781680061L, -902782678L, 
-226441784L, -761644303L, -1951525789L, -1044549532L, -145097838L, 
1325592679L, 313348145L, 555458934L, -797954412L, -893557595L, 
1289746863L, 1626677864L, 263223878L, -1794867213L, -1009688747L, 
1180533042L, 1201956096L, -420350487L, -1092935589L, 951620268L, 
-461132614L, 660418159L, 84212729L, 191464078L, 1838625628L, 
-1758715955L, 302284599L, 1369914816L, -1107664226L, -1723679893L, 
536445677L, 1021507418L, -1537995752L, -993617535L, 610062131L, 
-84073132L, -640741534L, -282131465L, 200584257L, -963745594L, 
552064516L, -703413835L, 891272863L, 2018340600L, -581897514L, 
-1654904989L, 759521061L, 1314182338L, 1798570416L, -397968935L, 
1990776651L, 1486503356L, 182111722L, 194034207L, 800886953L, 
249395262L, 1932327212L, -595987587L, 649750983L, 992832688L, 
720440014L, 664797179L, 958842973L, 1475800970L, -2003984472L, 
-944335599L, -1903801341L, -1095833852L, -920065230L, 700393863L, 
596078545L, -232439466L, 319250228L, 838779461L, 142446223L, 
-1213061112L, 860339238L, 1085224147L, -254994891L, 612527506L, 
