.Random.seed <-
c(403L, 303L, 920088986L, 222013073L, 109738812L, 1404771968L, 
-216697140L, 651374155L, 1830558662L, -2052623920L, 1301812837L, 
-68596867L, 1330089007L, 257488629L, -1070682430L, -2012041326L, 
526549426L, -707053775L, -1538907091L, -952041456L, 1836708758L, 
1423516463L, 870913565L, 2072143478L, 71413734L, -191882257L, 
-2119179309L, -957094245L, -813671811L, 1290132280L, 1526854878L, 
1791776439L, -2035842857L, 238757101L, 1327853401L, 1662050936L, 
825927986L, 1743442531L, -62750563L, -179837914L, 1570769949L, 
-682224970L, -1565684841L, -252566912L, -972452459L, 2107888411L, 
-1424058817L, 2061204128L, -2074580051L, -383761205L, 2029278180L, 
-173755072L, -1344504500L, 2063066423L, 2099052054L, 693482068L, 
379266779L, -77490951L, -1249153270L, -119637538L, 70580767L, 
234926165L, 413828425L, -497609408L, 1940179905L, -785780356L, 
-952220139L, 236626241L, 1898710030L, 1263606152L, 1054783166L, 
-293792021L, 1291255843L, -519495630L, 391611123L, 1922457112L, 
1533310398L, -702488849L, -152903058L, -1216125707L, 1244105709L, 
1643163659L, 800893363L, 133217957L, 315276096L, 1381608327L, 
391590934L, -1022455044L, 338718711L, -2016967428L, 1326627494L, 
-279673763L, 647205091L, -547103666L, -2038987085L, 1159199791L, 
-1434764901L, -528404697L, 1390052623L, -1810442643L, 2123098928L, 
-1695484738L, -1310784356L, 1797364050L, -314532661L, -1536954353L, 
-1075072348L, 1300143694L, 1955063173L, -901429173L, 1877282650L, 
-1307237495L, -1184007313L, 950888930L, 2072130594L, -734584332L, 
-1328261869L, 568275430L, 2086770943L, -1714666737L, 1495934055L, 
-398664269L, -1712241059L, -280157439L, 875829496L, 1796053052L, 
1016725550L, 801317882L, -611678523L, -1473148486L, -131389338L, 
1374952995L, 1553868734L, 996922223L, 1893101953L, 47419179L, 
-118288554L, 144504779L, -285695703L, -2038894040L, -282518573L, 
1716935300L, -1782849529L, 433787727L, -1653585194L, -24690277L, 
2123879141L, -1685565232L, 1622031909L, -1227658933L, -1604283994L, 
1475769322L, -389657381L, -2064064120L, 552310347L, -1243917697L, 
-527421340L, 1290155821L, -467433049L, -1228740092L, -803702477L, 
-1464205776L, -874916255L, -865820599L, -543146106L, 1259791502L, 
1639447209L, -1525335952L, 1805671729L, 2032131166L, -1603454951L, 
-1587834561L, 862635927L, -1472465708L, -887554329L, -2038278627L, 
-778636196L, 1719534517L, 288492711L, 2071587430L, 139030620L, 
1670059037L, 1742303520L, -1023129579L, -837150319L, -371342685L, 
-202497508L, -1140910677L, -2098113658L, -2007835714L, -763510972L, 
-2096818259L, 715019854L, 592570286L, -839955657L, 1633147887L, 
-316307447L, 516130068L, 724232961L, -814187500L, 571102868L, 
1250467194L, 1481060666L, 1262148735L, 613323545L, -2091051548L, 
1958735003L, -1098352419L, -1561432507L, 1355935126L, 856052351L, 
-670297767L, 179811072L, 194013686L, 789334327L, 666738370L, 
-1010134689L, -308870174L, -213841366L, 631301704L, -423031914L, 
125441581L, -1402575578L, -1363014977L, 1760428497L, 511969184L, 
-1145460281L, -1996898868L, 1768431430L, 1151192604L, 50975286L, 
1209879114L, -918100247L, 1356850163L, -1341673180L, -171568871L, 
198775245L, -741192302L, -1412887145L, -1415532330L, -1465373656L, 
1760315073L, -1657768820L, -1779609294L, -498332094L, -2123090083L, 
-1949301199L, 1128033826L, -1089311144L, 1786205592L, 207401001L, 
-745263088L, 781589075L, -641870502L, 1310185699L, -823092006L, 
333764204L, -1789197540L, -173422909L, -1586809989L, -606854791L, 
645530909L, 1409984722L, -1399727049L, -1300723217L, -1332844296L, 
2075300262L, 27218186L, -1214806224L, 1268185957L, -1574759879L, 
-161130163L, 1770174354L, -38592639L, -1118607591L, -1940972800L, 
1957873566L, 747450094L, 894685773L, 1835272668L, -574585320L, 
-55334921L, -1396995497L, -318559070L, -2133811754L, 1274383690L, 
40352397L, -469095185L, 2145689561L, -1707960449L, 1607481282L, 
-7314791L, 937867577L, -1365978257L, 215330239L, 2039533924L, 
-1962726690L, -2047605760L, -1814852538L, -165183489L, -925264267L, 
-191486099L, 1596678323L, -1008030138L, -929115467L, -642163140L, 
997531779L, 957369427L, -663046511L, -650123854L, -1076421748L, 
589716982L, -813513576L, 535491331L, 590186717L, -1830854699L, 
-1092951634L, 1942985223L, 736252264L, 1342308734L, -12176565L, 
-441764559L, -1578381822L, 926425157L, 1941219287L, -698730398L, 
596912601L, -641741251L, 1120391248L, 1968088761L, 909029163L, 
1802395788L, 2068767400L, 1372086727L, -2110144802L, 1909977505L, 
-367991601L, -2022047834L, -1599437580L, -13024606L, -1213626501L, 
-1118348670L, -1193371631L, -1672974888L, -1442998946L, 755445566L, 
421205290L, 2047124242L, -2024369348L, -991567006L, 1858463880L, 
1013307196L, -988056171L, -1086981872L, -1519052073L, -2054679214L, 
-246390207L, -1082192087L, -1384772429L, 434311178L, -698023913L, 
-2043003526L, 93042782L, -1716843012L, 2129428841L, -351741001L, 
-866759725L, 1822753334L, 1320069137L, 1784928470L, -1493469623L, 
1448293256L, -1500164852L, -1433422000L, -484469925L, 1816341586L, 
-1249660520L, -1674074641L, -899685098L, 1957462278L, -1874454291L, 
-1192901490L, 1143896508L, 71413312L, 824493719L, -2066725392L, 
-2036047745L, -402977708L, -805354456L, 1732468978L, 437257594L, 
-1869369805L, -311616093L, 1961634135L, 1696189283L, 180394507L, 
828772294L, -1678046946L, -743115269L, 578961358L, -1335304158L, 
-174598973L, 1852562942L, -692009191L, -1883354281L, 110198112L, 
-1283222564L, 765476410L, 2131226003L, -1461312002L, -992728695L, 
-828690463L, -776577723L, 1687973941L, 1475079419L, -647781064L, 
-627705353L, -2139979422L, 1928545558L, 1396448458L, -160647265L, 
-287102402L, 914021268L, 1149643150L, 1525595904L, 925202644L, 
-923269548L, 238094940L, -791388795L, -2130674653L, -1038634613L, 
682276046L, 1527114293L, 201993480L, -431265981L, -2075510527L, 
1511452302L, -896666629L, -1285782138L, 353650601L, 1193453420L, 
705571745L, 176762069L, 1606828416L, 1771741225L, 1456310045L, 
-1439258109L, 873410942L, 2060478464L, 1779091749L, -1841041683L, 
-599120649L, 1165845425L, 940705571L, 782802336L, 435732893L, 
-946816120L, 347148356L, 1423239716L, -132822100L, 42433430L, 
217740069L, 734129587L, 26013121L, -1420662440L, 746603130L, 
1988314319L, -885977661L, 252318259L, -897150237L, 434242309L, 
-1402655389L, 899472777L, -47610020L, 813551012L, 933206889L, 
1595827086L, -617687661L, -24051938L, -235059332L, 720218514L, 
-1065388858L, -1842158959L, 2118098549L, -1965435231L, 121587926L, 
-1078545545L, 1549087054L, -1570507053L, -1374197453L, -407838245L, 
1626699185L, -405677528L, -1764887616L, 1502372586L, -1262467555L, 
927930258L, -1644874305L, 1223515604L, -1462818389L, -1285256302L, 
599923290L, -434705842L, 331015794L, -1090610683L, -1885632758L, 
1327685805L, -2004480227L, -1684156317L, -326195373L, -1346407745L, 
547773340L, -66664141L, 651210575L, 171576419L, 1932964548L, 
1654336793L, -336559641L, -2090151485L, -1812755543L, 415881529L, 
252827314L, -583108238L, -824528230L, 913110759L, 480969815L, 
626086423L, -904985082L, 11457834L, -199976733L, 2091182000L, 
-558367001L, 1742221151L, 1955071699L, -760494606L, -647679602L, 
406627343L, -1948802596L, -1361640621L, -409012379L, -1980479375L, 
-1259569027L, 861037559L, -2063984082L, -318863294L, 112191979L, 
-406650032L, 1585199187L, 1765574837L, 346952443L, -1424485047L, 
-1772891162L, -1199599977L, -1111478714L, -672036462L, -1086168178L, 
962051622L, 1620926429L, 1896873210L, 1026255221L, 1869957127L, 
605149300L, 489803297L, 2029195079L, 1303013272L, 1006606403L, 
-941814942L, -1117669972L, 917788590L, 21201495L, -1566272670L, 
-200195636L, 2142677897L, 1998060126L, -1887702331L, -1403965268L, 
630362849L, 574362375L, -1412797768L, 563643916L, -994274503L, 
147500647L, 1301192130L, -1149891796L, 1739336627L, -1669016740L, 
-1760095511L, 1567437507L, 1052737961L, 821979278L, 1106613415L, 
1491850374L, 423180270L, 1972815608L, -267898512L, -109926659L, 
