.Random.seed <-
c(403L, 610L, -1209734059L, 289153970L, 701978949L, -1357657797L, 
-1293059096L, -866951953L, 1534263289L, -1670106315L, -996673755L, 
790677336L, -1898328042L, 1802005614L, -183780824L, -1512046240L, 
-1395904280L, 1323902066L, 392004495L, -1724625675L, -1809851713L, 
705487563L, -701698578L, 1717686726L, 1055666535L, -605508845L, 
56399465L, -358639382L, -1300108943L, -1253289309L, -272270198L, 
1993614169L, 78868657L, -1552638274L, 1231498812L, -2013644968L, 
933997255L, -1881892764L, 2057676987L, 353296477L, -1281088574L, 
-2096461159L, 242857158L, 569408306L, 1989087768L, -1536054498L, 
1895677822L, -2031698663L, 654407265L, -1223091159L, 2013362845L, 
-90574619L, -1417563317L, 288705254L, 934669553L, -389912195L, 
671706857L, 1057614135L, -1206698895L, -1169806568L, 421379669L, 
673409757L, -1475622781L, -563478582L, -813077351L, -1547695349L, 
769616948L, 2108043069L, -1041551408L, 973362899L, -1427634220L, 
-1324111633L, -341135973L, 584644834L, -1667581471L, -2096842896L, 
-1490021582L, 166163043L, 1508521190L, -1103314226L, 1799266052L, 
47715916L, -1079582142L, 1551555955L, -465097520L, -236062181L, 
-230146143L, 1248185732L, 449470126L, 71995883L, -875278781L, 
-1236840362L, 97039983L, -257126967L, 692301832L, 734342991L, 
-13727589L, 355086882L, 1318844794L, 353290891L, 1274109710L, 
-75935656L, -821118729L, -610991848L, -530640472L, -809039444L, 
1773284626L, -848619920L, 2020171724L, 848401065L, 299594160L, 
663887942L, 1795282884L, 504992172L, 19554785L, -695766715L, 
-243859340L, -1187248744L, 1334073292L, 988555475L, 677687849L, 
152597481L, -1876802866L, 964863401L, -378236621L, 1705896682L, 
-1774349486L, -2008495407L, -493571258L, 674491656L, -1840096257L, 
-1295216937L, 1072690842L, -510916062L, 631220071L, 491182224L, 
135394085L, 1269738926L, -377414933L, -380299390L, 56376747L, 
2073130116L, -1333526898L, 419710761L, 1087925312L, 683265691L, 
625178741L, -684359249L, -1691612053L, 1429280412L, 301875258L, 
1857212192L, 1578635388L, 1419967248L, 1253435680L, 461483485L, 
-858889197L, 852757819L, 2066815565L, 1080949490L, 1563095551L, 
-1348067226L, -42360229L, -447439222L, 359655627L, 492608545L, 
806340531L, 1368580330L, 1341485004L, 1830306646L, 8812920L, 
451016388L, 842571183L, 1910879106L, 31028274L, 230788236L, 1744458621L, 
1978505378L, -30655926L, -365312629L, 320109746L, 759245187L, 
-231077089L, 808169389L, -327171983L, -794810651L, -2001475098L, 
1019582362L, -297692429L, -2135445319L, -54906196L, -634028047L, 
156996450L, -1329035011L, 503904170L, -861996218L, 621761091L, 
1587107782L, -2048954752L, 617888728L, -1749260044L, 1758436614L, 
-192002450L, -1345574052L, -1255452813L, -848125618L, -406024250L, 
702645485L, -1572564815L, -1393985793L, -957047975L, -1605069349L, 
2007399315L, 1391837321L, -392405488L, -2093178295L, -1779475978L, 
-1608555531L, -638862622L, 1971361738L, 1002738408L, 584729597L, 
1005837958L, 1346942496L, -1940292919L, 476029721L, 1261634302L, 
1986836337L, 1470666029L, -1622471887L, -754902086L, 1800170243L, 
1089459118L, 636202383L, 1198994948L, -139393229L, 839054309L, 
-869497724L, -634001297L, -199059914L, -1886583891L, 1956150445L, 
-1006598078L, 103984156L, -1542672105L, 607110182L, -1888719209L, 
646873857L, -1634709306L, 1827613224L, 583977102L, -1652103516L, 
-2013759843L, 1272639213L, -1702010317L, -18293948L, -2138649628L, 
556973646L, 537670345L, -1361085677L, 876407401L, -1466210876L, 
-14798141L, 1791488664L, 1348750626L, 1613508961L, 1166953202L, 
-1425810868L, 1951287155L, -1163959457L, 1863915832L, 1482050718L, 
962538950L, 789322606L, 2026133150L, -1809915138L, 1481572195L, 
156701573L, -2061974820L, -1196113814L, 643156130L, 59796629L, 
1430062240L, 2015124637L, 649365767L, 2041819929L, 873658342L, 
-704304061L, -736168030L, 53838610L, 1474999382L, -1212086164L, 
-912952557L, -1744428218L, -655753663L, -1028476275L, -1979276691L, 
466108782L, 652083008L, -1848741474L, 175300470L, 1283539128L, 
-1745421958L, -105471377L, 1021528045L, 773924957L, -437878162L, 
1831641941L, -499804996L, -1594228352L, -743367323L, 616003368L, 
-394319068L, 517359538L, -576338981L, 392073920L, 1465734496L, 
-1870352878L, -855848306L, -435076297L, -2123084270L, 154892394L, 
2136292980L, -439710276L, -435550084L, -1022979727L, 1132894669L, 
1044908344L, -1745196899L, -1998823215L, -375496250L, 1427350957L, 
62352963L, 338803052L, 549562728L, -746900604L, -1243499782L, 
-505948909L, 356877490L, 666995386L, -267795304L, -918843148L, 
-130278979L, -1031809156L, 75909228L, -2040341712L, -322213007L, 
-1034465952L, -493745793L, 10766616L, 1730196792L, 1877156726L, 
205377754L, 521245378L, 257602850L, -1123050192L, 637317862L, 
-727306810L, -773793875L, 675126556L, -2026987825L, -1022876912L, 
-670690689L, 1524777015L, -170408546L, -1624628987L, 537903523L, 
1464802300L, 651522929L, -1852444104L, -1750165427L, 1767481711L, 
1977444920L, 971071196L, -1842356870L, -145870273L, 5460379L, 
1050645428L, 1188986963L, 764925887L, -305808369L, 323332220L, 
905759692L, -1016735520L, 1320523751L, -216109116L, 528490205L, 
-1321529523L, -856047385L, 711926285L, -222030091L, -305308692L, 
-1019296163L, -1690651445L, 803630125L, -1446825464L, -508254584L, 
2017506144L, -2061461837L, -14827251L, 2042468336L, -1858954886L, 
-1016040401L, -994636551L, 290385755L, -1040618538L, -1192608426L, 
-1127544215L, 786923627L, -1326841740L, 1609442327L, -2018070179L, 
1220671872L, -1140232602L, 1776863930L, -2109975085L, -298655107L, 
233980185L, 236651852L, -896155331L, -1285419869L, 662345117L, 
-2062931449L, -1369665720L, 942587729L, 1525072673L, -1821171074L, 
-406703589L, -1112217230L, -1673371408L, 1778373096L, -1386434366L, 
-520745100L, -403043634L, -1128683768L, -136996826L, -1229666856L, 
1912120016L, -1386137352L, -1499771979L, -877086079L, -1457023808L, 
471730613L, 1868462445L, 198635359L, -845146482L, -1692967998L, 
-755923066L, -236625798L, 162953170L, -526981293L, 127706315L, 
2074469254L, -1875014145L, 1715237083L, 1615530824L, -606119626L, 
17360193L, 931544900L, -1905142513L, 616902734L, 1085450228L, 
1556916795L, -1279236236L, -969999151L, -1888688881L, 1314482850L, 
-1096756811L, -1110674996L, -986194176L, -2012433778L, 2116038113L, 
114672247L, 162279764L, 1446499225L, -468402614L, -2090482681L, 
1585168132L, 1155525279L, -491263094L, 1964534381L, -791706382L, 
148069903L, 2103674364L, -1906681302L, 1915372484L, -746463123L, 
-1413875651L, 671492493L, 107985904L, 326116562L, 515972525L, 
-526066600L, 1466500608L, 591505444L, 373130150L, -1475809711L, 
1148538817L, 660250787L, 1694215178L, 1620398306L, -1605382876L, 
-1179293473L, 1944091470L, 134654027L, -1767495983L, -1813694105L, 
1637250325L, 33204091L, -1584450438L, 1106035457L, 2123801843L, 
2086872892L, -1123652213L, -814743343L, -349853471L, 228199827L, 
-958302267L, -2040194130L, -570798898L, -377667063L, 1010461163L, 
-865891685L, -1182508407L, -599182234L, 1956858388L, 1021574619L, 
-183705634L, -934916221L, -465164683L, -1161862954L, 324575648L, 
1432179602L, 1785676281L, 5959349L, 1802316853L, 1798084595L, 
-1728764551L, 1171112638L, 899616868L, -1748961340L, 1599928065L, 
1655285212L, -1543873785L, 1396511301L, 58687924L, -1957381846L, 
-846894278L, -1223244646L, -1427453297L, -1584933114L, -13183652L, 
-173579308L, 882479957L, -1015249019L, 945934260L, 679666053L, 
818531075L, 1648441015L, 1783964935L, -562083181L, -1520842863L, 
-1015190842L, -602468124L, 1838389245L, 2090839903L, 1559772993L, 
2089539846L, -595861297L, -1123179375L, -262939788L, 233609755L, 
1397728733L, 1308053021L, 607163223L, -447454406L, -2070048570L, 
-266448262L, 380584620L, -2131221508L, 75437831L, -708487607L, 
328882305L, 795190223L, -1020002099L, -2116558404L, -2114158072L, 
2121989120L, 875109369L, -1375122875L, 1997954426L, 297338064L, 
-1858808126L, 1734366281L, -1250969346L, -1572544450L, -1570019758L, 
-1087692099L, -903214618L, 434970906L, -1345791927L, 738333137L, 
-1469528836L, -2109417913L, -459119533L, 437318063L, -1044275235L, 
