.Random.seed <-
c(403L, 10L, 568137784L, 1476767515L, 1179761785L, 1103537352L, 
-607255306L, 2065863985L, 3442019L, -2132719822L, 685150340L, 
1319955655L, 869482397L, 1187924756L, -1864001094L, 418672645L, 
606774751L, -1642530714L, -726300688L, 1448710419L, 1488228017L, 
-465426080L, -31736066L, 1192860297L, -299797061L, 272387978L, 
-2051836308L, -1392408593L, 717537317L, -1126575908L, -1682835790L, 
1168095661L, 72732007L, -999212402L, -1620434072L, -117933205L, 
-194108151L, 582032280L, -1586668858L, -1614856159L, -1832319821L, 
1772484130L, -1762408428L, -999560041L, -1392310643L, -1349146716L, 
1875171722L, 219080181L, -16459697L, -1927458986L, 1271457280L, 
628913987L, -812306719L, 461630544L, 1162212526L, 1077997657L, 
-576786325L, -1419491878L, -1706922340L, 1598455967L, -1835558155L, 
-2147194996L, -1385994654L, -386123203L, 1381754039L, -885515426L, 
-968851816L, 1958149627L, -155852903L, -2046994392L, 1682407638L, 
-2145090223L, 1524036611L, -232932462L, 1754700068L, 1124278247L, 
-412908483L, -606547276L, 250929434L, -1953918363L, -1796032769L, 
1066412934L, -180851440L, -2066528845L, 2016638545L, -667273728L, 
1122833118L, -2044919511L, -927847205L, -439362582L, 698461068L, 
536145103L, -825961339L, -188358852L, 411115026L, -452461299L, 
-331135417L, -1512866770L, -1040588408L, -1071794037L, 215388777L, 
1600294456L, 881297126L, 1791517313L, -825700845L, 2055371202L, 
377270900L, -1533471625L, 1487568237L, -60743164L, -872005334L, 
71530133L, 1907055919L, 759949366L, -1427522464L, -1155927389L, 
-734337599L, 402911664L, 1984737486L, -1156796871L, -1102491573L, 
-106782214L, -1394402052L, -2040368833L, -343978475L, -1043051220L, 
1538063874L, -1870043939L, 1265516503L, 1130863294L, 1012047096L, 
1659405019L, -1988429511L, 1759493256L, 1242663990L, 710432881L, 
914827939L, -298496014L, 1186734916L, -1649431545L, -1581119011L, 
27244244L, 812767738L, -1670810299L, 1315414431L, 1559626534L, 
-1476584528L, -100366253L, 1626997617L, -2141121888L, -1475410370L, 
438185289L, -1360022533L, -179931190L, 2081286444L, 1456366895L, 
46951397L, 1822683804L, -481724686L, -1244780691L, -1254002521L, 
-755084594L, -315514840L, -367289301L, -2091880887L, 578586456L, 
-2116840954L, -1837007903L, 1611061619L, 1291753954L, 859577684L, 
348869719L, 901716045L, -711025692L, -591767094L, -1273454539L, 
-14238065L, 1521586070L, -1239919808L, 1568742915L, 718062625L, 
-1297766640L, -1399464722L, 1212564633L, -938389205L, 150743066L, 
-258858276L, 678527711L, -2136326987L, 1910561356L, -1013717342L, 
1645678077L, -583047433L, 1081847838L, -212917544L, 575374907L, 
-2031193127L, -983645848L, 704239766L, 1312462353L, 461795267L, 
-1531120686L, 796765796L, 2060197287L, -2018405635L, -248486156L, 
656585178L, -125725403L, 1293317183L, -83672122L, -120434608L, 
-668296077L, 346517649L, -87060288L, 1914706590L, 165934697L, 
-1834350949L, 103099306L, -1140338740L, -2106326385L, 470215365L, 
914113148L, 1326485202L, 373606989L, 499812103L, 1105939182L, 
1215242184L, -28942133L, -1190231767L, 1960705228L, -2092522336L, 
1826362754L, -1211905816L, -459507988L, -188705476L, 1971866738L, 
1050290288L, 1897136164L, -983454664L, 905989914L, -934802224L, 
-943300804L, -558102636L, 2087170946L, 1898637760L, -601194948L, 
-825801328L, 1414995490L, 208643336L, -981086580L, -1541996772L, 
-1656463214L, -702875264L, -1866815980L, 1558396712L, 1194261050L, 
1181908432L, -1270355604L, -1694186572L, 1497249810L, 1562834400L, 
-1160976436L, 1121648864L, -1697138654L, -814702296L, -1516642804L, 
568420156L, -284695566L, -687654160L, -908046780L, 1000850008L, 
-2004160710L, 211314160L, 8230588L, -72976108L, -825900350L, 
1419613280L, 1298801532L, -441468976L, -970170078L, -1061184856L, 
1027595148L, -2078918468L, -1788522702L, 197413440L, -1486922572L, 
-1738866104L, -836999750L, 778936848L, -333335828L, 1244258644L, 
1210442002L, 1894272416L, -675216692L, -1175806368L, -1621493822L, 
611714856L, 1089695660L, 1571472188L, 731638130L, 1772444464L, 
1129499940L, -2106528968L, -968196390L, 1771227024L, 574410492L, 
606219156L, -2050588606L, -2100497152L, -89652164L, 1761378640L, 
1032376482L, 75530568L, 1667716876L, 939664092L, -617173678L, 
1644151936L, 1588052052L, -1987440664L, -1187411718L, 1037691728L, 
2002779948L, 1948764532L, -141137006L, 906315872L, -2071663220L, 
332913504L, 422042082L, -1729055832L, 1555576012L, -621338628L, 
-368335438L, -350251536L, 1144802244L, 435438936L, 727046522L, 
642450352L, -646305348L, -204564396L, 1427716034L, -377884640L, 
-1581426500L, 627520080L, -1181977630L, -1208860568L, 490079308L, 
1659582716L, -1262351374L, 1079232768L, -590192268L, 132361224L, 
-436920390L, 1682223568L, 375045100L, 2083570068L, 1494438354L, 
-1050447520L, 416804684L, -1030620896L, -605028478L, -2000687384L, 
1699823852L, -1653214148L, 1144716146L, 1615093360L, 1548309540L, 
27749176L, -1634407270L, -552193328L, 2003837116L, 719515284L, 
1847596674L, -1322669888L, -266263748L, 1640520848L, 1955339810L, 
638324744L, -923239156L, -239620964L, -2055995886L, 105316224L, 
805801492L, -586372568L, 380810554L, -1939633712L, -1594067860L, 
125143348L, -2134657390L, 1208519520L, -1430842548L, 575576032L, 
-420268126L, -1304508504L, -289952372L, 1099114684L, 1540262258L, 
-1903217424L, 930205764L, -16457384L, 2143594042L, 1621932912L, 
-1472284612L, 46694164L, -1054431806L, -1048773920L, -16107652L, 
-1820000560L, 1477114018L, 502860840L, -835107572L, -257472580L, 
-229504718L, -1165276736L, -1821439436L, -456344632L, -1534248774L, 
-630560368L, -1932201492L, -1804262828L, -590458734L, -584863968L, 
-836507188L, -1161718304L, -1140443454L, 550159400L, 1571803820L, 
-2036923204L, 1038649842L, 857444656L, 1841845412L, -2014239048L, 
-2062828198L, 991065488L, 1282940L, 1648888084L, 1894900546L, 
245979904L, -802080836L, 1936662352L, 869630754L, 48700744L, 
1432750604L, -1032853412L, -760841006L, -1185859072L, -1150153388L, 
1840921064L, 1640508410L, -1863647024L, 1271401772L, -1419779340L, 
1730034066L, -260254624L, 1129096460L, 294802144L, -1658762910L, 
-1032880356L, -1669035958L, -2105836481L, -1459725175L, 78477470L, 
-1269131956L, -1589054179L, 96735399L, -466493488L, -78440594L, 
-227434981L, -1371396227L, 952577386L, -1450753016L, -1511060303L, 
107129635L, 1980028964L, -173499694L, -1418621145L, 1089212785L, 
915920822L, -1611216044L, 221599205L, -774311953L, 1850511144L, 
309753734L, -1798552653L, 793453333L, 1724562802L, -1332526656L, 
-1672359383L, 73602715L, 255541100L, 1804576634L, 1329070255L, 
-1750008903L, 1302564302L, 1065662748L, 401943693L, -89071369L, 
100011008L, 1427271262L, 482300203L, 1324069421L, -1444793702L, 
-777810344L, 2087489985L, 428850803L, -1717355628L, -1535528414L, 
59170103L, -175465471L, -1220378362L, -121748156L, 321357941L, 
92883423L, 1580078392L, -1259182314L, 1413293859L, 1917236453L, 
545902850L, 1167967088L, -1976403175L, 1193204491L, 570550268L, 
-1487674326L, 1180166239L, 1878343657L, -2092113666L, 791630060L, 
-1545882563L, 279070727L, -1014934544L, -2120933490L, 1577778619L, 
211966877L, -1596792502L, 1225632104L, 1197514577L, -78619581L, 
602817860L, 1540883954L, -1222897721L, 1361899921L, -1211792106L, 
1127791988L, 1166769157L, 1648643151L, -1941872568L, -53815834L, 
1782475539L, 359402613L, -740510126L, 1782730912L, 929114505L, 
1913170363L, 150775308L, 1883996058L, -1645893873L, -1360880295L, 
-1571661842L, -745390468L, 959203053L, -910397033L, -1458906528L, 
119263294L, -1215579893L, 490381L, 99023034L, -1855095048L, -88869727L, 
-1698025389L, 815537012L, 2069915906L, 1717406103L, -1199066271L, 
-706041946L, 2112463268L, 1039988821L, 1074425087L, 2129408408L, 
1399065270L, 103514947L, 1302429317L, -2001644766L, 1218914320L, 
-31566919L, -432753557L, -1165359268L, -214180214L, 1376266879L, 
-1807297591L, -460828578L, -1207602420L, -467928355L, 1972507623L, 
-379443184L, 928638254L, 1119402459L, -1127915843L, -146486230L, 
1219349704L, -1756263951L, -385169565L, 2038906724L, 1189271186L, 
