.Random.seed <-
c(403L, 245L, -1184530040L, 1156782787L, -1952765971L, -179303987L, 
-607396790L, -50201016L, 290265930L, -453795959L, -1073135063L, 
900812676L, 785338174L, -1418627938L, 405653931L, -981622099L, 
-1760944704L, 2062250390L, -398429946L, -801501329L, 1295018794L, 
-1039624252L, 1235016958L, 2021761255L, 1628493492L, -336416L, 
1539839062L, -1191212414L, -1845492400L, -1697735471L, -353686155L, 
-434124562L, 1748330970L, -1605837642L, -1458875918L, -623108510L, 
1607435738L, 402360396L, 306699755L, -743845768L, -908083916L, 
-1517801080L, 2091547336L, 895205020L, -111349236L, -1552683128L, 
-26522524L, -222851692L, -1817849076L, 935690220L, 431107669L, 
-930835157L, -2126016167L, -1803184798L, 542050149L, 749806835L, 
1204742821L, -1950572427L, -2082417316L, -615172917L, 972485316L, 
-1661513682L, -707623754L, 1670082086L, 573666574L, -1727962215L, 
-2078991321L, -1579689814L, 1426409702L, -1582543551L, -872690729L, 
-1568786114L, 732588613L, -175619045L, 2055302643L, -792064195L, 
889230407L, -520152725L, 1422303916L, 1205605808L, 484327243L, 
-2367101L, -1258170508L, -1988188843L, 1364621088L, 1781266490L, 
-1527931676L, -1970006440L, 297810340L, 172092596L, -1202445670L, 
-1305269429L, 228915987L, -1294247760L, -225990230L, -825201603L, 
-612102231L, -297778101L, 385904277L, 1724086332L, 1359387818L, 
1334678836L, 1289303383L, -495816118L, 1513381031L, -1675431364L, 
-1919163143L, -2019282641L, -1862171979L, -1770476239L, -312447374L, 
1267251119L, 1726571353L, 1506827402L, -2008857397L, 1797632664L, 
-1820018887L, 1263591666L, 463560859L, 74576882L, -604892148L, 
-300190031L, 819806351L, 1677623632L, -1885428223L, -943302041L, 
1578192779L, 353665285L, 1612064670L, 848746030L, -799754159L, 
267823798L, -77128915L, -563570687L, -1484914626L, -389367262L, 
1867969067L, 677437479L, 700828583L, -1336742137L, 827966134L, 
598450674L, 2016674395L, 1827649779L, 1292453722L, 1425466528L, 
1635376453L, -903379621L, 13916092L, -1776833653L, 1402951218L, 
-714219478L, -1183757908L, -1373328974L, -1324289311L, 134024761L, 
-1109611555L, -2038351062L, -821723053L, -259640173L, -202103146L, 
18616422L, -1175199931L, -1100546751L, -615377046L, -1782252956L, 
1553144505L, 414574479L, -1164712464L, -1092372642L, -1081351854L, 
-13510203L, 261260425L, -367305337L, 680953054L, -1013087579L, 
-804237736L, -314916291L, -1044165772L, -589049370L, 496823196L, 
1334098340L, 1323289685L, -527923682L, -311767516L, 455969246L, 
805620071L, 350010198L, 1496620759L, -1082713468L, 729403875L, 
1344113899L, 1699415571L, 1662420935L, 605618778L, -1422418161L, 
1511463493L, -6593821L, -1210215472L, 421826922L, -1737656120L, 
1741565550L, -1835902735L, -1719123063L, -585304794L, 337682991L, 
869295673L, 926855273L, -51083068L, 359006651L, 616273167L, 815675245L, 
-1750666979L, -530109676L, 168978359L, 483806567L, -1450478631L, 
1190112214L, -1245870858L, -1589207389L, -1457557913L, 1324117682L, 
-2008173551L, -1518789041L, 1440790169L, 1193499587L, -798777156L, 
1234773647L, 1187324244L, 668306380L, -1352755496L, 49137966L, 
1253698342L, -1619488953L, -891778948L, 2046712672L, -577434004L, 
1992906225L, -1231714485L, -1971946074L, -59399558L, -2007544517L, 
-190829250L, 1829832089L, -2120430604L, 2021194676L, -601886317L, 
-2109180565L, 903082516L, 665172L, 1128661013L, 439151488L, 1188487002L, 
-487268457L, 1906266181L, -1291131623L, 1193701276L, 1194045951L, 
-1805241794L, -2076817931L, 1747801890L, -220933258L, 1625003859L, 
-1538950297L, 325761386L, -2054422367L, -2104082507L, 454137994L, 
-768587129L, 1085030632L, -960830056L, 1463204897L, 2079389596L, 
1578109936L, -1447345111L, 1254459765L, 1253428302L, -258544105L, 
1623175563L, -1881438615L, 1283638576L, 942776742L, -1859467323L, 
1006950300L, 863663913L, 565342257L, 403461850L, 1278239627L, 
-1183152289L, -700715614L, -1333105154L, -1457620932L, -578416311L, 
-1605715750L, -2019947712L, 2074657721L, 877219861L, -1296307390L, 
418835884L, -2109025007L, 262741520L, 547963997L, 564217028L, 
389782903L, -796188262L, -1902641622L, -487257642L, -1884183974L, 
2087768474L, 742086157L, 573980836L, 1789443015L, -550135318L, 
-39611119L, 563754782L, -99490980L, 234430894L, 2126839535L, 
-1038199803L, -2104378968L, -194494291L, -1514480954L, 608353141L, 
1116829786L, 2097359199L, 2068697390L, -1378216702L, -227755330L, 
-1383677764L, -395836461L, -2094175117L, 471853267L, -974431338L, 
-1015111663L, 189887288L, 1245018896L, -1733058215L, 1093960731L, 
-1079903668L, -445006004L, -943700479L, -614450675L, -1408597129L, 
-2138957072L, 338411898L, 612876122L, -1804096508L, -140021328L, 
126403926L, 645192832L, 687016506L, -1346340133L, 540755907L, 
-1174512731L, 1753967508L, 1229535649L, -354679712L, -920376762L, 
-1574422813L, -64774127L, 717425518L, -909071915L, -1877264075L, 
-519220934L, -2062872996L, 1906145059L, -1239099123L, -729136148L, 
-2015939807L, 1204015763L, 1989841006L, 1904588261L, 1329035270L, 
2114452421L, 236755775L, 1784606865L, 682272038L, -1109763578L, 
1328219443L, 1226472796L, -460331781L, 1716249056L, 814625023L, 
326584793L, 1186592541L, -85129443L, -806932077L, 162920447L, 
-1621583712L, 1377561806L, 518545771L, -1276473482L, 194053647L, 
879600103L, -1966630182L, -84785574L, 1356025693L, 2102796464L, 
-479898031L, -1982753508L, 2129027853L, -1722908378L, 940613205L, 
-775371875L, 314999407L, 1277724853L, 379506843L, 1327314157L, 
28937345L, -3200170L, -2074298850L, -2138153050L, 1743014360L, 
1951638071L, -331795703L, -810986773L, -1376354041L, -775272996L, 
1215714925L, 368888522L, -971375837L, -1554062772L, 1738187615L, 
1814062029L, 2002941364L, -1078080320L, 405810702L, -1953952600L, 
-313278136L, 2092670646L, -1737990713L, 351037768L, 1160699433L, 
-70472298L, 626597810L, -699616212L, 1076688818L, -1751443700L, 
-860186099L, 372020633L, -1704213925L, -419882911L, -517312716L, 
272371229L, -495917331L, -876501199L, -349978639L, -1675344501L, 
79420431L, -1542631101L, 419421232L, 1706443037L, -416781877L, 
1915624068L, -847636404L, 351695509L, -2032140033L, -2078321075L, 
2117178286L, -1864783859L, 1487292014L, -1570928956L, 2004024408L, 
-1148858031L, 1107054314L, -1989663068L, -322761164L, -212636163L, 
354720103L, -474188318L, -1742935644L, -922605970L, -462734674L, 
-24176023L, 210347644L, 570285177L, 1584980832L, 1937055531L, 
-364542327L, -1284883763L, -933863966L, -940059383L, 9595839L, 
1066939194L, 339894105L, -508732631L, 518681403L, -411028658L, 
-16151592L, -2017019570L, -1687731669L, -1569219899L, 1580760788L, 
-263964899L, 1157655400L, 257800225L, 2122884940L, -1312755775L, 
2124434201L, 609467434L, -604634965L, -216734269L, -324849591L, 
1451502328L, -929375781L, -2050197076L, 1131960288L, -2124256131L, 
-1472351824L, 336327060L, 1177943067L, 1391681778L, 253431205L, 
-1847438630L, 1165176921L, -2089835677L, -1757997097L, -1706134067L, 
2125717088L, 570077166L, 1135247479L, -1676103530L, -986719915L, 
-995411527L, -478099213L, 935072771L, 1612913014L, 2121194116L, 
885098116L, -489258752L, 2079205218L, 1157982879L, 763808453L, 
651567591L, -798149651L, 1155547831L, 919622630L, -1833260875L, 
-1408087230L, -1139327823L, -1225468522L, 402006900L, 844070835L, 
50862595L, 1958888013L, -471503859L, -1282664691L, 1870047779L, 
-56666915L, 691905003L, 1675690815L, 906314006L, 1497604507L, 
-1068785239L, -924716067L, -355610926L, -1942959262L, -913820183L, 
80343212L, -525651079L, 823033601L, 1258031413L, -1882429283L, 
2065724738L, 1320802989L, -1909893846L, -1587165714L, -1864114105L, 
1880825482L, 1095316388L, -1001803349L, -464847301L, 844845558L, 
779288352L, 283000555L, 1844429434L, 1213361258L, 380748496L, 
-1715969412L, -1604337482L, 638899563L, 287357824L, -282584562L, 
754198789L, -1857089092L, -71752995L, 1237876124L, -1528706524L, 
-929293258L, 1442284840L, 1256373454L, -360747919L, 1052504112L, 
1127770945L, 1630631292L, -1599146210L, 1847415559L, 2037166557L, 
619751887L, 961810192L, 1003181570L, -787113475L, -833759344L, 
