.Random.seed <-
c(403L, 10L, 237443154L, -622155036L, 1494936871L, -589122179L, 
1797135476L, 1869743706L, -1249033563L, 2040498367L, 1631796038L, 
1941211600L, -1910989837L, 1222099729L, -1942793408L, 831683358L, 
2031207401L, 1190218011L, 1702847274L, 1089381452L, 1901898767L, 
2045839173L, -1647202052L, 516292434L, 1461022925L, 1175814279L, 
266822510L, 946476360L, 662118731L, -1461742423L, -1734646280L, 
-699675354L, 377957953L, -1836931117L, -678167166L, -1647930956L, 
1386298679L, 684029997L, 88696132L, 1773888106L, -843608875L, 
664095343L, 1777074038L, 544915616L, 694278499L, -1952441855L, 
2032765296L, -1648838386L, 1371442041L, -1569946869L, -1802302406L, 
-1540150468L, 371687551L, 790995925L, -1108881940L, 719576898L, 
1473831069L, -447981289L, 1553936510L, 1414432824L, -932077797L, 
1179675769L, 356283592L, 1664586998L, 667387185L, 1665840483L, 
-52930766L, -351240060L, 1003936967L, -682700899L, 1790638868L, 
1686276538L, -612950011L, -1648536097L, -1086183322L, -243591184L, 
1720082707L, 605142705L, -332891808L, -1689334018L, 294038153L, 
352306619L, 1426603914L, -1396955540L, 1602131951L, 26554405L, 
-1988640548L, -1934580046L, 1448659373L, -1203520153L, -23729522L, 
1232335720L, -1317786773L, 1774195977L, 204598168L, -1787204922L, 
1085952033L, -1488317261L, -940308958L, 1874573332L, 1488600215L, 
1637258893L, 1784674212L, -22550134L, 447075829L, 1100236879L, 
-1707778218L, 1595422208L, 1308919619L, -636526879L, -840450992L, 
306775214L, 1346052185L, -1310441365L, 1670641114L, 2109562524L, 
-247697249L, -1902245131L, 2102433676L, -1402161566L, 1401489981L, 
-406637385L, 660761438L, -1694544232L, -1055511045L, 728461209L, 
1258932264L, 1227632854L, -1144392367L, -542596093L, 1033161618L, 
1698965796L, -1957040153L, 1336308797L, 1038107316L, -1117138662L, 
264938085L, 2021033727L, -1231029370L, 1994480912L, -2102438477L, 
-495385007L, 1014457856L, -1039818018L, 384971049L, -1442112293L, 
165063658L, -1239155828L, 925285583L, 130442373L, 2109244L, 1708371474L, 
-501568243L, 1993143879L, 1806150702L, 25538952L, -551130997L, 
86639209L, 718634552L, 1704204006L, 939733633L, -1484341741L, 
-2027763262L, 1891820148L, 804979831L, 1765789037L, -912100860L, 
420892970L, -23492971L, -573772497L, -795060170L, -1544983456L, 
474350243L, 901920193L, 1490485680L, 437739726L, 705527353L, 
1225310283L, 967471610L, -469324548L, -1544797889L, -973652459L, 
300416300L, 1555811842L, 336352477L, 202854359L, -1174721858L, 
536489208L, 768905947L, -1487189703L, 1281821832L, -878347210L, 
36653169L, -1671562589L, -1319280654L, -929074364L, 1393941511L, 
-2041284131L, -412498220L, 433908218L, 2134394181L, -1655598689L, 
411546406L, 493194160L, -85100461L, 137360241L, 587104928L, 1585149502L, 
2142600521L, -2045787141L, -310532150L, 1452775724L, -1223936721L, 
-627131419L, 1125253788L, 1196377842L, 499734381L, -1150148441L, 
1774822094L, -1765421016L, 1362357291L, 330948169L, -928835752L, 
1528463878L, -1731286047L, -1847244429L, 1247898082L, -1999041196L, 
-2012896169L, -95365584L, -38848604L, -1729531464L, -1304394918L, 
-119868272L, 824912764L, 761259796L, 1572326722L, -41849088L, 
639292348L, 112316240L, 1936525602L, 238051912L, 238293004L, 
-153299876L, 734048722L, -820462080L, 1177067860L, -1749528344L, 
1168204026L, 1304413904L, 413061420L, -389848844L, 156011922L, 
-874423968L, 887707660L, -2094349600L, -287659422L, 347947688L, 
-1109726644L, -1507233924L, -732424910L, 1166861936L, -585862332L, 
-889428008L, 1881409402L, -2095008208L, 520316860L, 2076292692L, 
405753922L, -1519685472L, 1210955452L, -2058589744L, -1145879710L, 
-1270177048L, -1309818676L, -1714068996L, -1326648846L, 1143999104L, 
-1994744332L, -1336363384L, 1166761786L, 688444240L, 1042738284L, 
-698285676L, -1112492974L, -2108948000L, 1708580044L, 423183520L, 
1245640066L, -529872664L, 969897708L, -1607641796L, 2018380914L, 
2096097392L, -772243420L, -693187528L, -1052987622L, -1699255088L, 
666550076L, 1731323796L, -1903275134L, 1539393984L, -983007684L, 
-432421488L, 470892066L, 715236616L, -1565643124L, -1402626276L, 
525779090L, -54150784L, -466131436L, -331964632L, 382736954L, 
1608138192L, -1231672980L, -648215628L, -1433511918L, 258078176L, 
1602602956L, 1879367904L, 466786338L, -1039638232L, -643064308L, 
-376133828L, -280706062L, 1391270640L, 1414221380L, -210386344L, 
2000047930L, -792402448L, -509454660L, -1574389484L, 17515202L, 
1582068832L, 735445884L, -531097648L, -1371447006L, 256375464L, 
1656593292L, -1238779716L, -170660046L, -1723028928L, 1743518900L, 
2012684872L, -1967069766L, -1524399600L, -1329073428L, -424763052L, 
-2045460206L, -1184576096L, -1451777332L, 1021779552L, 1641445314L, 
-570071256L, 1038577580L, 418374460L, -2094159502L, -1053295824L, 
85847332L, 679783224L, 1629396698L, -603969648L, -970633476L, 
-693982316L, 142385218L, 222483712L, 1787987004L, 1482670416L, 
-1984851806L, -1287528120L, -1304881396L, -464403748L, -2018284206L, 
-81673088L, -1345052588L, -1823272984L, 495855866L, -1653724336L, 
1571618604L, 2101356916L, 1206643602L, -2080069536L, 901369228L, 
1687247712L, 1427126754L, -588287064L, 958018764L, -692256772L, 
-881465934L, 671282672L, 1246530500L, -1366696L, 859396474L, 
273286064L, 103713212L, 462043220L, -1840465982L, 13053984L, 
-1323747140L, -1227779504L, 1056551906L, -884834200L, 913458252L, 
-1486939908L, 918522866L, -1057240832L, -1864613516L, 604826632L, 
-1564835910L, -301125168L, 58031084L, -524934764L, 2110788050L, 
981602656L, 1678167884L, -1340450528L, -988889214L, -965300504L, 
-1469955860L, -631557060L, -810009742L, 871448176L, -1704618972L, 
-770290888L, -8278886L, 2134250192L, 1042972860L, -1967116652L, 
-1906559358L, -1694021440L, 726278972L, 463527056L, 761069090L, 
-1713909752L, 778214668L, -430363492L, -238027246L, 294289280L, 
419188244L, 864397864L, -2061011654L, -63944240L, 2106209388L, 
-1924323020L, -1581869422L, -767915168L, -1250692276L, -1271842848L, 
358979490L, 1773701032L, 456666508L, 1341950140L, -536016526L, 
-782920464L, -1596837820L, 824484184L, -1356695481L, 177162032L, 
-799530930L, 576072827L, -1939537955L, -2043843062L, 2000827176L, 
-2057732719L, -826653821L, -1959122812L, 448186034L, -43984377L, 
1466903121L, -416046634L, -154514252L, -502515515L, -759084529L, 
-203677048L, -801646682L, -2085249197L, 1687478453L, -1888240110L, 
-1835574304L, -1480364471L, -495424389L, -1583542964L, -26822438L, 
92195023L, 960205977L, 14244014L, -2013133380L, 446733869L, 530971095L, 
757862432L, -2140539522L, -839750837L, -1212337843L, -1350037638L, 
1936155064L, -10878111L, -164326637L, -685151436L, -476780222L, 
952347991L, -1704277855L, 390504806L, -1064152220L, 1741257365L, 
633977791L, 69209944L, -1442822794L, -1927370877L, 1225686469L, 
-1914567966L, -761124016L, 8468089L, -569067093L, -1871966436L, 
633985098L, -222704577L, -752399223L, -1444206434L, -1343609524L, 
-761527011L, 1739243687L, 180072400L, -1704859794L, 1784352283L, 
-1039173763L, -30343830L, 1720144904L, 227433649L, 292322083L, 
390760484L, -1157395758L, -1444913369L, 791544177L, 410994614L, 
-217302188L, -278510107L, -1365196817L, 529997608L, -243587194L, 
-1382870093L, 1471771413L, 1054182770L, -457969216L, 513466921L, 
428287643L, -444403860L, 113244026L, -1455124305L, -1212142663L, 
119356878L, -2065700580L, 1344887949L, 16765175L, -1172907008L, 
-1207968162L, -332119765L, -1109581267L, 1275241114L, -1726882216L, 
-427728447L, 497249907L, -1778160748L, -2122292702L, 2030857527L, 
2055146497L, -2106052346L, -1145023164L, 532314229L, -1574217249L, 
-203463368L, 661583638L, 598472483L, -730954523L, 53559554L, 
-1335020688L, 607628057L, -1905571061L, 1469028348L, 78705706L, 
-951543713L, -1283043351L, -1489653506L, 1171054828L, 2049868861L, 
-1662388217L, -1472461840L, 343330702L, -100938309L, -540103779L, 
1252143434L, -138913432L, -1030533295L, 45304899L, -786885308L, 
