.Random.seed <-
c(403L, 321L, -71220759L, -2069342828L, -2045727904L, 1257940557L, 
-1071033456L, -300557926L, 1108620407L, 1836516298L, -812612827L, 
1119546745L, 969887860L, -1077357235L, 1890030731L, 37923061L, 
-1235977785L, -1947316253L, 667842354L, 1394394406L, -335219040L, 
1274832867L, -27135257L, 1930309577L, -169013761L, -1805247970L, 
-522729139L, 1795054928L, -1024385530L, 1977025948L, 1302562139L, 
542552029L, 985336079L, -1419931759L, 1897267539L, -1291052098L, 
-474051983L, -56055233L, 928309733L, -1823215200L, 832262536L, 
-1861621101L, 1034062685L, -1235707728L, 616891942L, -246450165L, 
1599304991L, -1664677513L, -676439232L, 1911268538L, -349333315L, 
-675676866L, 617972148L, 1478881246L, 1207431480L, 140493936L, 
300787010L, -229029070L, 1268610809L, 1813403252L, -651425630L, 
-352030887L, -229485974L, -53914547L, 1750378468L, -245006239L, 
-588815264L, -1550193309L, 1561463687L, 1614823246L, 108123947L, 
1162151989L, 931793285L, -1060299896L, 1449952774L, 1804382589L, 
1374950202L, -721742483L, -1040892447L, 446870411L, -2048753819L, 
129280584L, 1350225387L, -716898097L, 514893277L, -2107853755L, 
-374862550L, -463910062L, 228545997L, -1278045260L, 1126110026L, 
-2120298292L, -16304601L, 1291969691L, 680999132L, -1428274337L, 
1298961825L, 689104449L, -1135799659L, -1468238341L, 389351930L, 
1888903104L, -1449289367L, -1743787668L, -1819662750L, 1865735973L, 
152820605L, 1567985121L, 781060820L, -1679163975L, 1495085475L, 
-1951701082L, 615127462L, 873636081L, 521364903L, -565076458L, 
1342411883L, -1346443552L, -65477111L, -2000878781L, -188697480L, 
-1882471516L, 953573169L, 504130236L, -54107355L, 804285995L, 
-16370199L, 499949797L, 1970300661L, -833323384L, 665949143L, 
-195725595L, 241011066L, 1850970230L, -1908741087L, 887868441L, 
-470239480L, 1625370491L, -1232589542L, 320431170L, -1222462752L, 
1121292652L, 1801483756L, 220293176L, 1385566319L, 964865983L, 
-432566760L, 1152132327L, -289723060L, 833074356L, 1713700532L, 
925370691L, 1854242206L, -836842474L, -683689564L, -1015882756L, 
1198489498L, -1710858159L, 1383303825L, -1567250576L, -1482866952L, 
-1310592683L, -1312420965L, -1146285192L, -1102522720L, 2075404742L, 
1686153977L, -817036817L, 1584472350L, 2119168349L, -702507349L, 
247087922L, -2126847964L, -1907049080L, -2041406923L, 122427873L, 
995125423L, 1851560498L, 1937216968L, 1639849929L, 1132150772L, 
123121549L, 1536442551L, -2119908659L, -1367520117L, -204467941L, 
-1125499946L, -1896256125L, -980887752L, 80141165L, -1068764738L, 
-1987141529L, 1873828985L, 1174928985L, 19044941L, 1275252093L, 
478032939L, -330729846L, 689798038L, 1256697819L, 1804947157L, 
-944326105L, 1990362287L, 827514883L, 991939145L, 978511422L, 
1316701910L, -1374841669L, 1200959591L, 2002603652L, 340354908L, 
-527017144L, -1747376706L, -298928047L, 603658304L, -297273673L, 
-964097091L, -1674804552L, -2074524396L, -510522233L, 696705724L, 
-555206264L, 1637909613L, -250798571L, -31955533L, 789632894L, 
1807550311L, 288695685L, -1572400510L, 1985162626L, 381881191L, 
-91105126L, 1916933644L, 1453429243L, -2029872167L, -1998648087L, 
105336214L, 1600714420L, 2121914827L, 577335490L, -58482456L, 
123224871L, 1208864411L, 793723133L, 825459361L, -1656376785L, 
785532210L, -1043254850L, -1106823557L, -203213115L, -572429793L, 
1579107981L, -941795242L, 1056892001L, -1979518130L, 1990421178L, 
1474246762L, 1235571059L, 1767611317L, -689495672L, -1459595733L, 
709791066L, -296642082L, -1346360294L, -1033229507L, -39766171L, 
1781004090L, 1012277014L, 1848692270L, -589002393L, 1290645463L, 
403292031L, 506702256L, -1987842770L, -179109570L, -1664374818L, 
699326332L, -837754786L, -1827284393L, 254154549L, 496414858L, 
644418039L, -48253970L, 1235603665L, 1735023847L, 971626944L, 
-1290196542L, -1346174128L, 1861907240L, 158936633L, -405528680L, 
201910983L, 2079876030L, -1989335960L, 1106013472L, -1777247537L, 
-1327154825L, 507577915L, -1429186043L, 682805291L, -1925880354L, 
729200854L, -202259608L, -1708799991L, 1263953808L, 52054119L, 
-601345568L, 1960681788L, 2063841487L, -2104782857L, -1562474045L, 
1754807526L, -1154931518L, 1731655770L, 377591643L, 1504737307L, 
1372932549L, 1859448250L, 257837636L, -1812581833L, -570128901L, 
593328623L, -2088999586L, 255144277L, 1378765675L, -855716556L, 
-1959836842L, 1066429448L, -1821347762L, 197375721L, 1577114138L, 
1014445438L, -724947648L, 1047622968L, 1446284261L, -1743512738L, 
1904659316L, 1715783557L, -2070488471L, -44243459L, 1372686439L, 
503320633L, -1632927091L, 2046908306L, 447690228L, -1207201988L, 
-740993719L, -276524147L, 335064639L, 1016674102L, -701412452L, 
1424973857L, 1320214976L, -555478841L, 804058392L, 1082411893L, 
-1272040643L, 525952082L, -139591401L, -1924298548L, -1886576248L, 
498342520L, -1460767668L, 1769832470L, -1482254500L, 2127906490L, 
-1771184837L, 2037679626L, 532847230L, 711387827L, 1893351793L, 
-638008761L, -1515259948L, -565488680L, 1911471173L, 577762009L, 
1588466082L, 2053037384L, -2055052162L, -502491030L, -39402886L, 
272938360L, 85601117L, 1671349183L, -1363515130L, -1659963939L, 
2076238002L, -1303767300L, 1291566822L, 1407947038L, 658845876L, 
-2054943314L, 538559837L, -998202976L, 428514745L, 2079939474L, 
499126130L, 1980589432L, 1900114566L, -397694922L, -354171029L, 
-366690907L, -1904151213L, -2070665067L, 985584102L, -985518276L, 
-1249955267L, -663136879L, -1782134831L, -834819519L, 1011515219L, 
-58129933L, 1159964700L, -1381988517L, 1214153109L, 2012677434L, 
-2044327011L, -1450229297L, -336615005L, -425738106L, 1068962606L, 
2060121735L, -2015378600L, 1695548351L, -506799941L, 2068363315L, 
-1787949772L, 1863337990L, 1115258454L, 1293628227L, 1097839366L, 
-739951975L, 484339645L, 13466756L, 1817543339L, -849363579L, 
1114933430L, 260927514L, 798443407L, -1778837439L, 283449585L, 
-1539988132L, -1395971436L, 1444870354L, 790106491L, -855890467L, 
1525497093L, -2056883302L, 1043842334L, 961435263L, 12482742L, 
-1681627926L, -496749224L, -261573650L, 1312314331L, -1404003867L, 
-300338621L, 710196447L, 328905386L, -1807258289L, 1765319334L, 
658655215L, 915650256L, -1092487825L, -1924794028L, -1804816142L, 
234026170L, -1113872484L, -713813378L, -1023308102L, 263682633L, 
-982755325L, -307570558L, 1459683570L, -1492932519L, -159029377L, 
1461147794L, -195708015L, 1676814352L, -492319058L, -807478189L, 
-1927389326L, -1822037385L, 1111836859L, 1708013262L, 756468567L, 
1708983342L, -2136821461L, 213678852L, 1952392685L, -1254841870L, 
2103789600L, -391405606L, -1799335575L, -152927338L, 1274350373L, 
419341227L, -1482075471L, 374160012L, -768128667L, 72095176L, 
1317767771L, 594322602L, -519919831L, 2003832283L, 767412079L, 
1275925882L, 1058983676L, -1464763740L, 909770242L, 263987347L, 
306450446L, -1486513543L, -1805629779L, 275847794L, -1397169173L, 
-164767953L, 1536331109L, 1790724881L, -814741646L, -191283597L, 
468426336L, -2105507121L, 1278832086L, -1835402581L, -795840481L, 
611016847L, 1230951291L, 1657155607L, -735530648L, 1122294087L, 
494179362L, 8036739L, 1599390409L, -411015957L, -1096411754L, 
1333110757L, -808535963L, -1432194004L, -1450886321L, 921702466L, 
-379491408L, 1462236523L, -704522376L, -234364843L, -126719424L, 
-1593449561L, 372446339L, 2088402238L, -53761714L, 1627146443L, 
-969678252L, 1207637130L, -959580668L, -627616268L, -1003019696L, 
363313364L, 165116681L, -1684193601L, 489326748L, 1846576184L, 
1366951350L, 495766894L, -1407634000L, -576752563L, 600162578L, 
10419672L, -1311871530L, 535033261L, 1866026892L, -1384926946L, 
1592948421L, 1629875019L, 1402637842L, 862002032L, -588871984L, 
-602701575L, -1606364207L, 1800223683L, 1934584749L, -1076853685L, 
1128347161L, 1058720683L, -1562714653L, 455134707L, 1426141916L, 
1977086492L, 236491538L, 2141488894L, -1772656176L, 1633628711L, 
-1305436289L, 492148007L, 1283473859L, 1543488183L, -830409936L, 
359113887L, -1520051695L, -1046667370L, -2024052182L, -1325402048L, 
1149427067L, 1842413247L, 312915474L, 750404682L, -1535981008L, 
