.Random.seed <-
c(403L, 406L, 1704294432L, -734673251L, 1465835111L, 1802431362L, 
-385224099L, 655599577L, -1452047518L, -187672264L, 1793440033L, 
785327771L, 1243275071L, 880371848L, 703162785L, 650281203L, 
2102337272L, -1663012986L, 326621600L, -1928571304L, -1979065351L, 
-204544329L, 355632863L, 1144141037L, -1013517826L, -2093704911L, 
-1863291443L, -960772168L, 1608910879L, -746056293L, -450346229L, 
-1016001106L, -374896003L, -1955889705L, 134886596L, -1774978540L, 
-367980496L, -1992521903L, 2049475539L, 1648653392L, -511633405L, 
1787879500L, -1253922755L, 1700741620L, 1830369321L, 1406754674L, 
-280385601L, 1942948705L, -1164509357L, 687852897L, -1299735097L, 
-1129885774L, 982038819L, 1051393665L, -834198918L, 1698074915L, 
-374835124L, 1122299184L, 2013488313L, 463862177L, 1499422486L, 
-1316090652L, 1313414560L, 1076810247L, 2003051085L, 31075252L, 
-1617576988L, -221439036L, 496190112L, 322772382L, 1117045358L, 
2103345351L, 1739357801L, 1011887301L, 24450117L, 953750711L, 
1107783814L, 1519198700L, -1787673780L, 1021010295L, -1863615123L, 
-120340675L, -125642982L, 1138253882L, -246501721L, -1549494463L, 
-1728708909L, 2036389705L, -143063227L, 582763469L, -736411374L, 
1335669533L, -661726910L, 1818308832L, -636605771L, 897022353L, 
649357121L, -1649979162L, 298626490L, -1966834099L, -843236361L, 
875637973L, 1869691419L, 1415148932L, -1201259022L, -895062733L, 
-810982412L, -2018614029L, 1189269317L, -73488357L, -521363388L, 
-1787217614L, 1067293218L, 111462857L, 1803037770L, 582068217L, 
-891024631L, -1938767140L, -2119545860L, 332998400L, 2092170040L, 
1602219759L, 213493742L, -1013262345L, 1859369587L, 1506004343L, 
-1116725132L, 1991585555L, 799000416L, 1479266839L, -79003991L, 
-868184291L, 727459102L, 1308246330L, -865160699L, -2095107205L, 
-673327267L, 1694467369L, 93625380L, -114681921L, 1175046181L, 
-1553822294L, -1145349520L, -1274998225L, -1129956027L, -1066106923L, 
-92795811L, 1129546179L, -270034709L, 1467863128L, 1372572979L, 
-860310751L, 195886576L, 1474844682L, 1979331024L, 202223199L, 
-1067498509L, 1301863642L, -266432903L, 1356518394L, -1218884817L, 
-1929782379L, -1455340835L, -296664053L, -1467951514L, 1966390772L, 
1995745535L, 1376436088L, -9068517L, -323768750L, 761965214L, 
1602992077L, -557303669L, -898143253L, 1320294273L, -1655993218L, 
1471349741L, -548508385L, -803178214L, 641391892L, 6193535L, 
2019445930L, -563887456L, -1037712506L, -589508626L, 874680282L, 
-544732406L, 501862208L, -963392663L, 1478471031L, 2021147453L, 
1808815260L, -1366934167L, 1150968517L, -18497047L, -1321733450L, 
1400265303L, 1568440280L, 921635913L, 1540332894L, -867334004L, 
-346831064L, -622846145L, -1898427546L, 713236727L, 190978603L, 
1193098025L, 890491189L, 1623295049L, 369601979L, 2037497407L, 
-410463908L, 1030225836L, 1679805908L, -1553179245L, 2056382321L, 
-1482992808L, 898244592L, -546372625L, 1113507908L, -2067691186L, 
1826980911L, 1507747221L, -850876235L, -1860387137L, -1685154647L, 
2018487217L, -1393529154L, -1375193426L, 988416084L, 523033908L, 
-907377596L, -1439880650L, -826999381L, -1196672889L, -1668083385L, 
621250046L, 2028180547L, -402148936L, 242662290L, 2143185148L, 
-1595015085L, -96131371L, 1544908730L, -2130352723L, 141057874L, 
-2059356209L, 103862175L, -454193294L, 2008109433L, 1280198301L, 
1615466699L, -636175248L, -689213572L, 1157514882L, 1364784415L, 
-239436108L, -2056164512L, 900637364L, 1540046256L, 374235427L, 
1456639563L, -2107847251L, -1477675847L, -1176854870L, -849682441L, 
857025317L, 748845897L, 669350964L, 1034270996L, -1153523759L, 
-1500133465L, 1572440519L, -141786097L, -403966634L, -36512438L, 
-92925614L, -1038873295L, 453125102L, 170034949L, -1394326292L, 
417470021L, -1588763863L, -1043458343L, -200154870L, -1798298005L, 
216814505L, 849835533L, 1375970425L, -21734161L, -1181631737L, 
-1446811485L, -481432426L, 596792519L, -600601635L, 29305531L, 
-520228636L, 1169589662L, 444262673L, -1750300850L, 333061593L, 
-465907643L, -1683923770L, 1204181378L, 2049412495L, -360711672L, 
-565637540L, 951450637L, 1500379170L, -1557624167L, 208924971L, 
-2020460150L, -2023429021L, -349851627L, 1042515191L, 1184770485L, 
-388287383L, -1327246290L, 1872550384L, -1755671039L, -1378273545L, 
1169870801L, 551571726L, 614759736L, 1275057604L, -625489265L, 
1789657200L, -1815996000L, -1541010485L, -1332264795L, 1060346097L, 
1366495644L, -710064116L, -1022037627L, -877944532L, -1510121063L, 
1494876053L, 1591490760L, 1390332037L, 2141666717L, -1589209127L, 
94822676L, 2030279578L, 1682442949L, -559870813L, -578988722L, 
-1380031670L, -2101032743L, -461526812L, 1948943448L, -693891267L, 
-1463869537L, -465563188L, 1119911394L, 361971195L, -737788246L, 
859875822L, -382370292L, -614044884L, -1109910644L, -652611762L, 
-80024777L, 491276023L, 2027386538L, -628856514L, -975731504L, 
983593184L, -1530406616L, 1654101131L, -168805827L, 1555769677L, 
-1465687215L, 1547594427L, 27078898L, 672070507L, 749344752L, 
-233647295L, -2035859883L, -2047032854L, -803270872L, -786944531L, 
-411586581L, -960257120L, -118246573L, -1048539423L, -1396108065L, 
-1820994765L, -324367599L, 1340379353L, 1135346593L, -2106280983L, 
-331965895L, 1400656538L, 1782526939L, -1260639393L, -562196459L, 
-14122139L, 369795590L, -1109472505L, -1690654121L, 1380441656L, 
1491332679L, 2049591253L, 994106321L, -168987869L, -145638023L, 
1548827440L, 1172518981L, -113627414L, 957371838L, 1346722713L, 
-218266906L, -1876324468L, -1742504557L, 1133853254L, 813570157L, 
2068804667L, -85675975L, 373390115L, -110390007L, 1877326983L, 
1181114817L, -1502207937L, 728042313L, -1283608734L, 329708039L, 
1311703686L, -107369766L, 633194516L, 1351262725L, -299800952L, 
-1528362226L, 1770798053L, 1985063789L, -180324039L, 308417827L, 
-1733807503L, 899129656L, 839560717L, 417760401L, -857314398L, 
-342176276L, 22955412L, 1811210272L, 88385741L, 743249976L, -291570065L, 
-807658035L, 1562287408L, -1307190650L, 1147878756L, 1150339397L, 
-605091183L, -117702187L, 1465748219L, 744167337L, 1793866747L, 
-1104042365L, -1103421500L, -2015875464L, -796146692L, 1625180733L, 
-1903084116L, -1494275729L, -1117526987L, -1002948814L, 300839945L, 
-896769648L, -681041600L, -1008876136L, 1426595803L, -999207431L, 
-337727656L, -1709023633L, 1351986984L, 486877117L, 930612416L, 
-1568778309L, 2034699414L, -1591171869L, -995355165L, -1341847844L, 
-291670799L, 400996037L, -1438327204L, -1232375282L, 1449332363L, 
1604821069L, -910838319L, 430920966L, 1412982328L, 1790630219L, 
-2056687485L, -813975459L, 1886149530L, -1564272422L, 1809409131L, 
-1308760L, 1079283636L, 638142375L, 861235358L, 415353345L, -1802254928L, 
-190343488L, -756365129L, 790103262L, -236480926L, -1910080632L, 
-1391988618L, 424505594L, -127562298L, -915955029L, -1369945959L, 
-339660858L, -1633428206L, 120479433L, 838208021L, -1967007223L, 
1156551035L, -2070078560L, -541484906L, -688355046L, -1376968335L, 
2015111774L, -960676997L, -472394034L, -1921603600L, -904090697L, 
892908723L, -1834506691L, 970050459L, -1999160809L, -120431286L, 
-328264307L, -1439832468L, -203306712L, -1341404521L, 1238706804L, 
-337328458L, 159701032L, -1360572605L, -1307308028L, -1163041997L, 
998254212L, -197546406L, -219413316L, 108717602L, 270091195L, 
584655931L, 655929250L, -731549212L, -1682557778L, -1259367227L, 
-1264272163L, 644665032L, -1984523425L, 1003925832L, 1961337110L, 
2109250949L, -456205792L, -1021186165L, 536515283L, -1499502767L, 
820853026L, 18177183L, 1686233542L, -1144615834L, -836857881L, 
-1884442500L, -452097673L, 1690172993L, 218054871L, -701658312L, 
403264424L, 1225133856L, -1230496146L, 2127914124L, -1388430890L, 
1237481162L, -1803430204L, -1965506300L, -88145020L, -50898095L, 
-1336278119L, 604662627L, 1390685488L, -1429448480L, 1150101345L, 
-1018124204L, 171547166L, 1005283356L, 681097496L, 604026944L, 
