.Random.seed <-
c(403L, 10L, 135616791L, 1078997118L, -560625608L, -627794149L, 
-2037420935L, -761695032L, -625437450L, -147552975L, -71453341L, 
1703368498L, 420053124L, 26729671L, 578015133L, -1359742188L, 
1686604218L, -1119870971L, 890131935L, 130099302L, 1509693424L, 
714694931L, -1793147215L, -1724941984L, 83611390L, -766006647L, 
-1962228293L, 757940106L, 1159013996L, -196110353L, -407097307L, 
-855850788L, 1993844402L, 633588141L, 1544600935L, 1750788750L, 
-1171983512L, -831968405L, -1023470327L, -434312296L, -360682810L, 
1237143585L, -820439885L, -179370462L, 1431222292L, 1289043095L, 
1228641933L, 269940644L, -637474422L, 1722209781L, 1887914063L, 
-404070570L, -812567040L, 60524355L, -1266131231L, -232866736L, 
-1200487250L, -545120167L, -1524809621L, 259323354L, -1442423140L, 
1041199263L, 305859317L, -1941727348L, -1393052062L, -429127107L, 
530461879L, 1182493534L, -1012773224L, -883479045L, -840011879L, 
1569638440L, 387264726L, -366807727L, 1753195523L, 1198508946L, 
-961337052L, 1762586599L, -1534888899L, -21151052L, -2053058278L, 
1159045733L, -2105178369L, 387382150L, -1032430320L, 1977636275L, 
920127057L, 740189696L, -763583778L, 885207337L, 498605275L, 
-1387418646L, -1928004724L, -549077809L, -467311483L, 1471491900L, 
2029956626L, 1819520269L, 387315271L, -559371218L, 725528968L, 
-773494645L, 187105897L, 1582202424L, 1747654374L, -1022217599L, 
1215020563L, 1632356802L, -1228021132L, 315884663L, 299552109L, 
-646745596L, 666718506L, -1712028011L, -304222929L, 42686518L, 
-552440736L, -750714205L, 844051905L, 319685040L, -1051565874L, 
1542618681L, 1383710795L, -161648134L, 1548594428L, -1977925313L, 
-2060829163L, 865008940L, 2110049794L, 1728664797L, 1096830935L, 
-1177802050L, 1939942648L, 2039583451L, 563628345L, 1568410760L, 
-712213450L, 1571702897L, 445446819L, 1412456434L, -1342934204L, 
1602804743L, 527792605L, -859519276L, 1515055610L, -1797962427L, 
1608552863L, 454865702L, -1944941648L, -1136756653L, -755960975L, 
774341280L, 1295021630L, -1126138551L, -1147354117L, 1189783498L, 
885168428L, 1052718383L, 1253817317L, -460651876L, -1560262926L, 
826431341L, -54058841L, -855334194L, 1193988136L, 910879787L, 
-415834551L, -122677416L, 1015906822L, -609244191L, 1924417907L, 
2026269154L, -616428204L, -1243044777L, -1912829875L, -2046751772L, 
1820158410L, 881127477L, -955814257L, 1249001366L, 915292992L, 
-1474531837L, 672232481L, 894924560L, 702409966L, 1667282073L, 
1229791531L, -29501414L, 890688220L, 2008781535L, 492817589L, 
-422696372L, 900191906L, -1041023491L, -1696934153L, -375406562L, 
-2020879656L, 1323595323L, 2089075673L, -429018776L, -2025338730L, 
-198670831L, 366755779L, -1125186606L, 1630862948L, 766709159L, 
-1134714115L, -1515579660L, 23773658L, -1912306395L, -847084481L, 
1099609030L, 103850064L, 894930035L, -633560943L, 916455616L, 
1968368286L, 298395241L, 2101089947L, -1281655894L, 2113069004L, 
2053313167L, -767345979L, -516795780L, 1708687058L, 1280793165L, 
1955444487L, -202351890L, 219910088L, 1468183634L, -375258656L, 
-1392583476L, 1806386336L, -1229523582L, 796707048L, -1295812884L, 
972379452L, -1656615822L, -1934497680L, 17989668L, -170341320L, 
1743695642L, 1787784400L, 1201454908L, 291366804L, 629166978L, 
-1599911488L, 542801468L, -184564336L, -879411678L, 1274520840L, 
2094542476L, 1825414940L, -1385250670L, -1549682304L, 124478996L, 
1167105832L, -963896774L, 975191504L, 337521004L, -1688271948L, 
1794660370L, -1060506144L, -1418868788L, 344908000L, -912091102L, 
408183080L, -1051353588L, -1137137860L, -292502542L, 1591155440L, 
1475169860L, -222051752L, 577785658L, -694360592L, -630696260L, 
-614287084L, 201147074L, 590509152L, -596638852L, -1978132528L, 
-2066652894L, 341965480L, -1731880052L, 600553660L, -378540238L, 
-1402295744L, -137364300L, -555933112L, 1106437562L, 476152336L, 
-1975913748L, 1850909012L, 2095890706L, -1335964256L, -1527143732L, 
162471520L, -1805223998L, -1223334104L, 844853164L, 155181884L, 
738175346L, -976356560L, -1774195420L, -626349256L, -1939824934L, 
467806096L, -611365124L, -1422218348L, -354377662L, -1398090496L, 
-680491972L, -465059504L, 193695906L, -996417208L, -1023207668L, 
-1734753572L, 1053519186L, 100385920L, -1409408940L, 895029224L, 
-887740166L, -1110955184L, 484245292L, -878565004L, 1196944274L, 
971679840L, 179424652L, 769350496L, 1604467170L, -1459129432L, 
1991914700L, 1627717628L, 688252338L, -1008405008L, -1567847484L, 
-5036712L, 678123898L, 1270088624L, 1680247228L, 647903316L, 
-393824318L, -751751136L, -99534660L, 698323536L, 1074377698L, 
-680886168L, -25541556L, -1015342852L, 814451698L, 986564864L, 
385892724L, 2095901704L, -2070773830L, -1760087600L, 288717804L, 
-2017975916L, 1862406610L, 1632899424L, 292474700L, -1306240736L, 
1035517826L, -304304408L, -490323732L, -1933233092L, 258751346L, 
-40157584L, -1176923100L, -127775944L, 1618324634L, 1175065296L, 
395608252L, 124399252L, 1502099074L, -613201728L, -305126596L, 
919264400L, -217121246L, -614477816L, 963419404L, 1952656540L, 
-202899950L, -1789100160L, 446451220L, -1380996568L, 891254074L, 
1507477968L, -1972882324L, -2124863180L, -2011654510L, 1033276256L, 
1126429516L, -87869472L, -787376222L, 1201309608L, 430452108L, 
436635836L, 1943472498L, -948595472L, -1879297980L, 778084696L, 
-1914624454L, 1461615472L, 1550399548L, -135700716L, -492935742L, 
-1088980256L, 700356476L, 940170960L, 1834440866L, -1717007320L, 
2014831884L, -1320917060L, 517433650L, 595290560L, 1553943092L, 
-160949304L, 1578842298L, 1835903376L, 571822572L, 181977684L, 
-98766702L, 93564704L, -1817384500L, -879585824L, 853604034L, 
762242088L, -1266109780L, 766764220L, 1599990258L, 1038987568L, 
627741860L, -2122545480L, -1777746598L, 1983739280L, 840061820L, 
2125064468L, -277216446L, -2041088L, 554268604L, -580133040L, 
-1596570846L, -1863066296L, 994667020L, -1159804836L, 1692892370L, 
703666688L, 835251540L, -1833985560L, -559444998L, 1499185360L, 
1847823660L, -1921277196L, 1101797778L, 445887584L, 353215756L, 
-633719175L, -553535061L, 1010241308L, 794351690L, 1565051967L, 
850676873L, 1734355102L, 1989092684L, 159057181L, -1673412441L, 
-215961648L, -1024792722L, -732951013L, 773617533L, -1552548502L, 
1754551304L, -2068357967L, -1491371229L, -2102687708L, -1056797998L, 
985489191L, 1430061425L, -221755466L, 1997618004L, 472466917L, 
-1586380817L, -1993072856L, 903882630L, 1674974131L, 14578453L, 
-1149465230L, -778112576L, -1696341463L, -428333413L, 1711009644L, 
78706554L, 1345294511L, 1972841401L, 1121992142L, -364451556L, 
212098189L, 871026935L, -1457398784L, -2102469026L, -1767292629L, 
-2132270547L, 854041242L, -1750147496L, -1697881663L, 893939315L, 
1213492116L, -435985886L, 1899326775L, 1871842305L, 1564553478L, 
806835524L, 2107603061L, -1657251361L, 128738616L, -1679689962L, 
-988743901L, 487163109L, 1017921794L, 860107632L, -1488540903L, 
-872133877L, 1309579260L, 720761898L, 445880415L, -974434327L, 
-1928679170L, 1726603500L, -1030388675L, -1689978873L, 590283760L, 
-1325412466L, 878497211L, 827042717L, 1399402826L, -417900184L, 
2062962513L, -1688843197L, 1277826372L, -1922681358L, -860078137L, 
-2005368431L, 617821462L, -46215820L, -1778856955L, 256031823L, 
1216467016L, 366298598L, 1748409107L, -526189451L, -680237486L, 
-39706464L, -704317047L, 1115912635L, -1762044404L, 1278037914L, 
-2135689457L, -2063438503L, -835745810L, 1189703292L, -349415699L, 
-1443290729L, 697789024L, -106684354L, -528979701L, 310995853L, 
-2120570694L, 2135191288L, 1365517473L, -264601517L, 1004317556L, 
304306434L, -1361905257L, -1538366623L, 1349040038L, -69463644L, 
-1961834411L, 1568824575L, -716119656L, 308804278L, 836506435L, 
-49967483L, -1405992158L, -170756080L, -1456225351L, 754951275L, 
-1747257508L, -140521846L, -786032001L, -1330084919L, 929898590L, 
-1913273588L, -241702179L, -959249433L, 21092368L, -2101365458L, 
-1631811109L, 1177964221L, -739722198L, 1255652552L, -1290249743L, 
-1358948509L, 1329155940L, 1046292114L, 962659175L, -1927566031L, 
