.Random.seed <-
c(403L, 624L, 1019711583L, 1585606420L, -1121257723L, -1594355710L, 
-1888031845L, -674461152L, -1142015071L, -764547858L, 66900119L, 
-660491284L, 1670123517L, -470440294L, -1413072045L, -636241800L, 
1520488473L, -1921980154L, -398071857L, 1955537860L, -1087072267L, 
1623859250L, -441429493L, 879182288L, 1993819025L, 1549826078L, 
1467463175L, -719184228L, -2038665491L, 1916001482L, -225964093L, 
797214248L, 1310160393L, 802224694L, -515695809L, -430046092L, 
1140290789L, 1929198690L, 758928507L, -1642797696L, -1948039295L, 
-685584562L, -625674377L, 1257387340L, -2047505955L, 1199349498L, 
836239411L, -500318248L, 825792505L, -503163034L, 1907763887L, 
2042237220L, -33387051L, 387212434L, -385748245L, -1563396816L, 
1813071729L, -1310199170L, 814453991L, -1958938628L, -1872338739L, 
900918570L, 58526883L, 829056392L, 1591948777L, -1147666282L, 
-246016481L, -1221703212L, 1403314885L, 1028823234L, -441963173L, 
-1621823264L, -668974239L, -123543122L, 1100123735L, -2115148116L, 
2147349437L, 1467598682L, 50214163L, -2091550920L, -105492519L, 
-1998260794L, 899276175L, -1710903676L, 1324184501L, -1229268750L, 
-1449786421L, 1864194192L, -795919535L, -2079941410L, -1407130681L, 
1705935196L, -894745939L, 1077161354L, 1034058115L, 348779752L, 
-602872375L, -84134154L, 28868863L, 1078673204L, -1918156635L, 
1695556898L, -453872069L, 476359744L, -2053296319L, 696656910L, 
877499703L, 1743472652L, 1914523037L, 738533306L, -1569662477L, 
-1453138280L, -2012088391L, -676281306L, 1990787183L, -1698038812L, 
829245845L, 1792376146L, -509311829L, -1876562960L, 1195974449L, 
-346785986L, 871342759L, 1691269820L, -205319027L, 802135530L, 
1915770467L, 997930056L, 395871657L, 697670998L, -2094900257L, 
487384212L, -813527419L, 1531830658L, -212652261L, 1109137312L, 
1968311073L, 677680750L, 178129943L, -1824269972L, 952866685L, 
1765189658L, -1352143149L, -1406274056L, 742625177L, 1878901382L, 
1402704719L, 1834940740L, 1627000693L, 1786532274L, -412781173L, 
-389927088L, 1865872145L, -865500770L, -1917857401L, 888513564L, 
-2044340627L, 782057034L, -1906400445L, 1935025064L, -546171511L, 
-822332490L, -1035229505L, 348862964L, 849529957L, -1658597918L, 
1963087867L, 693318400L, -2076780799L, 2144745678L, 2017194743L, 
1179589324L, 1820381533L, 1059479674L, -451185741L, 1334754648L, 
-1304225927L, 1063514342L, -953575889L, 790406820L, -720648875L, 
-121154030L, -1391405461L, 1204429488L, -481249551L, -673334274L, 
-619089817L, 779828604L, -1203009459L, -223015254L, -1687855069L, 
-164445432L, 2106955113L, -1094190570L, -403938913L, 450772820L, 
209975877L, -1280710078L, 1782051035L, -689832352L, -1958505759L, 
-2039280850L, -1931523625L, 1868893228L, 1639250749L, 1777092826L, 
449013907L, -1017301832L, 1644728153L, 2138787654L, -1475671793L, 
693830660L, -1055233227L, 1691257458L, -1059150005L, 1746257424L, 
982411985L, -1974917538L, -1713078457L, 1438090972L, 2091657773L, 
-1104212214L, -1099133693L, 1776882280L, -1208285879L, 412151926L, 
-121860993L, 1318974644L, -291629019L, 871904930L, 1865152955L, 
1000372672L, 1601191617L, 1590889870L, -1270869833L, -1461867124L, 
685774109L, 832594234L, 1134022003L, -1552851944L, -7604423L, 
-1243882074L, -1460147217L, -781053596L, -1801584363L, 162131666L, 
1292298283L, -260236944L, 132648625L, 742637758L, -1547108825L, 
1526890556L, -2118140915L, 1596145514L, 953952739L, -531557944L, 
-795187927L, 1206851286L, -713808033L, -77440492L, -1503058427L, 
-1087982846L, -1139379557L, 879142176L, -776676703L, -141672466L, 
-1240053865L, 957415148L, -1904599299L, 1784326554L, 1859166803L, 
-140299400L, -893038823L, -1273127930L, 1487421135L, -927347004L, 
-82934027L, 1316062002L, 398563595L, 1943542992L, -631922031L, 
-765097186L, 780070151L, -1699468900L, 838745581L, 799645642L, 
1740388035L, -683491032L, -2056538871L, 75132214L, 986395199L, 
-1736216716L, 1029514213L, 38625122L, 623860603L, -1978892160L, 
-1358338431L, 188523086L, -1239814537L, 307691596L, 452663517L, 
1949508090L, -945428685L, 868924120L, 2142017273L, -1747416474L, 
567542191L, -594920412L, -605815595L, -1505933422L, -2092516885L, 
1895747632L, 1020208753L, 1564902782L, -876721177L, 488932092L, 
-1277186099L, 366620714L, -1001081949L, 949362824L, 275182825L, 
1372255126L, -1048990433L, -916900652L, -118353467L, -1232847934L, 
447657051L, -244708384L, -1067064735L, 544617646L, 872613207L, 
-754470484L, 316342973L, 994167386L, -1789944813L, 935326264L, 
1446629081L, -895178554L, 1261646991L, 104552836L, 1519805109L, 
-1876608014L, -1915860277L, 1388917648L, -1236493743L, 2038345694L, 
1765743303L, -1767142308L, -371453523L, -2083721078L, -472014717L, 
1512255464L, 662971593L, 2138614262L, -566781953L, 1564191284L, 
1520431013L, -1595717598L, -1462993605L, 190269248L, -893235647L, 
-1982662898L, 193563703L, -981789940L, 1989270685L, 933143226L, 
990232819L, 1331354008L, 40171193L, 35256102L, -142747793L, 1797596900L, 
-694306667L, -1757323182L, -779072597L, 1880049392L, -909771215L, 
-1616508354L, 1354324391L, 1738622396L, 1919640461L, 2006573290L, 
2005859683L, -37621944L, -54836055L, 689672278L, -507710753L, 
1333972884L, 534691205L, -1836940158L, 2009118235L, 1689006752L, 
-1894340063L, 1709893998L, 1952809751L, -536271764L, 43492989L, 
1835117338L, 939546067L, 846426360L, -1272574311L, 1070626182L, 
627829327L, 1553966148L, -344850827L, 1386853554L, -2067481461L, 
195627600L, -164408815L, 341087390L, 669321351L, -1671581924L, 
-1476024979L, 2069430602L, 1285605955L, 1363828392L, 1040471177L, 
910927542L, -121520705L, -947477260L, 1109818213L, 1752821986L, 
-876388613L, 1983958528L, -900008447L, -1621750834L, 38726135L, 
-989207092L, 795107421L, 1822614394L, 662133427L, 81901656L, 
393549433L, -782228506L, -1347064529L, 1476579748L, 1888171093L, 
1702246674L, 2040765803L, 1416527280L, -1232300559L, -400404738L, 
-260429977L, -315045764L, -1591552179L, -1524477526L, 1279985443L, 
-292258296L, 358044777L, -626987754L, 738064543L, 413084244L, 
-152098491L, 199331138L, -2062780453L, -1527965344L, 898052577L, 
-324248018L, -1526873897L, -1026205908L, 829426237L, 1366969306L, 
-1063071853L, 1451077560L, 1414139481L, 1348534854L, 1293049871L, 
111587076L, 2036423221L, 2126441842L, 509931083L, 1698144528L, 
-2117482031L, -140035746L, 137410119L, -1098214948L, 809171245L, 
-1760701942L, 2076554243L, -612872856L, 682378313L, -1783405706L, 
1613341567L, -1037803596L, -1347369179L, 1909545378L, 533987515L, 
1099502784L, -2053939775L, -796532594L, -1473640521L, -742164340L, 
-114121699L, -1006640070L, -692407181L, 589256472L, 245167673L, 
-1570041690L, -1875197201L, 1038302308L, 1433169941L, 1503384018L, 
2101391147L, 1155298416L, -891097679L, -344239170L, 683717927L, 
548080444L, -473560307L, 2134082154L, -62336797L, -1983001400L, 
-1711594455L, 857410006L, 1442627167L, 1869497620L, 434328837L, 
-1688119806L, -1269696101L, -1997750240L, 1802992033L, -1720020242L, 
-1282687337L, -1641264660L, 858009085L, -129258342L, 1492584787L, 
-761352584L, 1717947929L, -115978490L, -404318769L, -15697468L, 
-1876658699L, -1121655246L, 1013899275L, -432736304L, 13631889L, 
943103518L, 1742873607L, -806210404L, 104598765L, 397107914L, 
185359811L, -680723416L, 121369609L, -898637770L, -1439741633L, 
-137045388L, 520016613L, -1784053150L, -155295109L, -1544545408L, 
-1809087103L, 1646425422L, -891624073L, 1952959308L, 1203546077L, 
-1368021766L, 1385156147L, 953398744L, -140732935L, -772096666L, 
-1630676817L, 2005296932L, -251565099L, 2087856786L, -1641578261L, 
672738096L, -1903622799L, 510728318L, 927793895L, 884477436L, 
-1642791219L, -1500679382L, 21519011L, 237886344L, -1972980759L, 
-1085675882L, -713472993L, 1588600788L, -461684539L, 2042748610L, 
928070491L, -1486149920L, -1465417375L, 286623662L, 1305443415L, 
1422785708L, 1534333373L, 848678234L, -356711661L, -1785303752L, 
-633778727L, -156214330L, -609711217L, 10290308L, 2071679413L, 
1989910258L, -2136829493L, -715059568L, -620365487L, -1430076706L, 
