.Random.seed <-
c(403L, 144L, -210354273L, -324450827L, -1343756148L, -682759838L, 
1791337789L, -765844041L, 1681420894L, -2086808680L, -529368325L, 
-1016745319L, 998374184L, -855250474L, -650733999L, -1037462269L, 
-766703470L, -1225769436L, -1399693081L, -1145981635L, -273198668L, 
1578561050L, 2105085285L, -2085932033L, -1631808890L, 73159184L, 
270936243L, 759489361L, -414019840L, 1987681758L, 754066985L, 
801410523L, 1228608234L, 1045905548L, 125497295L, -1805457531L, 
-542440388L, 1610278162L, 552038925L, 357288263L, 69966638L, 
-1606289784L, -1898430581L, 1216163689L, -1055727304L, -1593386010L, 
1939917697L, -594615533L, -2108977982L, -804018316L, 409357175L, 
-473117587L, 2130305796L, 444594730L, -142305387L, -1900536785L, 
-1530809034L, 695205216L, -567657565L, -841360191L, 341400752L, 
1121975246L, 89644857L, -496156853L, -1637659398L, -1483549188L, 
-521419201L, -2038908139L, 2023430188L, 991168770L, -1503895075L, 
1112981719L, -1296266306L, 185269752L, 167619035L, 640919609L, 
-1033236088L, 1336425782L, 1443710833L, 1171502499L, -1056741134L, 
703353924L, -1196945657L, -1983496483L, -1164443692L, 420409082L, 
-1834667451L, -1509809505L, -384675802L, 1083880624L, 509072723L, 
-714338191L, -948212320L, -1451400898L, -260173751L, -420391685L, 
-882213686L, -296254932L, -195070417L, 370980581L, 1340472220L, 
576884210L, 1765890157L, 1914876327L, -284507186L, 1214310696L, 
-780330197L, 827046217L, -1152799144L, 1464180486L, -890451231L, 
1901444723L, -1943607582L, -955786668L, 1578836823L, 61048653L, 
2117933796L, 1737482954L, 1356954421L, -1663454833L, 1154041494L, 
-1735006656L, -452305149L, -1156262111L, 350781456L, -1038493714L, 
-1369466983L, 871510059L, 1277838618L, -65484836L, 291703263L, 
-1905095243L, -1873437876L, 2054371746L, 1047132413L, 1237100023L, 
-27155682L, -1810588200L, 167753531L, 246587609L, 822389864L, 
25973142L, -1311076079L, -986266941L, -925549870L, 621071204L, 
-413663577L, 1795450877L, 1856348660L, -1440821542L, 490696741L, 
-1649377985L, 437162694L, -974012592L, -1689378957L, 1534517649L, 
-604097600L, -1441393250L, -1674991767L, 1003135899L, -148370774L, 
-186342196L, -1701044849L, 1267087813L, 2086681980L, -1139882542L, 
-1378254515L, 236454919L, -1137331218L, -1488315704L, -744860213L, 
-1882042327L, -954501512L, 181965734L, -1776683583L, 959156819L, 
1775786242L, -792162252L, -685119049L, 1652817325L, -1477634364L, 
526236394L, 1432894805L, -1866730769L, -2004332298L, -1078988768L, 
-860220957L, 1601467009L, -1580606224L, 1716589454L, 354577657L, 
435885707L, -1864046918L, 105933244L, -349955329L, 2116787797L, 
-976049812L, 1366620610L, -731024867L, -480531817L, 1656398846L, 
922255288L, -1257294949L, 1986828793L, 2139007304L, -2016422794L, 
2144305585L, 841084899L, 849800370L, 2141102340L, -1221981625L, 
147434781L, 570579860L, -1453437126L, 988590981L, 1872668767L, 
2014599910L, 1751818608L, -739349869L, 1156535089L, 183833056L, 
-1264425346L, -621998839L, -82976965L, -769394934L, -1336285460L, 
1037882223L, 274113701L, -1542810020L, 1715151944L, -1540841030L, 
2047184400L, -864065300L, -362880684L, -1580949742L, -586541664L, 
-1598969140L, 1600169568L, -2054611006L, -1624884440L, -232925780L, 
2110437692L, -1432623246L, 308533552L, -824389852L, 10693944L, 
-1241994534L, 1907074960L, 667284220L, -954568812L, -1432807358L, 
848739584L, 712438844L, -1041377968L, 298420386L, 1777858376L, 
1737051916L, -1633293604L, 2133564242L, -1710185856L, 462489684L, 
-1004465176L, -923326726L, 111006032L, 1563421484L, -579055756L, 
1129032594L, -1693720992L, -1734901876L, 1712612192L, 1318682594L, 
896327592L, -1702910772L, -1606316548L, -921853006L, 1044435440L, 
-717508156L, -1046486696L, -106068614L, -28974672L, 1867657148L, 
1370390612L, -1226652734L, 1675123744L, 1716673724L, 1884045904L, 
-2134702110L, -1147883928L, 1619540556L, -1429937924L, -845328398L, 
244798720L, -1700982924L, 934383624L, -746746438L, -1372518960L, 
237435884L, 1547980692L, 145089490L, 1808496480L, 600280396L, 
-1694139104L, 243868546L, 2035794664L, 1899570412L, -1654771140L, 
667652978L, 908814960L, 1651982372L, 507023160L, -1845676902L, 
1384946384L, 1033308348L, 228161172L, -1160212862L, 1374465216L, 
13222204L, -234465136L, -390008286L, 322022920L, -654939892L, 
1787083420L, -1463110126L, 16860544L, -267336172L, 1285013032L, 
268498234L, -2128681008L, 1478140524L, -1408315596L, 463489682L, 
1776003424L, 597547340L, 1307410400L, 1668343714L, 1577512872L, 
1229886348L, 954365628L, 1068014450L, 364312816L, -285855676L, 
-1900499624L, 746710074L, -969401488L, 1020046396L, -952667372L, 
-1402723902L, -1515421472L, -305281156L, 779896528L, -1675929950L, 
-547263448L, -2110820084L, 776485820L, 1018125618L, -1403955264L, 
-20954572L, -2072790072L, -464231238L, 760237968L, 1252261356L, 
-770547628L, 1191661202L, 633189152L, -1522182708L, -1119011872L, 
1098934978L, -1576654296L, 69142188L, 1635183292L, -410453518L, 
660236592L, 1369201828L, 1274612408L, 124203866L, -1663871600L, 
-1471626884L, -1989397228L, -910167742L, -1542128896L, -1647961156L, 
1587389264L, 1400396066L, 690715976L, -1894742004L, 1560248412L, 
1730915538L, 862472192L, -1362412716L, 1094789608L, 720838650L, 
-1985782064L, -261720788L, 1157730548L, 330430354L, 859216992L, 
-84071156L, 1539473120L, -557933214L, 432796328L, 1007512140L, 
1340426108L, 281869106L, -925194640L, -449606332L, 1445207000L, 
1640636538L, 2124690992L, 128160444L, -544725164L, -1134079422L, 
1342346144L, -1217269572L, 903399888L, 1510143330L, 1416969192L, 
1794637772L, -876194052L, 2141839346L, 605236352L, 266926324L, 
190338184L, 208495930L, 1171317584L, 102698092L, 1073631380L, 
-1677543086L, -274151712L, 2061566156L, 391147680L, 114946434L, 
-964955928L, -1900994324L, -1486323652L, 1160069234L, -1869240208L, 
287037988L, 761692728L, 99111450L, -969312048L, -583412164L, 
-249244524L, 1219388546L, -935022656L, 1969067324L, 768501392L, 
1862122530L, -2053257208L, -1922960244L, 1088505884L, -1707916142L, 
597195904L, -1668891628L, -978971864L, 1487064122L, 1084554448L, 
1413330454L, 170912291L, 416335333L, 1357487106L, -415596944L, 
1275096089L, -137196021L, 1388203260L, 1952112938L, 101873503L, 
-41666839L, 791524862L, 694749676L, 1951166781L, 1532256519L, 
2044997872L, 2132626574L, 1959814843L, 78886557L, -1325591990L, 
-1506455448L, 1250140241L, 1413043011L, -348096956L, -991607566L, 
-1071456057L, 549941905L, -1509831658L, -1951787404L, -1939148539L, 
-304754865L, -1612527288L, -700082970L, 227953171L, 1001868661L, 
-2062110382L, -168240736L, -1628794743L, -1196836677L, 1858056972L, 
967283354L, -271730673L, 2116508761L, 644608238L, -192924804L, 
609689581L, 1654118551L, 18924384L, -1112448194L, 820423691L, 
-1327788915L, -1677980230L, 119317496L, 1942503329L, 1908529491L, 
-252487564L, 762161666L, 747537559L, -467655071L, -285020506L, 
-1552771420L, 1440924501L, 965828607L, 1794211480L, 855655350L, 
1469057091L, -1487666811L, -60849630L, 102836496L, -1102669639L, 
1326824811L, -1703254948L, -1684895350L, -230417025L, 752537801L, 
-701127330L, -871000564L, -337917475L, 627087591L, -87679728L, 
1591440430L, 227781339L, 591625149L, -137841366L, 942844360L, 
2005251825L, 955717731L, -566256540L, -1262628974L, 1882014823L, 
1063717937L, 1210783094L, 1656386196L, 599036069L, 604177839L, 
690404968L, 663602758L, -575257613L, -1987157163L, -1209283278L, 
-100810496L, -81266199L, 2005036123L, -659257684L, 813641914L, 
-235713937L, 1978947577L, -1387489650L, 1515132764L, -770708531L, 
139758391L, 369119680L, -1246599522L, -364023957L, -1535084819L, 
-48651430L, -1421934568L, 382414209L, -1422984397L, 240953684L, 
1929239394L, 1131198455L, -1547454399L, 1018277062L, 710724100L, 
-479984203L, -1437115745L, 153975544L, -105263402L, 91003747L, 
1827230501L, -137535294L, -1777603152L, -1132409383L, 1080224587L, 
2140133820L, -519947798L, -1461584353L, -586261335L, -1017396162L, 
