.Random.seed <-
c(403L, 22L, 255362318L, -680409223L, -1977747701L, -2047371206L, 
-1988024516L, -966949761L, 588347349L, 1884027372L, -527156414L, 
-73407331L, 1104542999L, 1853805694L, 1433685048L, 1776380699L, 
386859129L, 790096072L, 1273979126L, -1475264207L, -1399305885L, 
-2053539022L, 1024226436L, -1419390777L, 471739293L, -70545644L, 
-68549190L, -254581755L, 1780144607L, 1053776998L, 786873328L, 
556983571L, -669517135L, 1675466080L, -1011332354L, -1511659895L, 
655143355L, 1375685514L, -1293692308L, -1132684305L, -330316763L, 
2062564572L, -1698426190L, 595264941L, 715209063L, 1566201486L, 
2088722280L, 101623659L, -709967607L, 2042001304L, -1833292090L, 
1677335585L, 373512371L, 103981602L, -1391094764L, -813676393L, 
790629005L, -2053051484L, -527747702L, 1347154421L, 993979471L, 
1616366422L, 979476992L, 2142845763L, 1073191649L, 1348315216L, 
-1875638098L, 808348761L, -878166933L, 1417327066L, -984420L, 
1089967263L, -1688951051L, -1968374900L, -2038097310L, -2137768387L, 
1698472119L, -2029076642L, 299696792L, 1564914171L, -2005251175L, 
-558926808L, -1250818858L, 1774408017L, -1330991101L, -658450542L, 
1986344228L, -760554521L, 1466138685L, 216886964L, -401464038L, 
1023239781L, 2042522367L, -648654970L, -1774452464L, -1066348109L, 
-363271599L, 1834408448L, -843581730L, -1879179991L, -251043621L, 
-791939094L, -1993336948L, 1714063567L, 365414533L, -1106920644L, 
632381970L, 1727002893L, 1754948167L, 1041537070L, -1046131320L, 
169079947L, -660787607L, -619064776L, -1841208602L, -1281884543L, 
-1443724781L, -37968446L, 1324101236L, 1410007159L, -1344839315L, 
-605530620L, -8444630L, 480461461L, 1865877807L, -2096526282L, 
1484679264L, -871317853L, -12682815L, -1988237904L, -827855666L, 
-2092291527L, 1715612747L, -1025069574L, 1790159100L, -1757459137L, 
-1498988011L, -1060632276L, -1952724478L, 1690241245L, 264694743L, 
1418032830L, -1685540616L, 1080356571L, 1637905721L, -1931009912L, 
-621701066L, 1263606897L, -294656349L, 1043811314L, -1620947132L, 
-206258169L, -753058339L, -1936512300L, 218445306L, 325220677L, 
-169075297L, 759930662L, 844418992L, -818942893L, -1722964111L, 
1759624864L, 753533502L, 1710893385L, 1300428795L, -1411441718L, 
-644156116L, -1588131537L, 41842661L, 1701865116L, -908766478L, 
1852085101L, -1073967961L, -855456050L, -16139224L, 198860843L, 
1287426633L, -88917160L, 885110278L, -1016659999L, 1016360307L, 
-80902686L, 611338580L, 441096279L, -1058266035L, 465811428L, 
78063050L, -1215574987L, 914672271L, 337642390L, 1909034816L, 
-783621629L, 1288714273L, -1040461040L, 583708910L, 1845031065L, 
533730603L, -597824486L, -1550532900L, -1626040609L, 970334389L, 
442009164L, 648858274L, -1811549699L, -1574413577L, -364286946L, 
-462084392L, 1676409403L, -1964771367L, 965975400L, 2130201750L, 
1790986769L, 215622595L, -430202926L, 1759902308L, -915269209L, 
1823315709L, 1655018228L, 520345050L, -782022363L, 1790062655L, 
-1655451706L, 1156723792L, 1910118515L, -1624769391L, 949779648L, 
-105238882L, -953982359L, -1534246245L, 241242316L, 962638332L, 
-15918606L, 1431579264L, -1493912076L, 322406024L, 1126977338L, 
-1936002224L, -1197411220L, 1030384020L, 1980830802L, -424007200L, 
2025061580L, -1926181728L, 862147970L, -1224294168L, 1286381292L, 
1919565116L, -1653834638L, 1086361712L, 1466345508L, 1930144824L, 
1070708506L, 1987644624L, -1155213508L, 1359918996L, 371252098L, 
-920096320L, 1891597884L, -1702849136L, -742734302L, -661988088L, 
-1668630900L, 872064796L, 431698066L, -1017284224L, -1310274028L, 
796249896L, -1400987078L, -1406806576L, -782222996L, -1359162444L, 
1332926482L, -1430151712L, 2037174220L, -1063178016L, -1467971550L, 
-1068760792L, -1370079732L, -1403052228L, 952044530L, -1665930512L, 
-499890620L, 2124120664L, 570171194L, 900134384L, -291410244L, 
-1870558956L, 911928002L, -1432085408L, 383988604L, -237221936L, 
1567580450L, -1135043928L, -1113541748L, -1583724356L, -1385425102L, 
-1580123584L, -1139899212L, -995874232L, -1258451526L, 1063123472L, 
-441189652L, 91982164L, 220680466L, 625798560L, 2068400844L, 
-1393545632L, -1081303102L, 711749416L, -624918612L, -1922567364L, 
-1025885838L, 625060656L, 945657124L, 685394744L, 2008131290L, 
-1899217008L, -353558788L, -39423084L, 640895042L, 1373345024L, 
-1364577220L, 2136977744L, -907429726L, -1653167800L, -962779380L, 
2033640156L, -271872686L, 1014131840L, -1593991084L, -590866456L, 
53952762L, 2030553936L, 2125041452L, -609785484L, 20151186L, 
-1416452000L, -896494196L, -587109536L, -1777542686L, 1309748136L, 
-1157473076L, 1505077244L, -114403918L, 735628784L, 888630212L, 
-1122824872L, -81088134L, 469936L, -1727639108L, -1419245484L, 
267804610L, 958961696L, 855562428L, 1476182608L, -2063844382L, 
1786308712L, -502879156L, 2007750908L, 947776498L, 1713260800L, 
1265459572L, 924627976L, -1561051206L, 673984976L, -823288852L, 
-1906243180L, 1413591506L, -1988652704L, -1838379188L, -606373600L, 
23840642L, 1476595432L, -742670100L, -1648389060L, -1969038478L, 
-982456720L, -1000895452L, 585442104L, -541709158L, 868215504L, 
1488990396L, -1088090476L, -1327448446L, -423151424L, 310037308L, 
1233624208L, -1529188830L, -521052152L, 1884161292L, -165948260L, 
793005586L, 413867904L, -704166380L, 247849512L, 778075450L, 
-1727802928L, -1011983252L, -2054514380L, -885113198L, 18879328L, 
-1065172148L, -448542752L, 2026674082L, 274147240L, 1907522956L, 
1358409916L, 844747122L, 728345840L, 1266962500L, -1483749032L, 
-1882599878L, -1167013008L, 1084934204L, 212891412L, 1895812546L, 
-99061024L, 1547943804L, 605421264L, 757977250L, 492287016L, 
1494586636L, -1735422020L, 808702258L, 723980736L, -270349772L, 
900678600L, 1363808442L, -1597896304L, 251652588L, 732002900L, 
-1873839982L, 150697760L, -1620921908L, -515852832L, -1079441726L, 
-859349976L, 1469307564L, -875903812L, 967864818L, 1104306480L, 
69713060L, 1804652216L, 622316890L, -417006192L, 629406588L, 
1103245588L, 1336587074L, 848354048L, 410191804L, -2676912L, 
-1729666270L, -57002680L, -1186680308L, 138614876L, -1414552366L, 
-1652245146L, 1588969316L, 1677184661L, 793626559L, 988949336L, 
1612515702L, -397948029L, -1692771899L, 619671266L, 1008660304L, 
-185435527L, -745382485L, -231955684L, -1678937014L, -525266881L, 
-1305886583L, -1616046946L, 241594700L, 1179527453L, 259323047L, 
-284904496L, 1800170350L, -80283109L, 1351097213L, 652007786L, 
2112993288L, -997326671L, -1165779165L, -1559946204L, -500236590L, 
1624394535L, -929366671L, 176890806L, 1423910740L, -1067392539L, 
-977388561L, 2015669032L, 978885510L, 573683635L, -2126602475L, 
67332466L, -1552769600L, -1256268247L, -2129325413L, -744531092L, 
-2049506438L, 1650990255L, -1326725191L, 895406542L, -765381348L, 
-1950556019L, -2032931593L, 2114377728L, 1812675166L, -676002517L, 
766916141L, 345362074L, -2073146792L, -614177343L, -97531277L, 
-1610094700L, -196684254L, -1404700361L, -1267734527L, 860513542L, 
-464944828L, 1102509173L, -90892833L, 1587675448L, -903652586L, 
1499509539L, 1025439973L, 92243202L, 1428907888L, -819632359L, 
1381478155L, -1482429444L, -1374607318L, 1732895839L, 437046249L, 
1229616382L, -995873556L, 2144682045L, 742953991L, -1837019152L, 
1549618062L, -2057053765L, -2075150435L, 1387017546L, -40288920L, 
-2020936879L, 2130165827L, 1807034692L, 1597022706L, 1032553415L, 
-833456751L, 1325484310L, 1283262836L, 1118306309L, 1442502735L, 
1367563336L, -374541850L, -1648943341L, 352589941L, -464729518L, 
-1425077088L, -236812919L, -1319492165L, 1009816076L, -1345627238L, 
777749263L, 1291104601L, 933667822L, 1924975228L, 1052429037L, 
186965399L, -1427470752L, -498750402L, 1037397259L, 1448234893L, 
1555807418L, -72238344L, -370401119L, 2138174547L, -1486436492L, 
1076569346L, 671214999L, 941406049L, 154309542L, 726810020L, 
-1418771371L, 803379455L, -1166488168L, 1122830006L, 1352746819L, 
1833273989L, 2019983138L, -975062000L, -1182527559L, -1981816725L, 
