########## S function: trade.union ##########

# Creates the S-object "trade.union", the
# trade.union data used in the GAM chapter
# of Ruppert, Wand and Carroll.

# Last changed: 01 AUG 2002

trade.union <-  structure(
      .Data = list(years.educ = c(8, 9, 12, 12, 12, 13, 10, 12, 16, 12, 12, 
	12, 8, 9, 9, 12, 7, 12, 11, 12, 12, 7, 12, 11, 12, 6, 12, 10, 12, 12, 
	14, 12, 8, 17, 12, 12, 12, 12, 12, 14, 12, 14, 12, 9, 13, 7, 16, 10, 8, 
	12, 12, 16, 12, 12, 13, 12, 13, 10, 12, 12, 11, 12, 3, 12, 12, 10, 12, 
	12, 12, 10, 11, 14, 10, 8, 8, 6, 11, 12, 12, 12, 14, 12, 10, 16, 13, 12,
	11, 12, 12, 11, 12, 12, 12, 12, 12, 12, 15, 12, 12, 13, 11, 10, 12, 12, 
	14, 12, 14, 5, 12, 8, 13, 12, 12, 12, 11, 16, 11, 12, 8, 12, 12, 12, 12,
	12, 12, 12, 9, 13, 12, 12, 12, 12, 12, 14, 9, 10, 12, 7, 9, 12, 12, 12, 
	11, 11, 10, 12, 12, 12, 12, 13, 6, 14, 12, 14, 12, 12, 16, 14, 14, 12, 
	12, 13, 17, 12, 14, 16, 16, 15, 17, 12, 14, 12, 16, 12, 14, 16, 18, 15, 
	12, 12, 18, 16, 18, 16, 16, 16, 17, 12, 14, 18, 12, 12, 12, 18, 10, 16, 
	16, 16, 13, 12, 14, 16, 17, 12, 16, 12, 15, 13, 14, 16, 18, 13, 12, 18, 
	14, 14, 12, 12, 12, 16, 12, 11, 12, 14, 12, 16, 16, 11, 13, 12, 14, 14, 
	12, 12, 13, 14, 14, 12, 14, 12, 12, 12, 14, 12, 12, 15, 12, 13, 17, 14, 
	13, 16, 12, 12, 16, 16, 13, 14, 18, 14, 12, 12, 12, 12, 12, 11, 16, 12, 
	12, 12, 12, 18, 11, 12, 16, 13, 16, 13, 12, 12, 12, 12, 12, 13, 14, 14, 
	12, 12, 17, 16, 12, 12, 13, 12, 13, 12, 12, 14, 12, 12, 12, 12, 12, 13, 
	12, 9, 13, 12, 13, 12, 13, 12, 13, 16, 12, 12, 12, 12, 12, 12, 12, 17, 
	14, 12, 14, 15, 12, 12, 11, 12, 12, 16, 13, 12, 12, 12, 12, 12, 12, 12, 
	12, 12, 12, 17, 14, 12, 4, 14, 8, 15, 2, 8, 11, 10, 8, 9, 12, 8, 14, 12,
	12, 16, 13, 16, 14, 12, 11, 13, 12, 10, 8, 12, 12, 12, 12, 12, 12, 12, 
	12, 13, 14, 12, 12, 11, 11, 12, 12, 12, 10, 12, 12, 12, 14, 14, 12, 13, 
	12, 13, 12, 12, 10, 12, 14, 11, 11, 8, 16, 10, 16, 14, 14, 11, 12, 9, 
	11, 13, 14, 12, 14, 12, 12, 12, 12, 11, 12, 8, 9, 7, 11, 13, 18, 17, 16,
	14, 12, 18, 18, 17, 13, 16, 14, 15, 18, 16, 16, 18, 16, 17, 16, 17, 15, 
	18, 17, 16, 18, 18, 14, 16, 18, 18, 16, 12, 16, 16, 16, 12, 12, 12, 18, 
	12, 16, 15, 18, 16, 18, 16, 12, 18, 12, 16, 14, 18, 16, 18, 17, 18, 14, 
	14, 16, 16, 14, 17, 16, 16, 16, 15, 18, 17, 16, 18, 17, 12, 17, 12, 17, 
	16, 16, 18, 16, 16, 17, 16, 18, 12, 16, 14, 16, 12, 14, 16, 17, 16, 16, 
	17, 9, 15, 15, 12, 16, 18, 12, 17, 12, 16), south = c(0, 0, 0, 0, 0, 0, 
	1, 0, 0, 0, 0, 0, 1, 1, 1, 0, 1, 0, 0, 0, 0, 0, 0, 1, 0, 1, 0, 0, 0, 0, 
	0, 1, 0, 1, 0, 0, 1, 0, 0, 1, 0, 1, 0, 0, 1, 1, 0, 1, 0, 0, 0, 0, 0, 0, 
	0, 0, 0, 0, 0, 0, 0, 0, 1, 1, 0, 0, 1, 0, 0, 1, 1, 0, 0, 1, 1, 0, 1, 0, 
	0, 1, 0, 0, 0, 1, 0, 0, 0, 0, 1, 1, 1, 0, 0, 1, 0, 0, 0, 0, 0, 0, 0, 0, 
	0, 0, 0, 1, 0, 1, 0, 0, 0, 0, 0, 0, 1, 0, 0, 0, 0, 0, 0, 0, 0, 1, 1, 1, 
	1, 0, 1, 1, 1, 0, 0, 0, 0, 1, 0, 1, 0, 0, 1, 0, 0, 1, 1, 1, 0, 0, 1, 1, 
	1, 0, 1, 1, 1, 0, 0, 1, 0, 1, 1, 0, 0, 0, 0, 0, 0, 0, 1, 0, 0, 0, 0, 0, 
	0, 0, 0, 0, 0, 1, 0, 1, 0, 0, 0, 1, 0, 0, 0, 0, 0, 1, 0, 1, 0, 0, 0, 0, 
	0, 0, 1, 0, 1, 1, 0, 0, 0, 0, 0, 0, 0, 0, 0, 0, 0, 0, 1, 0, 0, 1, 1, 1, 
	0, 1, 1, 0, 0, 0, 1, 1, 1, 1, 0, 0, 0, 0, 0, 0, 0, 0, 1, 0, 0, 1, 0, 1, 
	0, 0, 0, 0, 1, 0, 0, 0, 0, 0, 0, 0, 1, 0, 1, 0, 0, 0, 1, 0, 1, 0, 0, 0, 
	0, 1, 0, 1, 1, 1, 0, 0, 0, 1, 1, 0, 1, 1, 1, 0, 0, 0, 0, 0, 0, 0, 0, 1, 
	0, 0, 0, 1, 0, 0, 0, 0, 0, 0, 0, 0, 0, 1, 1, 0, 1, 1, 1, 0, 0, 1, 0, 0, 
	1, 1, 1, 1, 1, 1, 0, 0, 0, 0, 0, 1, 0, 0, 0, 0, 1, 0, 0, 0, 0, 0, 0, 0, 
	1, 1, 0, 1, 0, 0, 0, 1, 0, 0, 0, 1, 1, 0, 0, 0, 0, 0, 0, 0, 0, 0, 0, 1, 
	0, 1, 1, 1, 0, 0, 0, 0, 0, 0, 0, 0, 1, 1, 0, 0, 0, 1, 1, 1, 1, 0, 1, 0, 
	0, 0, 0, 0, 0, 1, 0, 0, 0, 1, 0, 0, 1, 0, 0, 0, 0, 1, 0, 0, 0, 1, 1, 0, 
	0, 1, 0, 0, 0, 0, 0, 0, 1, 1, 0, 1, 0, 1, 0, 0, 0, 0, 0, 1, 0, 0, 0, 0, 
	1, 0, 0, 0, 0, 0, 1, 0, 0, 0, 1, 0, 1, 0, 0, 0, 1, 0, 0, 0, 1, 0, 0, 0, 
	0, 1, 0, 0, 0, 0, 0, 1, 0, 0, 0, 0, 1, 1, 0, 0, 0, 1, 0, 0, 1, 0, 0, 0, 
	0, 0, 0, 0, 0, 0, 1, 0, 1, 0, 0, 0, 1, 0, 0, 0, 0, 0, 0, 0, 0, 0, 0, 0, 
	0, 0, 0, 0, 0, 0, 0, 1, 0, 1, 0, 0, 0, 1, 1, 0, 0, 1, 0, 0, 0, 0, 1, 0),
	female = c(1, 1, 0, 0, 0, 0, 0, 0, 0, 0, 0, 0, 0, 0, 0, 0, 0, 0, 0, 0, 
	1, 0, 0, 0, 0, 0, 0, 0, 1, 0, 0, 1, 0, 1, 0, 0, 0, 0, 0, 0, 0, 0, 0, 1, 
	0, 1, 0, 0, 0, 0, 0, 0, 1, 1, 0, 1, 0, 0, 0, 1, 0, 0, 0, 0, 0, 0, 0, 0, 
	1, 0, 0, 0, 0, 0, 1, 1, 1, 0, 0, 0, 0, 0, 1, 1, 0, 0, 0, 1, 1, 0, 0, 0, 
	0, 1, 0, 0, 1, 0, 1, 0, 0, 0, 0, 0, 1, 0, 0, 0, 0, 0, 0, 0, 0, 0, 0, 0, 
	0, 0, 1, 0, 0, 1, 0, 0, 0, 0, 1, 0, 1, 0, 0, 0, 0, 0, 0, 0, 0, 0, 0, 0, 
	0, 0, 0, 0, 0, 0, 1, 0, 0, 0, 1, 0, 0, 0, 0, 0, 0, 0, 0, 1, 1, 0, 1, 0, 
	1, 0, 0, 0, 0, 1, 1, 0, 1, 1, 0, 0, 1, 0, 1, 0, 0, 0, 0, 0, 0, 0, 1, 0, 
	0, 1, 1, 0, 1, 1, 0, 0, 1, 0, 0, 0, 0, 0, 0, 1, 1, 1, 0, 1, 1, 0, 0, 1, 
	0, 0, 0, 0, 1, 0, 1, 1, 0, 1, 1, 0, 0, 1, 0, 1, 1, 1, 0, 1, 1, 0, 1, 0, 
	1, 1, 0, 0, 1, 1, 0, 0, 0, 0, 0, 0, 0, 1, 1, 1, 1, 1, 1, 1, 0, 1, 1, 1, 
	1, 1, 1, 1, 1, 1, 1, 1, 1, 0, 1, 0, 1, 1, 1, 1, 0, 1, 1, 0, 0, 1, 1, 1, 
	0, 1, 1, 1, 1, 0, 1, 0, 1, 0, 0, 1, 1, 1, 1, 0, 1, 1, 1, 1, 1, 0, 0, 1, 
	1, 1, 1, 0, 1, 0, 1, 0, 1, 1, 1, 1, 1, 1, 0, 1, 1, 1, 1, 1, 1, 1, 1, 1, 
	1, 1, 1, 0, 1, 1, 0, 1, 1, 1, 1, 0, 1, 1, 0, 0, 1, 1, 0, 1, 1, 1, 1, 0, 
	1, 1, 0, 0, 1, 0, 1, 1, 1, 0, 0, 0, 1, 0, 1, 1, 1, 1, 0, 1, 1, 1, 1, 1, 
	0, 1, 1, 1, 1, 0, 0, 0, 1, 1, 1, 1, 0, 1, 0, 0, 1, 0, 1, 1, 1, 1, 1, 1, 
	0, 0, 1, 1, 0, 0, 0, 0, 1, 0, 0, 0, 1, 0, 1, 1, 1, 0, 1, 0, 0, 1, 1, 0, 
	1, 0, 0, 0, 1, 0, 0, 0, 0, 1, 0, 0, 1, 1, 0, 1, 0, 0, 1, 0, 0, 1, 1, 1, 
	1, 0, 0, 0, 1, 1, 0, 0, 1, 1, 1, 0, 1, 1, 1, 1, 0, 1, 0, 0, 0, 1, 0, 0, 
	0, 0, 0, 0, 0, 0, 0, 1, 0, 1, 0, 1, 1, 1, 0, 1, 1, 1, 1, 0, 1, 1, 1, 1, 
	1, 1, 0, 1, 1, 1, 1, 0, 1, 1, 1, 0, 0, 0, 0, 1, 0, 1, 1, 1, 0, 0, 0, 0, 
	1, 1, 0, 0, 1, 0, 1, 1, 0, 0), years.experience = c(21, 42, 1, 4, 17, 9,
	27, 9, 11, 9, 17, 19, 27, 30, 29, 37, 44, 26, 16, 33, 16, 42, 9, 14, 23,
	45, 8, 30, 8, 8, 13, 46, 19, 1, 19, 36, 20, 35, 3, 10, 0, 14, 14, 16, 8,
	15, 12, 13, 33, 9, 7, 13, 7, 16, 0, 11, 17, 13, 22, 28, 17, 24, 55, 3, 
	6, 27, 19, 19, 38, 41, 3, 20, 15, 8, 39, 43, 25, 11, 12, 35, 14, 16, 44,
	13, 8, 13, 18, 18, 6, 37, 2, 23, 1, 10, 23, 8, 9, 33, 19, 14, 13, 12, 8,
	23, 13, 9, 21, 44, 4, 42, 10, 11, 40, 8, 29, 3, 11, 12, 22, 12, 7, 15, 
	28, 20, 6, 5, 30, 18, 6, 16, 1, 3, 8, 2, 16, 9, 2, 43, 38, 9, 12, 18, 
	15, 28, 27, 38, 3, 41, 16, 7, 33, 25, 5, 17, 1, 13, 18, 21, 2, 4, 30, 
	32, 13, 17, 26, 9, 8, 1, 32, 24, 1, 42, 3, 32, 22, 18, 19, 12, 42, 34, 
	29, 8, 13, 10, 22, 10, 15, 26, 16, 14, 38, 14, 7, 13, 20, 7, 26, 14, 36,
	24, 41, 7, 14, 1, 6, 3, 31, 14, 13, 26, 14, 33, 16, 10, 22, 2, 29, 43, 
	5, 14, 28, 25, 45, 5, 20, 6, 16, 33, 2, 10, 44, 6, 15, 5, 4, 14, 32, 14,
	21, 43, 27, 4, 0, 32, 20, 4, 34, 5, 13, 17, 10, 7, 25, 18, 27, 2, 13, 
	24, 13, 15, 12, 24, 43, 13, 16, 24, 4, 24, 45, 20, 38, 10, 16, 32, 2, 
	28, 3, 8, 44, 12, 8, 4, 28, 0, 1, 12, 39, 24, 32, 4, 25, 8, 16, 5, 31, 
	25, 15, 15, 0, 19, 21, 6, 14, 30, 8, 33, 16, 20, 6, 10, 1, 2, 0, 17, 8, 
	4, 15, 29, 23, 39, 14, 6, 12, 26, 32, 6, 40, 18, 12, 36, 19, 42, 2, 33, 
	14, 22, 20, 15, 35, 7, 45, 9, 2, 3, 19, 14, 54, 17, 29, 26, 16, 29, 20, 
	38, 37, 48, 16, 38, 0, 14, 2, 21, 15, 20, 12, 7, 4, 9, 43, 19, 49, 38, 
	13, 14, 20, 7, 9, 6, 5, 1, 22, 24, 15, 8, 17, 2, 20, 26, 37, 41, 27, 5, 
	16, 19, 10, 1, 43, 3, 0, 26, 25, 15, 10, 45, 3, 47, 6, 33, 3, 4, 34, 39,
	17, 47, 2, 0, 24, 25, 6, 10, 33, 12, 9, 18, 10, 45, 46, 14, 36, 34, 15, 
	31, 6, 15, 30, 8, 5, 3, 17, 5, 10, 33, 3, 0, 13, 12, 6, 7, 14, 5, 10, 
	11, 24, 9, 12, 19, 14, 17, 7, 7, 22, 28, 16, 16, 7, 11, 11, 16, 33, 21, 
	4, 13, 14, 10, 14, 29, 4, 27, 3, 14, 0, 33, 38, 18, 3, 40, 19, 4, 11, 
	16, 22, 13, 28, 10, 5, 5, 37, 26, 4, 31, 13, 42, 18, 3, 10, 10, 17, 7, 
	14, 22, 14, 11, 23, 39, 15, 15, 10, 25, 12, 7, 7, 17, 10, 2, 34, 11, 10,
	12, 6, 5, 33, 25, 13, 33),