.Random.seed <-
c(403L, 96L, 1793153639L, 625602485L, 307531749L, -1225712580L, 
-1017251838L, 2140837563L, -1487036697L, 1472558359L, -1875002080L, 
1878212252L, 1999907631L, 1408892741L, -1928876932L, -1166554983L, 
2066061675L, -1214060594L, -1363037676L, 444453990L, 786126460L, 
-744308775L, 1678603075L, 1153253180L, 1711531516L, -1786857214L, 
-1754340697L, 1796620271L, 1915832912L, -2102026616L, 1672887443L, 
-34925476L, 68698202L, 1426041635L, 1708838213L, 1807206507L, 
696083127L, 731608966L, 1397594688L, 1758084833L, -1471643323L, 
1306818973L, -685851050L, -1807538622L, 2025772753L, 624325663L, 
-165785358L, -1007087937L, -1712150903L, 1896324196L, 1514783082L, 
-12491508L, -2046594258L, -1201329917L, -262725199L, -250767862L, 
363253178L, -1013254840L, -1098289371L, -143944795L, 362637010L, 
-683298174L, 1119691073L, 814756778L, -249751736L, 245666425L, 
1618490691L, 769292129L, -662413247L, 811794408L, 90449294L, 
-1622984809L, -724604981L, -945576309L, -624683548L, 578972008L, 
-1750635005L, -292877671L, 1077840592L, 958836597L, 1089350903L, 
1508049178L, -1881648728L, -1815311158L, 349783120L, -620221363L, 
-545588601L, -373596624L, 397086840L, -2138978098L, 1521302851L, 
1523073875L, 351493564L, 872848932L, 796826639L, 991840272L, 
1624237150L, 377550135L, 705762753L, 1845407495L, 1602654419L, 
1521000562L, 1569902748L, 2079765197L, -1175833447L, -1442945855L, 
1939187274L, -1125010306L, 287428725L, 1981085091L, 1337904502L, 
40494507L, 605549861L, -1503004368L, -1840450194L, -228894254L, 
1523370217L, 956441073L, -719650497L, 295417777L, -162092246L, 
1568736273L, 1392588824L, -956145279L, -2012274385L, 1520514846L, 
-1348105195L, 1376935811L, 1779278510L, 1576247530L, -1470397864L, 
-808041229L, 1943573882L, -1934234050L, -1380408372L, 1556298256L, 
-2147177641L, -1736261186L, -528038283L, -71699632L, -1583855510L, 
-1945511959L, -366135008L, -1953243680L, 576725277L, -287007643L, 
-172890857L, 984056260L, -646752169L, -1615590097L, -778790183L, 
505963251L, 1437118608L, -86430553L, -294193842L, 648538071L, 
46191953L, 158749672L, -106075477L, 2147077153L, -404794856L, 
741637316L, 524264082L, 1466604725L, 1277621072L, 1372502092L, 
-1867887066L, 900447586L, 599472141L, 544343356L, -1777022085L, 
577318966L, -284839796L, -1107102401L, 1480233104L, -1352380275L, 
-1229120756L, -199491719L, 450715897L, 1336009571L, -971204016L, 
1575161325L, -1895175327L, -907849726L, -92206415L, -2058170481L, 
-853362784L, 1674647860L, -1319527222L, 1443854598L, 1589637615L, 
-915851132L, 2140563745L, 259468896L, 1528564956L, 1721674986L, 
-2079975477L, -1841947470L, 572079194L, -848886613L, 1581198956L, 
-188537280L, 1619163837L, 137670669L, 276047823L, 535022561L, 
380123018L, 930761551L, 1856055610L, 1176640943L, -2080602557L, 
-1567654675L, -1713817498L, -1671237493L, -2099658689L, -1035139024L, 
-4152069L, 800371745L, 192589518L, 336719722L, 1688039612L, 1804766120L, 
1786255305L, -2104848618L, 662860719L, 1921322518L, 1719154854L, 
-1098180268L, -1057194287L, 1889491024L, -1700053488L, 872474313L, 
-1933553130L, 504874930L, 1405607371L, -1595730621L, -1943380927L, 
-1106725469L, -221518556L, 1684891081L, 817737568L, 1428585213L, 
-306720883L, 1942197807L, 1740913708L, -103002775L, -420761611L, 
380321222L, -317029011L, -1353149181L, 251986900L, 1160456200L, 
30758934L, -559616630L, -1624200765L, 263618080L, -2076103915L, 
-1741590044L, -699721568L, 112160934L, -159032329L, 563837214L, 
-237726770L, 1768425487L, 182810968L, -1717530396L, 62333905L, 
-1691400911L, -1312666341L, -80757531L, 2055387038L, 1476848331L, 
1860338542L, 1429158691L, -1336495785L, -2085744151L, -427221390L, 
1143641495L, 1176739907L, -23745772L, -1838236937L, 329752197L, 
-1997733198L, 1755384718L, 2126970785L, 1440931646L, 766735230L, 
1018973847L, 1980694363L, -595058212L, -24125585L, 826801779L, 
-1154563775L, -99520621L, -943129556L, -1747809391L, -212870829L, 
-721601593L, 1414016531L, 1941434731L, 1674125122L, 696038971L, 
-484038219L, -589480234L, 1737168738L, -176161555L, -834905554L, 
-683816070L, -1163684438L, 105142444L, 1301778139L, 742151632L, 
1018521014L, 1823899264L, 552789566L, -854271330L, 276127423L, 
-140056736L, -1005368040L, 1630276909L, -1834983187L, -1569735766L, 
-1402321467L, -27118379L, -969786133L, -106853919L, -286509346L, 
907793795L, -2050116807L, -1713690315L, -653584835L, 280472421L, 
1563489092L, -974542815L, 1401666635L, 339440744L, -640380544L, 
-449217665L, -1460435072L, -909920032L, 1959195904L, 2105152870L, 
1022709697L, 2072641862L, 175753160L, -430167702L, -1742612092L, 
507012036L, 780217189L, 2024095418L, 1894738922L, -1742088573L, 
1495905095L, -393320752L, -1569678157L, -523139337L, 702590381L, 
-445286289L, 905278680L, 380403173L, -2145030249L, -1425250349L, 
-1583710137L, 528590047L, -393159986L, -184367473L, 2091030313L, 
-41630838L, -907817178L, -1483067823L, 165981458L, -1462993010L, 
-331382914L, -1229725600L, -1120725257L, -1856119812L, -1388610526L, 
-1854799292L, -878099182L, -163504214L, -86601685L, -1208287756L, 
-1089992628L, 1368163553L, 280946721L, -1094755578L, -1805605983L, 
451688849L, 1005675967L, 1832481829L, -517785006L, 1030218847L, 
2122086805L, -1289798855L, -296819879L, -1472770623L, 1923229592L, 
-520367331L, -1838517769L, -107535196L, -1709713880L, 1853493485L, 
1600022863L, 1969735431L, -14057598L, 208036874L, -2101923136L, 
-26796569L, 19764348L, -362626060L, 126503759L, 1695753239L, 
-1087645693L, -383492366L, -2006717081L, -590557522L, 1719489647L, 
1412785322L, 832019580L, -1017018168L, 995837119L, 254665387L, 
-959527527L, -1898934980L, -511448525L, 1348357701L, 2062618188L, 
-1621901852L, -414192232L, 1564585759L, -1954834252L, 992764007L, 
440382606L, 947188035L, -1622550459L, -606565207L, 1265990444L, 
-1855774980L, 1200250630L, -1607022475L, -1791227202L, -561207398L, 
179589609L, 1377079513L, 1029621117L, 1627626300L, -1210181631L, 
1449780724L, 695077753L, 265354412L, 2007043222L, -754831682L, 
8701589L, 97233673L, 522275227L, -929083474L, 1924395753L, -323595561L, 
-1530497310L, 1170380602L, 2011416350L, 800993989L, 527903978L, 
-1237521719L, -1300380004L, -1827561471L, -502069589L, -1530060685L, 
46828918L, -307518170L, -113614116L, 1166688243L, -1978373536L, 
-1071380304L, -2063158125L, 807637379L, -40082793L, 973052166L, 
-727978429L, 1650011562L, -2034296461L, -2111040634L, -671418112L, 
2048163100L, -665928813L, -1230546409L, -1346315171L, -2086301736L, 
1607202311L, -1554006815L, -1786925112L, -230784864L, -889679788L, 
21178299L, 828195528L, -1716744581L, -507899590L, 1669294463L, 
-295086663L, -293587027L, 1983288008L, -1308796016L, 876408618L, 
-1776142983L, 1342295546L, 1016793422L, 618164229L, 1999859485L, 
1467429241L, -1700319400L, -1808927291L, 979009393L, 996308871L, 
991999779L, -104788665L, -757946654L, -521390361L, -800479336L, 
-2007274636L, -1972882066L, -155669846L, -27013101L, 41433962L, 
236755103L, -1788471853L, 1887530645L, -1785813382L, 1690078858L, 
2105093228L, -179084056L, 1763196084L, -679756183L, -798871370L, 
-760789827L, 700716905L, -860358419L, 867997325L, 1641942446L, 
-942688707L, -630889808L, 1157220236L, 1050769164L, 1562956013L, 
315505387L, -280257223L, -1841329971L, -840402555L, 508719332L, 
-1467725019L, -508943326L, 774330166L, -2124611316L, -1623382736L, 
-1121109215L, -2027884476L, 1858240017L, -44782771L, -1421861969L, 
-281173556L, 611669740L, -640849746L, 2029304274L, -96345822L, 
1364598355L, -795798644L, -62749425L, 2128495067L, 696178707L, 
13230771L, 1039501670L, -1140211436L, 16886940L, 1644573884L, 
-836764375L, -1683468669L, -440456424L, -577064702L, 999147207L, 
1174749218L, 1955230774L, 856107883L, -1646783775L, 407335258L, 
-238915099L, 90133729L, 191401793L, -1936352039L, -1155445551L, 
772538601L, -1740641926L, -841596290L, 424856151L, 1952913485L, 
492365864L, 1636178709L, -1826040687L, 1481583134L, 1518607736L, 
1435182227L, 1970241634L, 2117107426L, -529994152L, 1032996394L, 
