.Random.seed <-
c(403L, 522L, 1660506005L, 1733174336L, -797716181L, 1153124457L, 
480828416L, -1204893625L, 902940054L, -1395811836L, -1783601428L, 
-853267954L, -941690477L, -1233770084L, 156726674L, 232580623L, 
1003651619L, -1315826059L, 266930883L, -1019775681L, 206289279L, 
2010300259L, 669851009L, 1049368111L, 129519025L, 1114793687L, 
-1132889862L, 1449826824L, -1151274757L, 783328583L, 1961088905L, 
-1075457266L, -313366998L, 843483347L, -1086955668L, -1909366739L, 
-1376005043L, -722667609L, -2127749834L, -1980281072L, -1678761508L, 
1997354435L, 56241051L, 890368863L, -68820422L, 458218373L, -1278411136L, 
1912375484L, -402236137L, -1830413383L, -24575493L, 1023479374L, 
2100067565L, -1094158444L, 1426796239L, -2044791153L, 1737745354L, 
1767508235L, 732138617L, 585061774L, -1798857967L, 944991080L, 
-1056896440L, -306396797L, 2038326736L, 319799548L, 2019218895L, 
-1990460215L, 1191329354L, -1970607335L, -1583015916L, 1426495837L, 
-1391353459L, 2044177032L, 698702919L, -201562388L, 915055822L, 
-1024768757L, -2048445680L, 1615719148L, -1875223943L, 767850240L, 
440856977L, -704084101L, 688788302L, -2092041062L, 688885228L, 
997034570L, -2055759982L, -1437141266L, -340604899L, -753324851L, 
-1046180119L, 1082382673L, 1079197651L, 1609840005L, -1188646105L, 
-1605352008L, -2037865045L, -546237545L, 851553210L, 408638754L, 
892194450L, 243100017L, -1178721937L, 437426427L, 1350202670L, 
-525012409L, -762219326L, 447123785L, 982827746L, 2094000737L, 
-1652301831L, 1705026520L, -1638405029L, 166364678L, -741522344L, 
-661074072L, 1703769197L, -1667975170L, -150056218L, -226037914L, 
958936448L, 1786779441L, -1671590211L, 1993910298L, 759760458L, 
-836531876L, 1924026290L, -1183877181L, -1059402773L, -95617851L, 
-1956318539L, 242778032L, 1897062367L, 2062770066L, -652917775L, 
1155417765L, -841173567L, -720852686L, 1269171750L, -2057006034L, 
-1852416983L, 518533890L, 183490816L, 468006695L, -227518427L, 
284796735L, 1818073957L, -1659589375L, -1227974935L, 1407481139L, 
1046622103L, -38006405L, -44628319L, 2002066008L, -396415501L, 
254624264L, -179164224L, 114149047L, 848164601L, -1369407586L, 
-427019839L, -1733132438L, -2005834302L, -1116537502L, -340486389L, 
-708546574L, -1685274898L, -1638264354L, -652882260L, 899010807L, 
-614364571L, 1881185558L, -42075276L, -570512736L, -2086778502L, 
678723856L, 1448207694L, -363335807L, 83007199L, -514005553L, 
1674621070L, 419518619L, 1598456851L, 878570716L, 1523760942L, 
444952041L, 362026917L, 1432757355L, -1842752878L, -1161281087L, 
1783784663L, -1702247785L, 312204374L, -1550838125L, -513376224L, 
1787780381L, 882717154L, -778907738L, 1124014819L, 188752193L, 
-1244897282L, 1479436819L, 621532629L, 1538557572L, -236435686L, 
-947365426L, -329659124L, -1367258578L, 1316523455L, -83658399L, 
-873672258L, 977393130L, -392156703L, 2112733154L, 1912734602L, 
1074493310L, 1111950165L, 1194901300L, -955270432L, 1453971205L, 
622722150L, 1514729511L, -667156041L, 189546622L, -176787429L, 
1433040806L, -1269493367L, -225223022L, -1867929800L, 1207905415L, 
-590499934L, -614002192L, 1959608945L, 571205165L, -853708361L, 
611064796L, -1477454663L, -917822659L, -209302281L, 1555923286L, 
1710566779L, -269005811L, -339634049L, 500674763L, 397857590L, 
737982626L, -5231675L, -1956840740L, -588562461L, 354170679L, 
45716511L, -1890515841L, -480887317L, 701439399L, -2067511628L, 
-403611403L, -1502556947L, -1064907155L, 493702021L, 1029800412L, 
437337679L, -2005845843L, 1849662977L, -617025413L, -599505343L, 
1762865681L, 1371880094L, 839033745L, 840360856L, -1473501401L, 
-501720733L, 1394232210L, -2027950249L, -602122029L, 270723388L, 
357893778L, 1202486244L, 176161797L, 1957271825L, 126412150L, 
-797133866L, -709662054L, -1342362387L, 976426508L, -749029051L, 
1310210550L, 1430447077L, -910173205L, -855514687L, -813577917L, 
1697248151L, -1511709632L, 1242195987L, 1993130455L, 531879264L, 
-1232986917L, 126693240L, -1323416307L, -1559242646L, 1498531959L, 
2136667529L, -825729082L, 1576606871L, -457348554L, 261900181L, 
-857124404L, -109228917L, 600005868L, -1126692611L, -1179229896L, 
-1021501416L, 428734532L, 702817989L, -699689023L, -216264594L, 
642082056L, -535060220L, -1458787142L, -2004241597L, -419825815L, 
656274939L, 83796549L, -849744011L, 711448720L, 1657857917L, 
1789911957L, 377061916L, 357179307L, -2031669767L, 1723200747L, 
1980403764L, 1534935183L, 828087113L, -2079669311L, 285477269L, 
-1526753911L, 261211182L, -1569482772L, 1825217028L, -2043551766L, 
1732480113L, 2037757585L, -64895202L, -285262286L, -1184774646L, 
818946179L, 700887965L, 1671020755L, -1235583137L, -747039714L, 
-1088641625L, 427097501L, 764016396L, 174622007L, 1630390876L, 
434995038L, -2114014050L, -191671319L, -1208004043L, -1046507906L, 
1977457095L, 1687517636L, -521648659L, -701349758L, -1099650759L, 
191673475L, 1736371493L, -929572450L, -1780599334L, 1877529896L, 
-348844977L, -2093488113L, -1533542967L, -271785809L, 1580344675L, 
1146304724L, 183715321L, -175482584L, -26680650L, 1949150180L, 
878006529L, 1771274373L, 1687258542L, -121246345L, 207134272L, 
1246546059L, 1970507293L, 1799263535L, 139469911L, 1475091048L, 
900530656L, 1534651823L, -1874837368L, 279099681L, 1270970157L, 
-1568386209L, -168282999L, 703401366L, 526352878L, 318239568L, 
-788894038L, 802263422L, -1902921216L, -1284431633L, 215713871L, 
-1737954448L, -1378975324L, 157949068L, 1784959444L, -2072655324L, 
-79287504L, 1357353854L, -2143814457L, 89804035L, -348520965L, 
931377512L, -539542493L, -234640448L, -738838537L, 1668334123L, 
-365586858L, -1588226518L, 1328822159L, -1515827728L, 1605590808L, 
-530710640L, 1565539313L, 2046278860L, -1456589043L, 346350331L, 
1773316184L, 1625895160L, 222106112L, 1048821918L, -1568317221L, 
1753601955L, 837082754L, 1326499719L, -301316304L, -1179163185L, 
-2069033079L, -1536086878L, 1705202637L, 1747954562L, -315149165L, 
1040991988L, -241639981L, 1296492825L, 1077898560L, 298985067L, 
1644960421L, -1546661249L, 1448095311L, 1756516196L, -1750522826L, 
380550914L, 1394871574L, -198605300L, -1160750367L, 667585819L, 
547546415L, -1956597167L, -16742064L, -1837242158L, -1740553877L, 
1261065124L, -963085839L, 1351079373L, 1136547211L, -778767268L, 
788137618L, 2025638465L, 633731788L, 893653825L, 1064817789L, 
198046637L, 2002262242L, 1698172592L, 1154018192L, 1492198147L, 
-926949933L, 670851776L, -1039342847L, 521712349L, 1708671710L, 
1062010117L, -931132149L, -305825545L, -20041721L, -2029482669L, 
1971123261L, 160961068L, -832329814L, 1219993813L, -2063696115L, 
1237611500L, 1977803633L, -1758900278L, 760932885L, 1178250850L, 
-1747452150L, -681258392L, 246572240L, -2118906765L, 1582621264L, 
-711496615L, -168653535L, 1547555656L, 296675481L, -1812773398L, 
1767279848L, 858154047L, -253243618L, 1968618455L, 461192632L, 
-2104699188L, -384138613L, -1543444854L, 117520062L, -1583965054L, 
2043691719L, -1449005336L, 286773187L, 1864242411L, 1600432034L, 
-156235161L, -1618365128L, -1468939524L, 1035561917L, 1949057224L, 
1253717352L, -243724148L, 460033999L, -386636340L, -1298969943L, 
-1599613598L, -767621058L, 149126656L, 209175670L, -777677363L, 
2017405107L, 2092798988L, -86146291L, -365535128L, 1636126533L, 
-1460935136L, 238360994L, 175534406L, 1338036166L, 445310869L, 
2096385944L, -1071972384L, 301088967L, 1579518654L, 1002859190L, 
-347781015L, -57864410L, 1904620347L, -2039300395L, 122696480L, 
-1995128530L, -1854093875L, -1144784651L, 1102404691L, 203875720L, 
-1482017456L, 914477060L, -1767458031L, -253028242L, -997506L, 
491886297L, 1969765580L, -272073431L, 346913774L, 1970654954L, 
-962321651L, -1599416076L, -46305313L, 420829408L, -313062397L, 
-793379692L, 1207986057L, 880958353L, 1238816530L, -239021465L, 
-171055947L, 884651451L, 1685534327L, 572549635L, 179351130L, 
1525664673L, -1888438480L, -313684271L, -605242783L, 1920824439L, 
-297639495L, -1414876887L, -2033726931L, 1850421566L, 1946154940L, 
-945813627L, -893481892L, 2019970865L, 806083537L, -2048411017L, 
