.Random.seed <-
c(403L, 10L, 1398308999L, 906429533L, -1537234348L, 558235770L, 
1400603589L, -458672865L, 285971622L, -1800395216L, -2107540269L, 
26784497L, -573881824L, 259499198L, 1827885257L, 635687547L, 
1051228234L, 996313260L, 123989935L, -899466395L, 66736412L, 
-511518350L, -448378387L, 1242504743L, -1891152306L, 576811688L, 
1901088939L, -1050773047L, 27678168L, -1615289210L, 795330913L, 
1107905779L, -1724681374L, 2100723156L, -559531817L, 565758669L, 
-1204413852L, -1857957814L, 1700140469L, -1915520753L, -638491114L, 
867442880L, 1531917955L, -1561267551L, -1825844080L, 1744240494L, 
-730736359L, 1592211883L, 1250334618L, -149354660L, -2000152993L, 
1522804277L, 1998702028L, -2072574686L, 313831293L, 172655735L, 
1884895646L, 353710168L, 187739579L, 929710937L, -857460504L, 
426381590L, 1303818897L, -502087869L, -1478518190L, -398611228L, 
1905145639L, -957664387L, -468990348L, 181450842L, -792444763L, 
-2020220225L, 1656240454L, 1948553168L, 1233963507L, 859792657L, 
81936704L, -381538018L, 1972667881L, 1104135963L, 690630954L, 
1572366924L, 193000975L, -2098718395L, 1102414588L, -73631406L, 
-1914007859L, 1418274439L, -935857810L, -657061048L, 1438453579L, 
985454249L, -1678136328L, 1463292710L, 966546497L, 718829011L, 
-132696190L, -751469644L, -478833865L, 1977315885L, -223415484L, 
680302698L, 1046938325L, 740899951L, -1645873802L, -1614954848L, 
-739935389L, 1159958529L, 1866857328L, -973343986L, 1941065081L, 
240183563L, -541517254L, 627822908L, 1427471999L, 868263381L, 
-210592788L, 189504834L, 765469341L, 1074859799L, 1263218302L, 
-694546888L, -786450149L, 1699126905L, 1007114952L, 1196837622L, 
-262388943L, -308047005L, -748852942L, 1552308868L, 452703943L, 
1112604061L, -654730988L, -1262880838L, 36938245L, -1527729185L, 
529222246L, -1581382160L, -1844853997L, -1716360015L, 463777632L, 
-1214993154L, 822176905L, 165891003L, -2057640566L, -1597922196L, 
2106637807L, -2034944475L, 465933020L, 336431282L, 493964205L, 
-1534062745L, 1078615182L, 1789401448L, 192022891L, -1638937847L, 
-250536552L, 1075023046L, -925002207L, -1981024589L, 1673632802L, 
1454220820L, 775395991L, 1077630093L, 451434916L, -350502006L, 
1581166581L, -593650097L, -834557610L, -358034432L, 819256643L, 
1009881313L, -1971197360L, 1235490478L, 574087769L, 1567017579L, 
-9912358L, -118292324L, 151433887L, -522755851L, 2103028108L, 
1456260194L, -1402796995L, 1841473207L, 1036256606L, 1709296792L, 
-943269893L, -1075683943L, -1179525592L, -896342314L, 1885352785L, 
-1327786493L, -527902318L, -2129565916L, 1352174055L, 2844221L, 
1981092020L, -1670838502L, -1098699675L, -1171610369L, 792511878L, 
930511632L, 672530355L, -951958447L, -2029148160L, -13272866L, 
1846244137L, 164523739L, -1523155478L, -1477966452L, -311600433L, 
1029039749L, 1179059516L, -1751742446L, -674453747L, 1902347335L, 
797582894L, -371454072L, -1626961269L, -1177265047L, 1199734840L, 
1812154598L, -495193983L, 1786791955L, -754753598L, -1832982412L, 
-1771061641L, -180953235L, -961159164L, -1317798344L, 1300278682L, 
73274832L, 270692796L, -762373484L, -583977342L, -762971712L, 
-1605673156L, 1895319184L, 1403700002L, 1463561736L, 274966284L, 
-1626136676L, 351991826L, -1525185664L, 2110668564L, -1959778008L, 
-1074005958L, -361912368L, -307281300L, 281887796L, 420555922L, 
1547253088L, 1460625740L, -1672191520L, -747456606L, -93757528L, 
-425571188L, -164549700L, 633143410L, 1073681392L, 1649033284L, 
75699288L, 427690042L, 1933115504L, -1344648644L, -1615459564L, 
-847388990L, 1389829856L, 75351164L, -800968496L, -845929566L, 
695788072L, 460561676L, 1380559804L, 1753304370L, -350354240L, 
-140067276L, 1587111624L, 53415610L, -1262172016L, -1527452948L, 
-417439148L, 1982883474L, -410789088L, 199842764L, -552291104L, 
1300871874L, 1614430248L, 498262956L, -1938173252L, -326918670L, 
1434185264L, -1406597212L, -1795562056L, -892057766L, 115312784L, 
768385916L, 1405377300L, -226393790L, -707501312L, 91727804L, 
-1315658928L, 53259554L, -1797384632L, -1615255540L, -856242084L, 
540676562L, -1263750656L, 1338046804L, -1349106456L, -72008454L, 
-922886448L, -2023365332L, 1236306164L, 837127570L, 1995788640L, 
-391278580L, -107710752L, 906062434L, 295724712L, 1309230668L, 
-1546312836L, 275670322L, 1922594416L, -1350726844L, 1374159832L, 
753323898L, 1036208688L, 1922919356L, -621309356L, 1090257986L, 
1982333088L, -1371604292L, 507723216L, 740869986L, -22721816L, 
-1361390388L, -890679812L, 1560525298L, 1132254848L, 875075060L, 
-835063160L, 972693306L, 219086672L, 284245100L, -75958892L, 
1726907474L, -306603552L, -498225972L, 787540128L, 1791003010L, 
-258205464L, 2055625452L, 1239205180L, -1022589838L, 1462209648L, 
604197924L, -786837448L, 727540506L, 1854596304L, -1475292356L, 
-1243078764L, -1492281470L, -160944704L, -537382340L, 769489296L, 
-1935338974L, -780350200L, -63495540L, -2035349732L, 971614354L, 
893102464L, -397776364L, -1687133400L, -293937606L, -1482141232L, 
419394924L, -1221694540L, -2068870126L, -692266528L, 1179950028L, 
-922728224L, -1354317790L, 1826852136L, 275951116L, 2122464060L, 
-1159478286L, -2024874256L, 1234739780L, -2050773416L, 1790985018L, 
-2128764432L, -1592365380L, -1396478700L, -1073367358L, 1597880416L, 
-1189030020L, -1505199152L, 691383586L, 448923304L, 680156044L, 
-1038144324L, 1053706034L, 1277147712L, -1051905868L, -2048353720L, 
-138424902L, -1732259312L, 537032428L, 1615824212L, 469382418L, 
-1161942624L, 708310732L, 1461231200L, -84882494L, 928607016L, 
-838702164L, -452788420L, -1500054158L, 207925040L, -841632476L, 
-2083122376L, 1954107098L, -707208304L, -1895658756L, 917558164L, 
-1533484990L, -1865428736L, 1413667900L, -171027120L, -1461727070L, 
1756792136L, -1252517108L, -1132504356L, 376840530L, 773089408L, 
-1146196908L, 369054696L, 1124396282L, -777818288L, -2098251988L, 
783703412L, 580206482L, -915297184L, -1551055476L, 553239392L, 
-1128602142L, -1406430296L, 134813900L, 1225593852L, 1200288178L, 
1554988528L, -1054957628L, 438618456L, -1251472006L, 1896691632L, 
-828557138L, -1939293861L, 2080992573L, -2127159382L, -944293816L, 
1051496561L, -1020625437L, 774273252L, 1291097106L, -2049613849L, 
217712561L, -17966602L, -2105318380L, -1284334811L, -826049489L, 
-822268440L, -267384122L, 948867955L, -1058513963L, 1673257906L, 
1872065920L, -1514115735L, 231752155L, -375576276L, -1842476230L, 
1882498543L, -341491591L, 38726414L, -1979523364L, -221975219L, 
261226679L, -539428288L, 1749041950L, -615003669L, 782943597L, 
61254618L, -657949288L, 916677633L, 1557206451L, -909624108L, 
-1862620702L, 407938167L, 2082929089L, -1110768826L, 859950724L, 
-1214441419L, -10581985L, 622407544L, 292849238L, -1398449437L, 
-2076795739L, 695551298L, -1597631696L, -1740621991L, -1748165429L, 
-1513493188L, -1499960982L, -1911135329L, 86498857L, -1828405058L, 
-929916500L, 1539426045L, 1588789831L, 1702875440L, -638789042L, 
1575305851L, 1319936477L, -228988918L, 1580726568L, 102287249L, 
-2001122941L, -1704352124L, -930605902L, -216816633L, -2066599855L, 
460546006L, -856887628L, -1226813755L, -1519190001L, -1997336440L, 
-1114066522L, 1325459795L, -323347787L, 683356178L, 990708192L, 
-499256247L, 2057298555L, 2114054988L, -914759974L, -2028113201L, 
1546343065L, -917389650L, -2115544132L, -1574263763L, 220605399L, 
632046112L, 2079884158L, -208990901L, 1153625933L, -1969224326L, 
-395036744L, -785355423L, 681107731L, 133929268L, 1168511810L, 
-1655323817L, -336002399L, 621343590L, -1059549852L, -1254229867L, 
1736620479L, -1752928936L, -1684630666L, -946081405L, 1251783621L, 
-2090440478L, -1081373360L, -1287938951L, -709840981L, 1982354716L, 
951591498L, -431331777L, -2026046839L, -1170481506L, 933870412L, 
1677056797L, 146729639L, -1007902256L, -201799314L, -944409573L, 
1539431805L, 164600682L, -2131583480L, 1584370353L, -520807133L, 
1322135076L, 1482720466L, 971998503L, -442085519L, 187436470L, 
-2112604844L, -1654787099L, 1188261359L, 1452225832L, -1618262650L, 
330342835L, -2072658667L, -1418305678L, -834131008L, 1966914601L, 
