.Random.seed <-
c(403L, 10L, 238561690L, 947170652L, -923171745L, -802767819L, 
-311679028L, -566791390L, -1547653763L, 1461993079L, -140580962L, 
-1593178536L, 80097211L, 582189401L, -1706050840L, -1749433578L, 
723666065L, 344824131L, 935375954L, -1692694812L, -609337049L, 
-1383845507L, -115427212L, 806255194L, -1048668507L, 489866431L, 
284432198L, 1224791504L, -167475213L, -1435222255L, 1953939264L, 
-500005090L, 831371241L, 1897012507L, -1760839894L, -1160591284L, 
108707855L, -1259697339L, 947166460L, -1834767534L, -419042099L, 
-94647161L, 108468078L, -97851064L, -1740550837L, -436105047L, 
-610217480L, -1853087450L, -2086518207L, -1320391725L, 1791826306L, 
-1009668684L, 1917450551L, 1322970157L, -691840700L, 1718849130L, 
-1705842475L, 1560413807L, 860214134L, 620168352L, 497655139L, 
1932406273L, 1030221168L, 1034317070L, 1473916793L, 688148235L, 
-688222150L, -1085792452L, -1758520193L, 252719061L, 1622835692L, 
240235330L, -115532643L, -873683689L, -1800184706L, 1484010552L, 
999117595L, -830908295L, 1570308296L, -411006730L, 1947621681L, 
1937437027L, -1567628494L, 1543335044L, 599627975L, -537967715L, 
1402791700L, -1781686854L, -861094907L, 628462047L, 515839078L, 
1444721648L, 739216659L, 770355889L, 1889131872L, 100389630L, 
-1837576567L, -122095173L, -728767606L, 1529399916L, -847182865L, 
1042656293L, -997542692L, -607352142L, -1998230099L, 1077277031L, 
502435470L, -185788568L, 802180971L, -2129716983L, 1311805336L, 
587118278L, -846003167L, -1486892877L, 2136574498L, 36736020L, 
1116233879L, 62837389L, -192822364L, -1553285750L, 801876469L, 
1295483983L, -1626184874L, 806476288L, 701461315L, -1740680479L, 
2052702288L, -2029543250L, 534631513L, 1351836779L, -705812006L, 
-1810369892L, -1371009889L, -578519307L, -1065630836L, 1087296098L, 
1076389437L, 2048116919L, 855357278L, 867400344L, -1538921989L, 
1135874969L, 1136684072L, -1914528554L, -2005350063L, -1813714941L, 
58879890L, 1945517348L, -702508057L, 2055989309L, 360289972L, 
1573436698L, 936726117L, 1291043583L, 1373607814L, -1680971504L, 
1300781491L, 1334772305L, 285905408L, 1590759134L, 1506297129L, 
-1462318885L, -381546518L, 1618947980L, -2081398577L, -655892347L, 
-949279940L, 2118752786L, 88158477L, -1769850297L, -1325883346L, 
-813476472L, 1281010827L, 706414185L, -383788488L, 1132006118L, 
-1786894719L, -314545645L, 1883033026L, 963315316L, -1141139337L, 
1281120621L, -814735868L, -1549677270L, -101143915L, -447405777L, 
1462547510L, -1316204448L, -186255709L, 1776169409L, 745655728L, 
1466762446L, -1272745415L, 224625739L, -1463695878L, 2120958204L, 
-1015163585L, 1106291221L, -1669668564L, -170962430L, 610345181L, 
-157600809L, -929575234L, 2120268024L, -171211045L, -228049607L, 
2122238088L, -1308356554L, -1054841743L, 1342148259L, 1064362994L, 
-119974076L, -1116153849L, 553579997L, 1922413268L, -1403273734L, 
-1279250107L, 1743443359L, 1145284390L, 2023696304L, 181568595L, 
2120286065L, 258061984L, 1584962110L, -176066231L, -2087776261L, 
-71380022L, -45093588L, -1678581457L, -1333331776L, 166851124L, 
486316744L, -1003486534L, 135679120L, -963279124L, 201348692L, 
18015890L, 1161955104L, -797911092L, -262354720L, 1721093826L, 
387224616L, -1281000532L, -1422808388L, 153240050L, -498432464L, 
-50833500L, 384311736L, -1099646118L, 1491047568L, 580049788L, 
616029972L, 660544834L, -235221248L, 269212604L, 51265360L, -889216734L, 
-394835384L, -1528637428L, -2142827428L, 946868690L, 1156609536L, 
-379326124L, -493190936L, -1558630150L, -351721776L, -1902638804L, 
997382388L, -543658606L, -762009248L, -639113204L, 339184352L, 
-3505566L, 1224030888L, -1267451316L, 1188472700L, -998003406L, 
-661059984L, -1634026684L, -1216690216L, 2126724986L, 1745571376L, 
1661401020L, 1396848212L, 1384884290L, -1224171360L, 439955132L, 
-1443493424L, 320865122L, -1251736856L, 614400204L, -981261828L, 
478071282L, 486775424L, -752421388L, 1872856712L, 1571585850L, 
-664419504L, 1305351276L, 160536980L, -1600314286L, 1124198880L, 
436747468L, -1338086240L, -1683540606L, -1203805976L, -1374069012L, 
-80270020L, 272186482L, 1078018160L, 1539790884L, -1386386376L, 
-1417939174L, -1772995376L, -1667090628L, 1899911060L, 1694043010L, 
-58920512L, 1555607100L, -1917057648L, 1171252770L, -1236116216L, 
210044556L, 347838236L, -2099912558L, 558524800L, 1543683604L, 
1307111208L, 1587139130L, 452302288L, -986216084L, 67077044L, 
1182369810L, -500757024L, -90243124L, -1466081056L, -417105886L, 
-459554520L, 240344588L, 1346641724L, -1983366158L, -1752462608L, 
892184132L, -598728104L, 1393819450L, 2118096368L, -623014212L, 
-1908352748L, 2142575298L, 891931744L, 141112188L, -1225947184L, 
-1046331102L, -203568472L, -1488243828L, -1791366980L, 324446002L, 
524773952L, -1319623500L, 1941322312L, -641450566L, 2002557456L, 
347564780L, -716887724L, 561201426L, -150757984L, 219405004L, 
1381367392L, 1563754434L, -11518168L, -821899348L, 338326332L, 
-1245918862L, -717464784L, 1839842596L, 626637624L, 589616858L, 
-1172357232L, 1521528572L, -959618156L, 109344834L, -1177680640L, 
-503913412L, -1625251504L, 885942434L, -121513656L, 580888332L, 
-206613796L, -339325614L, 549543040L, 1580474452L, 456751080L, 
-1116454662L, 1757375312L, 1578000172L, -1611490956L, -1019507822L, 
1818241120L, -1335007860L, -278742176L, 1387465186L, 117369768L, 
1453595852L, 1579317244L, -229636686L, -1941836304L, 1896192964L, 
1588927832L, 1186640250L, 1253092272L, -629177924L, 227338324L, 
-769470526L, -12756960L, -968664900L, 1358168656L, 1342204898L, 
-826439576L, 1163664460L, 1161492732L, 1656413170L, 1265531136L, 
31678836L, 1900782600L, 317865914L, 1965593040L, -513901588L, 
-1138476652L, -789003822L, 1388802400L, 187182924L, 508209440L, 
-435816574L, -561533208L, -1219223316L, 1554310204L, 2092129138L, 
-146045328L, -982758364L, 330998584L, 626973850L, -1489130800L, 
-2108792644L, 1271676564L, 1248194178L, -1585129280L, 2008513340L, 
-1622471536L, 1449074210L, -1937596408L, 854017292L, 352617628L, 
-1004315118L, 364449664L, -1321409004L, 403931688L, -262153697L, 
-2021884552L, 1165851734L, 1902182627L, 1283262117L, 1501113154L, 
2073788720L, -788145831L, 1927027403L, 645235516L, -1229362326L, 
-316241505L, 1418575913L, 1436588734L, -1750148180L, -984504067L, 
-1284668345L, 1545921328L, 27452494L, 530057339L, 2115374045L, 
-1874718198L, 1887917864L, -732722799L, -1899442301L, -1399364476L, 
793297586L, 1583928839L, -429779375L, 1158376918L, -30359372L, 
-1991869243L, 227753487L, 1733506696L, -1881179226L, 806007635L, 
-2016240459L, 1497422354L, 782317536L, 712944201L, -1668177797L, 
74903884L, 1920918746L, 929170639L, 2121584793L, 1147309230L, 
1062156732L, 1448657453L, -1033996841L, 28056608L, -1982611074L, 
-291680437L, 188241229L, -1715397766L, 1133624760L, -923984031L, 
-360179949L, -1574195404L, -299598526L, -500403881L, -1178305375L, 
-1130338970L, -1602140316L, -305158507L, 1911463871L, 1115562840L, 
1269358966L, -110435453L, -89882171L, -209828126L, 1565345616L, 
1936179833L, 1785685419L, -705582308L, -1256588214L, 1901815871L, 
-1062340471L, 546315422L, -1539798708L, -2040409827L, 898383015L, 
-2089481264L, -301862034L, 921416219L, -1098542211L, 1576726890L, 
1975726088L, -113551183L, -1148913885L, -2056645596L, -967686446L, 
-155229401L, -460593807L, -1969067082L, 1371885396L, 873171429L, 
814232559L, -190643416L, 705741702L, -817889357L, 1976727317L, 
1879482738L, 744302016L, -1856629207L, -1551783269L, 333845356L, 
-1280218246L, 878564527L, -1731420231L, -1223755314L, 1563008284L, 
1118591117L, -1945201417L, -2046595072L, -2034126242L, -1325535957L, 
1039978029L, 153286298L, -1462058408L, -22340159L, 1548362355L, 
-145875052L, -307499486L, 203215159L, -980369407L, 1369873670L, 
-1906259644L, -2058363787L, 459812319L, 1615788344L, 176714518L, 
1228147491L, 373752037L, -917414654L, -2108395664L, -403501287L, 
-2089105653L, -580377604L, 609689642L, -2015130529L, -989068311L, 
