# NIST constants 2010

kNIST2010latticeSpacingOfSilicon <- 1.920155714e-10
kNIST2010alphaParticleElectronMassRatio <- 7294.2995361
kNIST2010alphaParticleMass <- 6.64465675e-27
kNIST2010alphaParticleMassEnergyEquivalent <- 5.97191967e-10
kNIST2010alphaParticleMassEnergyEquivalentInMeV <- 3727.37924
kNIST2010alphaParticleMassInU <- 4.001506179125
kNIST2010alphaParticleMolarMass <- 0.004001506179125
kNIST2010alphaParticleProtonMassRatio <- 3.97259968933
kNIST2010AngstromStar <- 1.00001495e-10
kNIST2010atomicMassConstant <- 1.660538921e-27
kNIST2010atomicMassConstantEnergyEquivalent <- 1.492417954e-10
kNIST2010atomicMassConstantEnergyEquivalentInMeV <- 931.494061
kNIST2010atomicMassUnitElectronVoltRelationship <- 931494061
kNIST2010atomicMassUnitHartreeRelationship <- 34231776.845
kNIST2010atomicMassUnitHertzRelationship <- 2.2523427168e+23
kNIST2010atomicMassUnitInverseMeterRelationship <- 751300660420000
kNIST2010atomicMassUnitJouleRelationship <- 1.492417954e-10
kNIST2010atomicMassUnitKelvinRelationship <- 10809540800000
kNIST2010atomicMassUnitKilogramRelationship <- 1.660538921e-27
kNIST2010atomicUnitOf1stHyperpolarizability <- 3.206361449e-53
kNIST2010atomicUnitOf2ndHyperpolarizability <- 6.23538054e-65
kNIST2010atomicUnitOfAction <- 1.054571726e-34
kNIST2010atomicUnitOfCharge <- 1.602176565e-19
kNIST2010atomicUnitOfChargeDensity <- 1081202338000
kNIST2010atomicUnitOfCurrent <- 0.00662361795
kNIST2010atomicUnitOfElectricDipoleMom <- 8.47835326e-30
kNIST2010atomicUnitOfElectricField <- 514220652000
kNIST2010atomicUnitOfElectricFieldGradient <- 9.717362e+21
kNIST2010atomicUnitOfElectricPolarizability <- 1.6487772754e-41
kNIST2010atomicUnitOfElectricPotential <- 27.21138505
kNIST2010atomicUnitOfElectricQuadrupoleMom <- 4.486551331e-40
kNIST2010atomicUnitOfEnergy <- 4.35974434e-18
kNIST2010atomicUnitOfForce <- 8.23872278e-08
kNIST2010atomicUnitOfLength <- 5.2917721092e-11
kNIST2010atomicUnitOfMagDipoleMom <- 1.854801936e-23
kNIST2010atomicUnitOfMagFluxDensity <- 235051.7464
kNIST2010atomicUnitOfMagnetizability <- 7.891036607e-29
kNIST2010atomicUnitOfMass <- 9.10938291e-31
kNIST2010atomicUnitOfMomUm <- 1.99285174e-24
kNIST2010atomicUnitOfPermittivity <- 1.112650056e-10
kNIST2010atomicUnitOfTime <- 2.418884326502e-17
kNIST2010atomicUnitOfVelocity <- 2187691.26379
kNIST2010AvogadroConstant <- 6.02214129e+23
kNIST2010BohrMagneton <- 9.27400968e-24
kNIST2010BohrMagnetonInEVT <- 5.7883818066e-05
kNIST2010BohrMagnetonInHzT <- 13996245550
kNIST2010BohrMagnetonInInverseMetersPerTesla <- 46.6864498
kNIST2010BohrMagnetonInKT <- 0.67171388
kNIST2010BohrRadius <- 5.2917721092e-11
kNIST2010BoltzmannConstant <- 1.3806488e-23
kNIST2010BoltzmannConstantInEVK <- 8.6173324e-05
kNIST2010BoltzmannConstantInHzK <- 20836618000
kNIST2010BoltzmannConstantInInverseMetersPerKelvin <- 69.503476
kNIST2010characteristicImpedanceOfVacuum <- 376.730313461
kNIST2010classicalElectronRadius <- 2.8179403267e-15
kNIST2010ComptonWavelength <- 2.4263102389e-12
kNIST2010ComptonWavelengthOver2Pi <- 3.86159268e-13
kNIST2010conductanceQuantum <- 7.7480917346e-05
kNIST2010conventionalValueOfJosephsonConstant <- 4.835979e+14
kNIST2010conventionalValueOfVonKlitzingConstant <- 25812.807
kNIST2010CuXUnit <- 1.00207697e-13
kNIST2010deuteronElectronMagMomRatio <- -0.0004664345537
kNIST2010deuteronElectronMassRatio <- 3670.4829652
kNIST2010deuteronGFactor <- 0.8574382308
kNIST2010deuteronMagMom <- 4.33073489e-27
kNIST2010deuteronMagMomToBohrMagnetonRatio <- 0.0004669754556
kNIST2010deuteronMagMomToNuclearMagnetonRatio <- 0.8574382308
kNIST2010deuteronMass <- 3.34358348e-27
kNIST2010deuteronMassEnergyEquivalent <- 3.00506297e-10
kNIST2010deuteronMassEnergyEquivalentInMeV <- 1875.612859
kNIST2010deuteronMassInU <- 2.013553212712
kNIST2010deuteronMolarMass <- 0.002013553212712
kNIST2010deuteronNeutronMagMomRatio <- -0.44820652
kNIST2010deuteronProtonMagMomRatio <- 0.307012207
kNIST2010deuteronProtonMassRatio <- 1.99900750097
kNIST2010deuteronRmsChargeRadius <- 2.1424e-15
kNIST2010electricConstant <- 8.854187817e-12
kNIST2010electronChargeToMassQuotient <- -175882008800
kNIST2010electronDeuteronMagMomRatio <- -2143.923498
kNIST2010electronDeuteronMassRatio <- 0.00027244371095
kNIST2010electronGFactor <- -2.00231930436153
kNIST2010electronGyromagRatio <- 176085970800
kNIST2010electronGyromagRatioOver2Pi <- 28024.95266
kNIST2010electronHelionMassRatio <- 0.00018195430761
kNIST2010electronMagMom <- -9.2847643e-24
kNIST2010electronMagMomAnomaly <- 0.00115965218076
kNIST2010electronMagMomToBohrMagnetonRatio <- -1.00115965218076
kNIST2010electronMagMomToNuclearMagnetonRatio <- -1838.2819709
kNIST2010electronMass <- 9.10938291e-31
kNIST2010electronMassEnergyEquivalent <- 8.18710506e-14
kNIST2010electronMassEnergyEquivalentInMeV <- 0.510998928
kNIST2010electronMassInU <- 0.00054857990946
kNIST2010electronMolarMass <- 5.4857990946e-07
kNIST2010electronMuonMagMomRatio <- 206.7669896
kNIST2010electronMuonMassRatio <- 0.00483633166
kNIST2010electronNeutronMagMomRatio <- 960.9205
kNIST2010electronNeutronMassRatio <- 0.00054386734461
kNIST2010electronProtonMagMomRatio <- -658.2106848
kNIST2010electronProtonMassRatio <- 0.00054461702178
kNIST2010electronTauMassRatio <- 0.000287592
kNIST2010electronToAlphaParticleMassRatio <- 0.000137093355578
kNIST2010electronToShieldedHelionMagMomRatio <- 864.058257
kNIST2010electronToShieldedProtonMagMomRatio <- -658.2275971
kNIST2010electronTritonMassRatio <- 0.00018192000653
kNIST2010electronVolt <- 1.602176565e-19
kNIST2010electronVoltAtomicMassUnitRelationship <- 1.07354415e-09
kNIST2010electronVoltHartreeRelationship <- 0.03674932379
kNIST2010electronVoltHertzRelationship <- 241798934800000
kNIST2010electronVoltInverseMeterRelationship <- 806554.429
kNIST2010electronVoltJouleRelationship <- 1.602176565e-19
kNIST2010electronVoltKelvinRelationship <- 11604.519
kNIST2010electronVoltKilogramRelationship <- 1.782661845e-36
kNIST2010elementaryCharge <- 1.602176565e-19
kNIST2010elementaryChargeOverH <- 241798934800000
kNIST2010FaradayConstant <- 96485.3365
kNIST2010FaradayConstantForConventionalElectricCurrent <- 96485.3321
kNIST2010FermiCouplingConstant <- 1.166364e-05
kNIST2010fineStructureConstant <- 0.0072973525698
kNIST2010firstRadiationConstant <- 3.74177153e-16
kNIST2010firstRadiationConstantForSpectralRadiance <- 1.191042869e-16
kNIST2010hartreeAtomicMassUnitRelationship <- 2.9212623246e-08
kNIST2010hartreeElectronVoltRelationship <- 27.21138505
kNIST2010HartreeEnergy <- 4.35974434e-18
kNIST2010HartreeEnergyInEV <- 27.21138505
kNIST2010hartreeHertzRelationship <- 6579683920729000
kNIST2010hartreeInverseMeterRelationship <- 21947463.13708
kNIST2010hartreeJouleRelationship <- 4.35974434e-18
kNIST2010hartreeKelvinRelationship <- 315775.04
kNIST2010hartreeKilogramRelationship <- 4.85086979e-35
kNIST2010helionElectronMassRatio <- 5495.8852754
kNIST2010helionGFactor <- -4.255250613
kNIST2010helionMagMom <- -1.074617486e-26
kNIST2010helionMagMomToBohrMagnetonRatio <- -0.001158740958
kNIST2010helionMagMomToNuclearMagnetonRatio <- -2.127625306
kNIST2010helionMass <- 5.00641234e-27
kNIST2010helionMassEnergyEquivalent <- 4.49953902e-10
kNIST2010helionMassEnergyEquivalentInMeV <- 2808.391482
kNIST2010helionMassInU <- 3.0149322468
kNIST2010helionMolarMass <- 0.0030149322468
kNIST2010helionProtonMassRatio <- 2.9931526707
kNIST2010hertzAtomicMassUnitRelationship <- 4.4398216689e-24
kNIST2010hertzElectronVoltRelationship <- 4.135667516e-15
kNIST2010hertzHartreeRelationship <- 1.5198298460045e-16
kNIST2010hertzInverseMeterRelationship <- 3.335640951e-09
kNIST2010hertzJouleRelationship <- 6.62606957e-34
kNIST2010hertzKelvinRelationship <- 4.7992434e-11
kNIST2010hertzKilogramRelationship <- 7.37249668e-51
kNIST2010inverseFineStructureConstant <- 137.035999074
kNIST2010inverseMeterAtomicMassUnitRelationship <- 1.3310250512e-15
kNIST2010inverseMeterElectronVoltRelationship <- 1.23984193e-06
kNIST2010inverseMeterHartreeRelationship <- 4.556335252755e-08
