x111 <- c("YAF5",
"YAF14",
"YAM6",
"YAM16",
"YAM25",
"YAB4",
"YAI1",
"YAI10",
"YAI19",
"YAI28",
"YAG2",
"YAG11",
"YAG20",
"YAG29",
"YAC8",
"YAC17",
"YAC26",
"YAD6",
"YAD15",
"YAD24",
"QRM1",
"QNM6",
"QNM15",
"QNB4",
"QNB14",
"QNI1",
"QNI10",
"QNG6",
"QNG15",
"QNG24",
"QNC6",
"QNC15",
"QNC24",
"QRG4",
"QRG13",
"QRC4",
"QRC13",
"QRC22",
"QND1",
"QND10",
"QND19",
"QND28",
"QND37",
"MRM7",
"MRM17",
"MRB8",
"MRB17",
"MRB26",
"MNF3",
"MNM6",
"MNM15",
"MNM24",
"MNM33",
"MNM43",
"MNM52",
"MNM61",
"MNM70",
"MNB2",
"MNB11",
"MNB20",
"MNB29",
"MNB38",
"MNB47",
"MNB56",
"MNB65",
"MRI2",
"MRI11",
"MNI4",
"MNI13",
"MNI22",
"MNI31",
"MNI40",
"MNI49",
"MNI58",
"MNI67",
"MNI76",
"MNI85",
"MNI94",
"MNI103",
"MNI112",
"MNI122",
"MNI131",
"MNI140",
"MNI149",
"MNI158",
"MNI167",
"MRG8",
"MRG17",
"MRG26",
"MRC9",
"MRC18",
"MRC27",
"MRC36",
"MNG1",
"MNG10",
"MNG19",
"MNG28",
"MNG37",
"MNC8",
"MNC17",
"MNC26",
"MNC35",
"MNC44",
"MND5",
"MND14",
"MND23",
"MND32",
"MND41",
"MND50",
"MND59",
"MND68")
