.Random.seed <-
c(403L, 10L, 1934972310L, -1070437103L, 969285315L, 1385168594L, 
-416463004L, -1294427481L, 1965007869L, -1087457804L, 1577690L, 
-344390619L, -773822145L, -399397178L, 1053401936L, 651770739L, 
630656401L, 1811845056L, 1088211358L, 1775752041L, 1634838427L, 
-32051542L, 536619212L, -1671251569L, 1005383109L, 594424188L, 
2052284882L, 2116271437L, -1935425529L, 372010990L, -47966520L, 
-250172981L, -1370964951L, 547162744L, 986175398L, 489644481L, 
1024046675L, 1082940674L, -1901138892L, -1520267849L, 825991597L, 
-1933253948L, -1439566102L, -1555031723L, 927526639L, 1585368310L, 
792460320L, -774849053L, -9527679L, 1703876848L, -105703538L, 
1523640569L, 393573003L, -372387142L, 966172092L, 632047359L, 
1429015125L, -175166100L, 949200322L, -502774243L, -484213097L, 
1481013246L, -179944520L, 1184030619L, 455673337L, -147782328L, 
1525977206L, -1907614287L, -1052687389L, -1399586638L, 297676036L, 
826502727L, -1925064419L, -1621305452L, 721001274L, -696801403L, 
-1845095329L, -811278618L, -421878416L, 502894227L, -284674255L, 
-612831776L, 553917054L, 1590069513L, -2135266501L, 240263946L, 
1360816876L, 1160046447L, -41432923L, 1522836060L, 917574194L, 
-1474143955L, 728375271L, -426023154L, -1759708952L, -1103754517L, 
1502413705L, 1012883224L, -1021705658L, -1000627551L, -237337293L, 
1049869474L, -1662274668L, 1274554903L, 845360653L, -764687580L, 
741627658L, -580978059L, 32008655L, 149418710L, 1945867904L, 
-594798397L, -383691167L, 1203007184L, -71092178L, 20499929L, 
754233835L, -363973542L, -1331933668L, 416759583L, 1521275765L, 
-1456367092L, 574036962L, 684058813L, -1330342089L, -194682914L, 
1573195032L, 1713954939L, 1112995353L, -1271751000L, 1318284374L, 
-2079528751L, -912993149L, 1212790546L, -1398107484L, 1210768999L, 
2072440765L, -231685836L, 506847898L, -528228123L, 1650303615L, 
-1161835514L, -494108784L, -795975117L, -1598342703L, -297702528L, 
-1513765282L, 1744543145L, 2690139L, -274254742L, 832605452L, 
-453144753L, 1311984645L, 358109884L, -1767079022L, 975323277L, 
-2078206265L, -1509638226L, 1705413128L, 1225158155L, 241903337L, 
-1129160264L, -282993050L, 1696791297L, 1066847635L, -341105086L, 
806189556L, 643277815L, -1630693395L, -1443229564L, -537745750L, 
-1521812459L, 1837730991L, 1666499254L, -786333472L, -58119133L, 
1597305665L, 1450155568L, -1122239410L, -1698065223L, 403181771L, 
956153210L, 1101881468L, 599983295L, 1365217685L, -332842580L, 
-978261118L, -1637707427L, 881938519L, -1406277826L, -847810696L, 
-656735141L, -928607303L, 1192964616L, 722614454L, 1468391409L, 
-1820743133L, -570523022L, -1362839356L, -957469049L, 794584669L, 
1354287188L, -529098118L, 1557529029L, -1668361441L, -1267425626L, 
467603504L, -1422028077L, 276547825L, -1638157280L, -1974644034L, 
253368009L, 1476801659L, 1913301578L, 95309484L, -1624798801L, 
-1876156059L, -1214664932L, -885697678L, -1296183315L, 470147111L, 
1224579150L, 1656675496L, 1552044715L, 302790601L, -1971688488L, 
62356102L, 1656519521L, 1668906739L, 690110124L, 880153276L, 
1169912306L, -170931920L, -251482972L, 885564088L, 1531472730L, 
1006972304L, 1609347452L, 1420676372L, -615700158L, 675734272L, 
1454955452L, -1589879984L, 211722530L, -171877048L, 2037610508L, 
-1080493988L, 1516037330L, 367839232L, 732420948L, 166904296L, 
447641594L, -1542506800L, 1245652268L, -1407637260L, -455645294L, 
-156951456L, -637395700L, 1003112160L, -1481867934L, -1293999448L, 
1447287372L, -1401301124L, 1560881970L, -1671946640L, -1823302332L, 
2050210776L, 419688570L, 919873072L, -426292548L, 791906132L, 
1885125186L, -818418784L, 670705852L, 1732714960L, -607787678L, 
-1292364824L, -1389815860L, -766519556L, 1074630642L, 1593736320L, 
1566079220L, -599870328L, 1723819322L, 1205683024L, 191507564L, 
1870651540L, -1759594158L, -1054064928L, -1158410036L, -320350048L, 
1322146178L, 1212938472L, 2114164972L, 2057246780L, -1758027662L, 
1304176752L, 542040612L, -1355701704L, -1085560294L, 191369424L, 
165918268L, 1379552404L, -2147183486L, 465897408L, -1491096260L, 
-259080560L, -343288798L, 1441632264L, 453295244L, -432029668L, 
-1299929966L, -338015104L, 214156308L, -355081432L, -1791093702L, 
-362500912L, 1521431660L, 1935644340L, 1169809426L, 2083241952L, 
-683963444L, 883604960L, 1615432738L, -1475717848L, -1301915380L, 
299028028L, -910834446L, -21726992L, -728582332L, -1610092456L, 
964231738L, 789072112L, 575578812L, 150030868L, 476818626L, -1988348320L, 
1822197116L, 1879991504L, -1871072222L, -1890498392L, -112419444L, 
-1507679812L, 1811810354L, 463033152L, -2140791116L, -18050744L, 
162017978L, 739671824L, 1831928044L, -2086913964L, -34093294L, 
2004083104L, 582248396L, -1003282592L, 454995138L, 1800588840L, 
1532193196L, 1812472636L, -1377410190L, -362508496L, -1565818844L, 
-2039595464L, 1664455386L, 163108752L, 297858300L, 910642580L, 
1140425538L, 82627072L, -2128639940L, 1899741776L, -112770910L, 
763544392L, -113821172L, -12248356L, 390180946L, 987466880L, 
338315092L, 456638440L, 1686909690L, -6666416L, -1099832276L, 
-60536460L, -1900630382L, 1461969504L, 1876603020L, -17215136L, 
1884657890L, 1616211112L, -1001400628L, -635577860L, 1083739058L, 
1287472112L, 1425637828L, -5620392L, -118492806L, 531263920L, 
-515495492L, 213057108L, 837163458L, -1090370784L, -1760152644L, 
1737740368L, 2081184738L, -1292533912L, -254978228L, 1700343548L, 
1928120050L, -273908480L, 2035317876L, -471306744L, 527050170L, 
2054628816L, -1637816340L, 633580436L, 1397516498L, 363811936L, 
-1723560628L, 871330592L, -1865078142L, -1336028696L, 1226857452L, 
-634237380L, -508279182L, 1421962096L, -1962668764L, 1703451192L, 
200180122L, -1451242032L, -409745988L, -577892716L, -847449470L, 
558550464L, 1860261692L, 565420688L, 664971042L, 1959544328L, 
-441720052L, -765004900L, 1460485138L, -2001859712L, 1527974676L, 
972821800L, -778067910L, 1430156240L, -348169620L, 405318708L, 
807022738L, -767723168L, 658160972L, -2141973024L, 1874820002L, 
479361960L, 2081320076L, -1192500292L, 323277938L, -576612290L, 
715544876L, -796847235L, -562116153L, 1389055152L, 1518021326L, 
-1905745925L, 1882384477L, -1520054390L, 1077837736L, 793785617L, 
1223437315L, -335706364L, -1829549262L, -997127801L, -1566175279L, 
-1342430890L, -1079001292L, -2129124795L, 979906191L, -2128639992L, 
172334118L, -457091885L, -1067141579L, -206484078L, -1858039456L, 
1426442441L, -1620284421L, 1778912204L, 610559578L, 678914895L, 
-550067687L, -1350737874L, -118067652L, -1195506771L, -1540314025L, 
1699973536L, 913879806L, -1330118197L, 764979149L, 1061489402L, 
286290232L, -437265695L, -1018221165L, -1710697036L, 125626050L, 
583075543L, -276977887L, 1462329062L, -1365706780L, -552696043L, 
957062975L, -1536697640L, -147144970L, -822798077L, 1678838341L, 
-2130507166L, 1071647184L, 1446786809L, -5372885L, 99402652L, 
-1621468214L, -2044824385L, 538351113L, -413196514L, 2079712972L, 
1588479645L, 597283623L, -1530725040L, -521780242L, 1852746907L, 
1582581501L, -147501590L, 1407278728L, 930662449L, 197808803L, 
118979236L, -1588171950L, 297886375L, 354402033L, -12104138L, 
-1942547756L, 1157686885L, -897043345L, -841576792L, -87430138L, 
1851644211L, -383089259L, -984413710L, 958228032L, -1837496407L, 
1065495067L, 794223596L, 2000258042L, -328519633L, -1976623047L, 
527397454L, 68997788L, 446461965L, -1467964297L, 1502901376L, 
-561913122L, -761130581L, 958073517L, -1855860966L, 1834242008L, 
-916579263L, -280605965L, -467137260L, 1264343202L, 1664038327L, 
-1469478527L, 724496262L, -182780476L, -272982795L, 746583391L, 
2033137592L, -1110967658L, -1162009437L, 233528933L, -2015229054L, 
-390928144L, 1631981721L, 276326539L, -1729900164L, -1461170262L, 
-577376289L, 1218403689L, -1392385666L, 338506092L, 1560504765L, 
-175777145L, 1965153904L, -1242585842L, -723768773L, 1986367773L, 
-1348738102L, 321559784L, -2065612847L, 724234691L, 1453259460L, 
