.Random.seed <-
c(403L, 38L, 1064466191L, 927990806L, 733671104L, 1879193731L, 
2133955745L, -694584688L, -881694354L, -836630759L, -1977877589L, 
1086638490L, 1636224348L, 1120986207L, -298623947L, 1404717004L, 
442766114L, -831222403L, 727490167L, -497121378L, 1081042520L, 
-246345797L, -436199079L, -1427793176L, -1484414186L, -1431133039L, 
-2042660541L, 410293330L, -632150300L, 829088039L, -1754033795L, 
266131572L, -100312486L, -127945051L, 1435690175L, -397609146L, 
-199232048L, -1268144141L, -36577519L, -1330536640L, -1739118818L, 
-1365288983L, 713473307L, 1104140074L, -45078452L, 1217372175L, 
-439850171L, -1789936388L, 1903954770L, -479687475L, 67447943L, 
-924371090L, 836307272L, -1183011509L, -2028130135L, -686132744L, 
-77496026L, 1484776001L, -1866495021L, 303118722L, 1503399348L, 
-119711433L, 976194605L, 1817246020L, 25177706L, -816939L, 192259695L, 
-856837258L, -1836325728L, -1543209629L, -1518301695L, -1198109328L, 
-317502194L, -539029639L, -1725911285L, 1389801530L, 1099415356L, 
1360149631L, -775925803L, -458202644L, 1476989762L, 1848786077L, 
1942750487L, 275446910L, -88435656L, 167260955L, -1139181447L, 
721903816L, 939796726L, -412223183L, 1646645603L, 304235314L, 
-1614279548L, -643499833L, -1145347171L, -549648620L, 1175731642L, 
-85337083L, -1027853857L, -1980271514L, 88806384L, 353824019L, 
-968682831L, 1703705952L, -1930054914L, 84110985L, -346056261L, 
1846821770L, -1500861844L, 2003330031L, 1847381029L, 1669436636L, 
1750395570L, -1065628243L, -1933307545L, -1422217586L, 244447080L, 
527626091L, 1535113481L, -696586344L, 2059097798L, 122692641L, 
-60215117L, 1497229858L, 1863199764L, -802586473L, 140620429L, 
823288740L, -767861366L, -398898699L, 1791583311L, 536068950L, 
-1215677952L, 727110467L, 407335649L, 591011920L, 878035118L, 
1044296793L, -84605845L, 926566874L, -1029254500L, 768699551L, 
1925848821L, 1120953228L, 639562338L, -1671231939L, 632596663L, 
-1107126434L, 502160024L, 1518930427L, 143111065L, 2133199912L, 
11467990L, 1102784849L, 989579267L, -1069559918L, -1526112988L, 
-1531710489L, 1855719485L, -1183058252L, -250667750L, -1415516571L, 
1658135295L, 280475526L, 1450526992L, 1723136435L, -1173904815L, 
-512200192L, 2067590878L, 520135977L, -776132389L, -886116374L, 
-641839220L, 1041875151L, -1147420539L, 1825899324L, 586119698L, 
1936085261L, -324363705L, 1133543470L, 2093987208L, -1592144757L, 
1894295145L, -1871676872L, -383997210L, -1047312767L, -44856813L, 
-1422299710L, 2022467188L, 1657763959L, -2047952531L, -180093436L, 
-933237462L, 1949141653L, -1432649425L, 739611702L, 865562720L, 
-708290909L, 662065601L, 1017621936L, 1982375118L, -621407687L, 
130819147L, -681204230L, -1782963972L, -244026049L, -396473835L, 
-1270054612L, -1093766654L, -1178943267L, -1932094505L, 898068158L, 
141646072L, 518170331L, -437625543L, 134768776L, -873418698L, 
-659438479L, -725520733L, -125025294L, -255428796L, -1322633209L, 
-127822371L, 838111956L, -818323974L, -1164652219L, -1046661729L, 
-824998106L, 1885636528L, 27544258L, -567848224L, 285082748L, 
-908260144L, 1038963618L, 1215843880L, -1116888820L, 707315644L, 
-515952334L, -325748544L, 1599713844L, -369026360L, -327777606L, 
-1233286000L, 1821050604L, 539088468L, 1820026514L, 14468896L, 
750229452L, 935872736L, -822522174L, 434705448L, -47613012L, 
1335814844L, -1883536910L, -1716451792L, -1281894492L, -1704975944L, 
-862700710L, -795192176L, -67789956L, 703110932L, 3415362L, 2049003264L, 
-1108419652L, 243842896L, -1242078942L, 358140488L, -2025891828L, 
61099100L, 1928958418L, -1490979328L, -1857326764L, -553418520L, 
-830820102L, 1667671760L, 1877723436L, 1283791092L, 2034363794L, 
522070368L, 501360652L, 1832520416L, -248315294L, 542063272L, 
-637945268L, -1423792260L, -359961294L, -101792144L, 933313348L, 
946522072L, 999260026L, -657650128L, 1566160828L, 1713190484L, 
2116511810L, 1611751584L, -1840271684L, 570558928L, -960904350L, 
179110632L, -1762475828L, 860152316L, -1744369166L, -1662363008L, 
376354292L, -1913960824L, -2050277574L, 1869366096L, 1778570348L, 
-2071766636L, 1112450130L, -1603081760L, -1522484020L, -1465144160L, 
-842467966L, -1527734040L, 743300844L, 146156860L, 1780300914L, 
-1382399888L, -134981596L, 496479288L, -334448870L, 1155448016L, 
1459091260L, 30840724L, -78017662L, 288764352L, 1625370172L, 
-1067678320L, -2002557406L, -1195434744L, -1295825268L, -1932110052L, 
-503996270L, -1622988416L, -1421984236L, -671338712L, 2038911546L, 
-699591216L, 690211180L, 73696180L, -1909880814L, 816958944L, 
127139788L, -1613799200L, 315652130L, 590790952L, 936730124L, 
-33431748L, -1066124302L, -400553232L, 1361143364L, 903193176L, 
87424826L, -365865488L, -352317764L, 465606932L, 799201986L, 
-931476384L, -1023069316L, -1847621680L, 1940865314L, -1654142296L, 
457274252L, -1795675972L, -1704466638L, -1061787072L, -867228492L, 
-1109657016L, 174423482L, -199992816L, 354101996L, 89139540L, 
858063122L, 1189944736L, 1137744588L, -1411776928L, 1494466498L, 
-2102968536L, 1092521900L, -619695300L, 1586923890L, 1618369328L, 
-376748764L, 182352696L, 1501189850L, 893517712L, -1241305348L, 
98984852L, 489027650L, -2146908928L, 153871420L, -444882608L, 
-1155848030L, 1504467272L, 370812684L, -1406577956L, -1513058990L, 
546888832L, -1957994412L, -1232324632L, -469171974L, -921425072L, 
1611439916L, -1576117900L, -70235246L, -2125535136L, 1884546444L, 
558971744L, 866355682L, 760409000L, -744383284L, 1140160508L, 
-1461320270L, 1482812912L, 489479108L, -1295114920L, -683626118L, 
1066920880L, -908230212L, -1397774252L, -1122332734L, -635774944L, 
1033001148L, 1792016976L, 473902050L, -1971156888L, 1529977932L, 
1584167164L, 973757426L, 38058240L, -755474060L, 110535688L, 
-221249606L, 1339249104L, -1108132884L, 1584478612L, -1167883822L, 
-27168416L, 2138566476L, -1736234720L, -615860350L, -1400721688L, 
-743382804L, 30188604L, -1103062158L, 953845360L, -1590604764L, 
1149035320L, -2036933478L, -319198512L, -890199876L, 1115569812L, 
-1045074302L, 1607817408L, 1846213436L, -1342955007L, -1289989197L, 
-246222124L, -1337265182L, -1321531785L, 844185537L, 2072452422L, 
1695935620L, 38990389L, -244499937L, -1740579464L, -163636138L, 
1071735011L, -1657674075L, -2109142206L, 373825840L, -558040743L, 
1237187275L, -2058247364L, 942508906L, 1048865183L, 1521967145L, 
1453734590L, 7306156L, 258853117L, -1648417721L, 857195312L, 
-1653685170L, 1527588987L, -1553404963L, 244986378L, 1299068712L, 
-1482200687L, 1973186435L, 1903871108L, 1036493490L, 1413395975L, 
2021307985L, 2134134230L, 133537972L, -1602528059L, -483189233L, 
307680904L, -753820762L, 1715655507L, 1361738933L, -1803758L, 
1429673952L, -853063095L, 273023099L, -1474244276L, 6522074L, 
1125278927L, 1721249945L, 790211758L, -1193731652L, 998548013L, 
-1227860521L, -1729414112L, 1981276542L, -111956149L, -1440664243L, 
-973276294L, 1277468088L, -822444191L, 562738963L, 1077268276L, 
1927847234L, 1447498071L, 714120353L, 1599079782L, 1185441636L, 
920307349L, -1849262145L, -1608842408L, -351354506L, 158352259L, 
565060037L, -533338398L, -1589008560L, -905452935L, -2111617621L, 
825871132L, -85189558L, 1821296703L, -981002103L, -321258338L, 
1077406028L, -1740213987L, -565257049L, 1156803536L, 1725371246L, 
1325306395L, 134116221L, -192917142L, 1856311304L, 122927281L, 
378869539L, -1268042716L, -1622481198L, 2056389415L, -1682324111L, 
1446611894L, -441536684L, 1782540773L, -1059957777L, 387130152L, 
-1055366266L, -1712595021L, -1611393259L, -2126823054L, 298075584L, 
1432876585L, 178784923L, -2082753684L, -1449964678L, -1438157649L, 
1727709113L, -1419617842L, -202474212L, 1866266765L, -2093206281L, 
-1159540736L, 2001736286L, -482800341L, -626184659L, 696178330L, 
836805208L, -323732031L, -2065317261L, 1730527124L, -1851716062L, 
-1226821321L, -1771184127L, -2017559290L, -1902417596L, 782384245L, 
-2026369569L, 984389944L, -505310442L, -1475089629L, -2044141339L, 
