display <- list(version='1.0.0',colormap = list(name='Set1 9',
ncolors=9,
type=3,
system='rgb',
backgroundColor = c(0.200,0.200,0.200),
hiddenColor = c(0.500,0.500,0.500),
accentColor = c(1.000,1.000,1.000),
foregroundColors = list(c(0.596,0.306,0.639),c(0.969,0.506,0.749),c(0.894,0.102,0.110),c(0.216,0.494,0.722),c(0.302,0.686,0.290),c(1.000,0.498,0.000),c(0.651,0.337,0.157),c(0.600,0.600,0.600),c(1.000,1.000,0.200))),
title='',type='timeseries',ncols = 3,nplots=3,
plots = list(list(type='scatterplot',projection='XY Plot',scale=c(0.700, 0.700),
tformLims=c(xmin=96.524, xmax=267.953, ymin=98.643, ymax=154.357),
planarLims=c(xmin=-23461.000, xmax=23592.000, ymin=-23498.000, ymax=23498.000),
points = list(index = c(0,1,2,3,4,5,6,7,8,9,10,11,12,13,14,15,16,17,18,19,20,21,22,23,24,25,26,27,28,29,30,31,32,33,34,35,36,37,38,39,40,41,42,43,44,45,46,47,48,49,50,51,52,53,54,55,56,57,58,59,60,61,62,63,64,65,66,67,68,69,70,71,72,73),
x = c(191,185,200,173,171,160,188,186,174,163,190,174,201,190,182,184,177,178,210,182,186,158,146,151,122,138,132,131,135,125,130,130,138,130,143,154,147,141,131,144,137,143,135,186,211,201,242,184,211,217,223,208,199,211,218,203,192,195,211,187,192,223,188,216,185,178,187,187,201,187,210,196,195,187),
y = c(131,134,137,127,118,118,134,129,131,115,143,131,130,133,130,131,127,126,140,121,136,141,119,130,113,121,115,127,123,119,120,131,127,116,123,135,132,131,116,121,146,119,127,107,122,114,131,108,118,122,127,125,124,129,126,122,116,123,122,123,109,124,114,120,114,119,111,112,130,120,119,114,110,124),
color = c(2,2,2,2,2,2,2,2,2,2,2,2,2,2,2,2,2,2,2,2,2,4,4,4,4,4,4,4,4,4,4,4,4,4,4,4,4,4,4,4,4,4,4,0,0,0,0,0,0,0,0,0,0,0,0,0,0,0,0,0,0,0,0,0,0,0,0,0,0,0,0,0,0,0),
glyphtype = c(5,5,5,5,5,5,5,5,5,5,5,5,5,5,5,5,5,5,5,5,5,5,5,5,5,5,5,5,5,5,5,5,5,5,5,5,5,5,5,5,5,5,5,5,5,5,5,5,5,5,5,5,5,5,5,5,5,5,5,5,5,5,5,5,5,5,5,5,5,5,5,5,5,5),
glyphsize = c(1,1,1,1,1,1,1,1,1,1,1,1,1,1,1,1,1,1,1,1,1,1,1,1,1,1,1,1,1,1,1,1,1,1,1,1,1,1,1,1,1,1,1,1,1,1,1,1,1,1,1,1,1,1,1,1,1,1,1,1,1,1,1,1,1,1,1,1,1,1,1,1,1,1),
hidden = c(0,0,0,0,0,0,0,0,0,0,0,0,0,0,0,0,0,0,0,0,0,0,0,0,0,0,0,0,0,0,0,0,0,0,0,0,0,0,0,0,0,0,0,0,0,0,0,0,0,0,0,0,0,0,0,0,0,0,0,0,0,0,0,0,0,0,0,0,0,0,0,0,0,0)
),
params = list(xlabel='tars1',ylabel='tars2')),list(type='scatterplot',projection='XY Plot',scale=c(0.700, 0.700),
tformLims=c(xmin=96.524, xmax=267.953, ymin=39.786, ymax=61.214),
planarLims=c(xmin=-23461.000, xmax=23592.000, ymin=-23498.000, ymax=23498.000),
points = list(index = c(0,1,2,3,4,5,6,7,8,9,10,11,12,13,14,15,16,17,18,19,20,21,22,23,24,25,26,27,28,29,30,31,32,33,34,35,36,37,38,39,40,41,42,43,44,45,46,47,48,49,50,51,52,53,54,55,56,57,58,59,60,61,62,63,64,65,66,67,68,69,70,71,72,73),
x = c(191,185,200,173,171,160,188,186,174,163,190,174,201,190,182,184,177,178,210,182,186,158,146,151,122,138,132,131,135,125,130,130,138,130,143,154,147,141,131,144,137,143,135,186,211,201,242,184,211,217,223,208,199,211,218,203,192,195,211,187,192,223,188,216,185,178,187,187,201,187,210,196,195,187),
y = c(53,50,52,50,49,47,54,51,52,47,52,50,51,53,51,51,49,53,54,51,56,58,51,51,45,53,49,51,50,51,48,51,52,52,54,56,54,51,47,53,53,53,52,49,49,47,54,43,51,49,51,50,46,49,49,49,49,47,48,47,46,53,48,50,46,47,49,49,54,47,50,51,49,49),
color = c(2,2,2,2,2,2,2,2,2,2,2,2,2,2,2,2,2,2,2,2,2,4,4,4,4,4,4,4,4,4,4,4,4,4,4,4,4,4,4,4,4,4,4,0,0,0,0,0,0,0,0,0,0,0,0,0,0,0,0,0,0,0,0,0,0,0,0,0,0,0,0,0,0,0),
glyphtype = c(5,5,5,5,5,5,5,5,5,5,5,5,5,5,5,5,5,5,5,5,5,5,5,5,5,5,5,5,5,5,5,5,5,5,5,5,5,5,5,5,5,5,5,5,5,5,5,5,5,5,5,5,5,5,5,5,5,5,5,5,5,5,5,5,5,5,5,5,5,5,5,5,5,5),
glyphsize = c(1,1,1,1,1,1,1,1,1,1,1,1,1,1,1,1,1,1,1,1,1,1,1,1,1,1,1,1,1,1,1,1,1,1,1,1,1,1,1,1,1,1,1,1,1,1,1,1,1,1,1,1,1,1,1,1,1,1,1,1,1,1,1,1,1,1,1,1,1,1,1,1,1,1),
hidden = c(0,0,0,0,0,0,0,0,0,0,0,0,0,0,0,0,0,0,0,0,0,0,0,0,0,0,0,0,0,0,0,0,0,0,0,0,0,0,0,0,0,0,0,0,0,0,0,0,0,0,0,0,0,0,0,0,0,0,0,0,0,0,0,0,0,0,0,0,0,0,0,0,0,0)
),
params = list(xlabel='tars1',ylabel='head')),list(type='scatterplot',projection='XY Plot',scale=c(0.700, 0.700),
tformLims=c(xmin=96.524, xmax=267.953, ymin=107.081, ymax=165.652),
planarLims=c(xmin=-23461.000, xmax=23592.000, ymin=-23713.000, ymax=23498.000),
points = list(index = c(0,1,2,3,4,5,6,7,8,9,10,11,12,13,14,15,16,17,18,19,20,21,22,23,24,25,26,27,28,29,30,31,32,33,34,35,36,37,38,39,40,41,42,43,44,45,46,47,48,49,50,51,52,53,54,55,56,57,58,59,60,61,62,63,64,65,66,67,68,69,70,71,72,73),
x = c(191,185,200,173,171,160,188,186,174,163,190,174,201,190,182,184,177,178,210,182,186,158,146,151,122,138,132,131,135,125,130,130,138,130,143,154,147,141,131,144,137,143,135,186,211,201,242,184,211,217,223,208,199,211,218,203,192,195,211,187,192,223,188,216,185,178,187,187,201,187,210,196,195,187),
y = c(150,147,144,144,153,140,151,143,144,142,141,150,148,154,147,137,134,157,149,147,148,145,140,140,131,139,139,136,129,140,137,141,138,143,142,144,138,140,130,137,137,136,140,120,123,130,131,116,122,127,132,125,119,122,120,119,123,125,125,129,130,129,122,129,124,120,119,119,133,121,128,129,124,129),
color = c(2,2,2,2,2,2,2,2,2,2,2,2,2,2,2,2,2,2,2,2,2,4,4,4,4,4,4,4,4,4,4,4,4,4,4,4,4,4,4,4,4,4,4,0,0,0,0,0,0,0,0,0,0,0,0,0,0,0,0,0,0,0,0,0,0,0,0,0,0,0,0,0,0,0),
glyphtype = c(5,5,5,5,5,5,5,5,5,5,5,5,5,5,5,5,5,5,5,5,5,5,5,5,5,5,5,5,5,5,5,5,5,5,5,5,5,5,5,5,5,5,5,5,5,5,5,5,5,5,5,5,5,5,5,5,5,5,5,5,5,5,5,5,5,5,5,5,5,5,5,5,5,5),
glyphsize = c(1,1,1,1,1,1,1,1,1,1,1,1,1,1,1,1,1,1,1,1,1,1,1,1,1,1,1,1,1,1,1,1,1,1,1,1,1,1,1,1,1,1,1,1,1,1,1,1,1,1,1,1,1,1,1,1,1,1,1,1,1,1,1,1,1,1,1,1,1,1,1,1,1,1),
hidden = c(0,0,0,0,0,0,0,0,0,0,0,0,0,0,0,0,0,0,0,0,0,0,0,0,0,0,0,0,0,0,0,0,0,0,0,0,0,0,0,0,0,0,0,0,0,0,0,0,0,0,0,0,0,0,0,0,0,0,0,0,0,0,0,0,0,0,0,0,0,0,0,0,0,0)
),
params = list(xlabel='tars1',ylabel='aede1'))),
showMissing=1,showPoints=1,showDirectedEdges=0,showUndirectedEdges=0,showArrowheads=0)
