display <- list(version='1.0.0',colormap = list(name='Set1 9',
ncolors=9,
type=3,
system='rgb',
backgroundColor = c(0.200,0.200,0.200),
hiddenColor = c(0.500,0.500,0.500),
accentColor = c(1.000,1.000,1.000),
foregroundColors = list(c(0.596,0.306,0.639),c(0.969,0.506,0.749),c(0.894,0.102,0.110),c(0.216,0.494,0.722),c(0.302,0.686,0.290),c(1.000,0.498,0.000),c(0.651,0.337,0.157),c(0.600,0.600,0.600),c(1.000,1.000,0.200))),
title='',type='scatterplot',nplots=1,
plots = list(list(type='scatterplot',projection='1D Tour',scale=c(0.700, 0.700),
tformLims=c(xmin=0.000, xmax=0.000, ymin=0.000, ymax=0.000),
planarLims=c(xmin=-23552.000, xmax=23552.000, ymin=-23543.000, ymax=23405.000),
points = list(index = c(0,1,2,3,4,5,6,7,8,9,10,11,12,13,14,15,16,17,18,19,20,21,22,23,24,25,26,27,28,29,30,31,32,33,34,35,36,37,38,39,40,41,42,43,44,45,46,47,48,49,50,51,52,53,54,55,56,57,58,59,60,61,62,63,64,65,66,67,68,69,70,71,72,73),
x = c(4148.76,5104.12,3754.21,1856.9,6348.06,3113.71,3753.73,5829.04,7255.82,2485.4,3626.31,3969.6,6354.05,4461.63,4851.81,2699.19,3868.52,7818.07,5608.55,7363.43,6613.59,8097.27,6785.48,6418.12,5170.79,6156.83,4973.96,4898.77,5596.12,7601.41,6803.41,5637.38,6063.01,8892.96,3998.13,9819.04,5480.74,5835.33,5999.01,5667.01,6699.12,7488.2,6764.13,-3721.3,-4277.74,-6673.29,-5190.72,-8262.08,-3882.32,-7956.8,-6474.31,-4119.6,-6024.69,-4884.08,-5889.33,-7091.21,-3900.92,-7354.48,-7348.65,-6875.1,-2510.5,-4071.28,-4876.95,-5016.86,-3874.98,-5229.63,-9066.3,-9828.72,-3544.18,-5299.77,-7719.16,-3433.66,-2259.35,-3955.05),
y = c(-8343.38,-5368.44,-9469.18,-14670,-3836.7,-11180.5,-9470.45,-3971.77,-6862.27,-13054,-9796.25,-8879.5,-3842.84,-7383.7,-6159.96,-12382.7,-9163.56,-9735.04,-4259.72,-7390,-4300.44,-11020.7,-4819.76,-3908.47,-5182.63,-3755.15,-5767.2,-6009.19,-4277.39,-8625.64,-4887.93,-4218.74,-3777.26,-13701.8,-8795.41,-15210.1,-4470.86,-3965.24,-3819.72,-4176.62,-4540.27,-8029.21,-4744.85,-8531.14,-7962.29,-10861.1,-9342.79,-12836.8,-8251.16,-12252.2,-10719.6,-8007.79,-10518.2,-8625.33,-10457.5,-11132.7,-8224.71,-11322.4,-11317.3,-11008.7,-12646.9,-8033.24,-8611.21,-8921.29,-8261.6,-9436.98,-14346.3,-15275.5,-8963.08,-9597.88,-11837.2,-9285.75,-13621.1,-8148.13),
color = c(2,2,2,2,2,2,2,2,2,2,2,2,2,2,2,2,2,2,2,2,2,4,4,4,4,4,4,4,4,4,4,4,4,4,4,4,4,4,4,4,4,4,4,0,0,0,0,0,0,0,0,0,0,0,0,0,0,0,0,0,0,0,0,0,0,0,0,0,0,0,0,0,0,0),
glyphtype = c(5,5,5,5,5,5,5,5,5,5,5,5,5,5,5,5,5,5,5,5,5,5,5,5,5,5,5,5,5,5,5,5,5,5,5,5,5,5,5,5,5,5,5,5,5,5,5,5,5,5,5,5,5,5,5,5,5,5,5,5,5,5,5,5,5,5,5,5,5,5,5,5,5,5),
glyphsize = c(1,1,1,1,1,1,1,1,1,1,1,1,1,1,1,1,1,1,1,1,1,1,1,1,1,1,1,1,1,1,1,1,1,1,1,1,1,1,1,1,1,1,1,1,1,1,1,1,1,1,1,1,1,1,1,1,1,1,1,1,1,1,1,1,1,1,1,1,1,1,1,1,1,1),
hidden = c(0,0,0,0,0,0,0,0,0,0,0,0,0,0,0,0,0,0,0,0,0,0,0,0,0,0,0,0,0,0,0,0,0,0,0,0,0,0,0,0,0,0,0,0,0,0,0,0,0,0,0,0,0,0,0,0,0,0,0,0,0,0,0,0,0,0,0,0,0,0,0,0,0,0)
),
params = list(F = c(-0.095,-0.153,0.184,0.019,-0.367,0.834,-0.321),labels = c('tars1','tars2','head','aede1','aede2','aede3','species'),ranges = list(c(122.000, 242.000),c(107.000, 146.000),c(43.000, 58.000),c(116.000, 157.000),c(8.000, 16.000),c(55.000, 123.000),c(1.000, 3.000))))),
showMissing=1,showPoints=1,showDirectedEdges=0,showUndirectedEdges=0,showArrowheads=0)
