.Random.seed <-
c(403L, 10L, 17311708L, 656262578L, 1632294061L, 968225895L, 
-1154446450L, -224998296L, 1313056875L, -1494519L, -265192296L, 
-80171066L, 243876641L, -1299050573L, -947017950L, 968456468L, 
827414935L, -1323153011L, -1279815516L, -1658140022L, -525795083L, 
-19208369L, -1027776426L, -731624704L, 965541443L, 2012923361L, 
1562808656L, -76593234L, -958890663L, -199554197L, -1129280806L, 
211757980L, 1668216735L, 1989164533L, 1346424972L, 1389465954L, 
356683069L, 235470263L, 1622657630L, 1760369560L, -2125090053L, 
1336867481L, -75889880L, -757370410L, 1434820177L, 637541635L, 
-1019719534L, -552524252L, -1189857049L, -1327510211L, -101291596L, 
-440699366L, -1183615643L, -793281537L, -1125426554L, -849065456L, 
-1935912781L, -171603119L, -1881397504L, 1107109342L, 998854185L, 
1560241627L, -1402180886L, 1590323340L, 1642125263L, 2079903621L, 
-180888516L, 277171474L, 1844169229L, 922296647L, -23338194L, 
756940424L, -17795189L, -2062985367L, -1515665096L, 44241894L, 
587703169L, 827153171L, -1966955326L, 1028439924L, 1119298423L, 
-109538195L, -314914044L, -712019414L, -1080762475L, 1164067887L, 
119848246L, 146130272L, 2047640483L, 422839489L, 1280705712L, 
769287118L, 1462806329L, 1053128523L, -2125617926L, -1181147652L, 
-2078544321L, 673116949L, -71118804L, -913600254L, 885184989L, 
531867863L, 1388237758L, -2002422280L, 1542509019L, -526745543L, 
-463775352L, -1510034122L, -882626703L, -1877836381L, 2116534514L, 
363682884L, -2107545849L, 1727252189L, 1705568212L, -86870278L, 
1766287941L, -1084470625L, 1080174630L, 508738736L, -825709229L, 
1952716913L, -1698691680L, -1857423042L, -1683281847L, -1774150405L, 
-1446972214L, 533375532L, -1316245969L, -1245548827L, 1448797084L, 
594552306L, 1311588461L, 330533287L, -763315250L, -1743879896L, 
-1621236949L, -914947767L, -1476807080L, -2032466170L, 438444769L, 
961496691L, 678858466L, -1808084396L, -1510016169L, 1780645709L, 
545235684L, 806767306L, -2112371915L, 1770686863L, 21175958L, 
212598336L, 1235003139L, 1360191265L, -168679408L, -1404473362L, 
1068535705L, 1471543339L, -292479718L, -855248932L, 1342960095L, 
-257632843L, -993635508L, 1397862818L, -1068130051L, -840577545L, 
1710111518L, 1079150040L, -709034181L, 1060993241L, 2068845672L, 
979093910L, -47867631L, -1732076861L, -1484901678L, 569627492L, 
-178407769L, 700661757L, 1962228212L, 320251610L, -1949222875L, 
-1157614273L, -367682874L, 1435481936L, 784172915L, 2003028369L, 
644725696L, -231969378L, 765525865L, 355564443L, 418718378L, 
-1134408500L, -1063742065L, -1491275323L, 2011411836L, 1165712850L, 
-1506891443L, -1841529849L, -599180306L, 396944072L, 1409703371L, 
-1942726615L, 514227832L, -1297998938L, 717180353L, 1038207571L, 
305201410L, 528189492L, 1637847479L, -569821779L, -1708560700L, 
-422771990L, 1537766741L, 1193487087L, -1042016010L, -1350174688L, 
148171235L, -147932543L, 1004999920L, 1889110926L, 1492452601L, 
1878937227L, 97132218L, -45395524L, 2049221375L, 1207850581L, 
-1438011028L, 1308488130L, -773936611L, -321347120L, 635298156L, 
-489115724L, 262223378L, 2093781984L, -1380231732L, -155302688L, 
-1130985438L, 719228712L, -1724545524L, -822981828L, -933405710L, 
1829491440L, 2010874436L, -1357928872L, -1609306310L, 441445360L, 
-341942596L, 938925332L, -1491615550L, 1617036384L, -487943812L, 
-1417867312L, 936143138L, -1686167896L, -2013047924L, 1633883324L, 
-983800014L, 649294400L, 107400372L, -1738185656L, 2126692794L, 
-723816944L, 644794604L, -1038167724L, 951430930L, -53611104L, 
365939404L, 1384900192L, 878591938L, 1566317352L, -1928632916L, 
-1817593540L, 1169430386L, 1544943920L, -1200656604L, 852098360L, 
-801113382L, 1320462224L, -1129413892L, 143724436L, -356403134L, 
2032909568L, -1655524292L, 1351165264L, -724432734L, 1672451912L, 
316903180L, -343110948L, 1042926418L, 237724288L, 489146452L, 
-274422808L, 680138490L, 1841164624L, 1707649836L, -21758092L, 
672390034L, 204471904L, 1701126028L, 1791337312L, -646103070L, 
1739702184L, 1480475852L, -1634009604L, 647857074L, 1444196848L, 
1525273028L, -1888026280L, -1635977862L, 1823773104L, -1110188100L, 
302116948L, 1191785410L, -1019274208L, 423640252L, -1165921712L, 
738523106L, -1829712280L, 1361836620L, -436367108L, 585203698L, 
1044411648L, -520474764L, 1302003720L, 1626389946L, 759727568L, 
-1088660500L, -1711013996L, 538579922L, -1613142176L, -1933656756L, 
-19088096L, -2075384958L, 1958703848L, -1210170132L, 1894720060L, 
-2119974030L, -671606160L, 1659449380L, 1019379512L, 1108993178L, 
-383624496L, -614020932L, -1713097068L, -1159000446L, -12673856L, 
669348156L, 216770704L, 1529537058L, 479141384L, -891741940L, 
205228700L, -319035886L, 947914112L, 286012948L, 800255528L, 
-1999424198L, -348276784L, 599335532L, -1965428940L, 599136914L, 
464361824L, -1325856436L, 1859919840L, -208373854L, 317337512L, 
-1696734324L, -327117124L, 1756232562L, -1571464976L, -1593995196L, 
1594686808L, 738133050L, -2141127824L, 677145660L, 1162789652L, 
2011996610L, -1469284128L, 935561084L, -895928624L, 959399586L, 
525863976L, -2082402036L, -1845941316L, 1973222706L, 1118697408L, 
-1870253516L, -1144636472L, -1702046534L, 384532368L, 1633431020L, 
997797972L, -1058058606L, -2120559840L, 1705682380L, 768801760L, 
1432066754L, -1381905880L, 1503717036L, 1693051580L, -970110478L, 
947919152L, 1433025700L, 207927992L, 585716570L, -388369008L, 
643711356L, 1410557204L, -1752952510L, 1932901120L, 1434209212L, 
-745491632L, 699078946L, -1786888888L, -37218292L, -36388772L, 
784981202L, -870828032L, -1989887148L, 288283112L, -1755131910L, 
-764735792L, 1005245740L, 945520884L, -1409747054L, 206494816L, 
933326092L, -1095237920L, -384254622L, -1236426072L, -653538740L, 
-1690826884L, 2021968690L, -1083394448L, 1582562628L, -933520424L, 
-1441415046L, 1789007408L, -1861221700L, -1208785068L, 1363022402L, 
1897431968L, -977035076L, -726877744L, -1064163998L, -186504216L, 
1483296716L, -2030356740L, 1481125874L, -574972800L, -940525324L, 
-1615436664L, 1369326906L, 1813656400L, 2105359468L, 663916692L, 
-1276704235L, -1850745742L, -1865451328L, -53088983L, 1070404507L, 
143049836L, -1140815750L, 1918472623L, 2098251961L, 291478222L, 
-1809016804L, 957504397L, 990561783L, -1430062848L, -1707223202L, 
1664913451L, 1567788845L, 2108887962L, 2059227480L, 2046051521L, 
495387507L, 1127710868L, -1778096862L, -513919945L, -1852756735L, 
1544294406L, 728606276L, 1669807989L, 1856697055L, -1744998856L, 
-262009322L, -8486365L, -1201893915L, -1941994494L, -1357896080L, 
-284056551L, -42121717L, -879889156L, 1013840170L, -261005473L, 
1944829673L, 909663742L, -343887380L, -878560963L, 1815554311L, 
30234864L, 717014158L, 179584699L, 2135166621L, 2063350346L, 
1031706728L, 1079609425L, 455457603L, 1167420996L, 916671730L, 
1831823559L, 1384352401L, -1336159210L, -538452364L, -1496962811L, 
1507714895L, -13840056L, -1258947354L, -796364269L, 2064958837L, 
-1920353966L, -378990176L, -698521463L, 1227456699L, -1525540084L, 
1896770202L, 1696194575L, 253535321L, -103978770L, -605426820L, 
-195512339L, 1910149271L, -1161258144L, -1381606594L, 1524028427L, 
1660392589L, 1022830010L, 1948224504L, -799193183L, -130252461L, 
-836870028L, -349261310L, -1545638761L, -116593055L, -1364437338L, 
-1530896732L, -1950778539L, 1073960959L, 1585079960L, 454142902L, 
-1166401469L, 904337797L, 770796066L, -177979120L, -1068048199L, 
-1994947221L, 847682652L, -708349558L, 1712657791L, 512088265L, 
1533549918L, 1439161868L, 175837661L, -1615392537L, -1903319792L, 
1471196206L, -372215077L, -1285413955L, 123125034L, -1944059448L, 
2142224113L, -1162915741L, -685382556L, 1214171026L, -389239705L, 
1583686705L, 661597558L, 566864532L, 58677413L, 1640717743L, 
-1527019928L, 1416478278L, 143490035L, -660952235L, -1887959758L, 
-327644928L, -1122119191L, 1031291995L, 2068356780L, 1650342074L, 
1829753455L, 1325826041L, 1165246094L, -1019859108L, -2029620275L, 
