.Random.seed <-
c(403L, 10L, 361315176L, 231146347L, 594992393L, -1336724584L, 
1108050630L, 1353975841L, -560227149L, 2000428578L, 1221754900L, 
-912874345L, 1712754317L, -1830240348L, 644088202L, -51126795L, 
-695406513L, -1560885418L, -1742635520L, -2050117821L, 419178209L, 
-346037168L, 1053715630L, -1502029735L, -662316949L, -631030310L, 
1437902492L, -1569064801L, 1336177397L, -1026871412L, -1244266910L, 
1484579389L, 484289719L, 947696478L, 408786584L, -2006231557L, 
972834713L, -855658456L, 375224534L, -1826292399L, -1688466429L, 
-1766304878L, -110477020L, 1250129895L, 1311935549L, -1389118796L, 
-1298605798L, 775338597L, 1163849471L, 1542632326L, 1322636560L, 
-1423340109L, 879242833L, -1371795968L, 1849576158L, 1329482025L, 
808735963L, -967478294L, -1691442292L, 1656726735L, -682341243L, 
1527301948L, 553088530L, 963564813L, 715030087L, 919766062L, 
-1711019640L, 890081419L, 1669818985L, 334673464L, -968372506L, 
-1844106623L, -443206125L, 650043842L, 940280436L, 1808591991L, 
629527917L, 1696868868L, 839387434L, -678469995L, -70486737L, 
-2061987786L, 40485984L, -585422173L, 590953921L, -155739728L, 
19417294L, -1552452039L, -1288263605L, -1147127302L, 1242592508L, 
1172150591L, 1368667669L, -675494612L, -97327614L, 1740659933L, 
372893655L, -1264422210L, -146094856L, 401136347L, -1923997383L, 
-1225153400L, 1217283126L, -942186383L, -1673432413L, 1061079026L, 
497756996L, -2064374777L, -625737251L, 613211860L, 1237713402L, 
721595717L, 378919327L, 577276710L, 550073264L, 593150035L, 201882481L, 
1820158624L, -1347764674L, 1405711689L, -2054657029L, -389705782L, 
533766444L, -1853997777L, 625255397L, -2132370788L, -1335681294L, 
2066362221L, 1175603367L, -1449211186L, -1947248600L, 1095779371L, 
1031595593L, 1662029656L, -896390650L, -1805954079L, -636620429L, 
507183586L, 553203028L, -1149793193L, -842403763L, -930614300L, 
-2098581046L, -863242187L, 289281679L, -1879177322L, 665758528L, 
2000406019L, 1389591585L, 893759248L, 2026898670L, -1963651943L, 
1511344427L, -1196793830L, 1276861148L, -239678753L, 1582224565L, 
430424652L, -2098581854L, 1491252733L, 1011359479L, -1030334434L, 
1223514840L, -1309159877L, 526572505L, -1311585944L, 1100947606L, 
106233361L, -3033149L, 1059613650L, 457487972L, -1201740377L, 
-764757251L, -1170252044L, 670964186L, -1834648283L, 575745087L, 
-1682506810L, -1688176560L, 901428339L, -637233007L, -1500010304L, 
182698654L, 667393641L, 1135185563L, 1271833514L, 1820624844L, 
1141922447L, 610677445L, 1317493372L, 1831024338L, 1343423053L, 
-1535701241L, -836054290L, -1502025784L, -1653086005L, 1737128233L, 
2109415800L, 526198438L, 218984641L, -705013421L, -488143358L, 
-1403994316L, 2094558391L, 1888697517L, -1278760508L, 1328695786L, 
2071901781L, 1526310895L, -106268682L, 652456224L, -1505018141L, 
1036773249L, 14983664L, -1623646066L, -1009088519L, 810917259L, 
-222443078L, -2075129668L, 1704651775L, 1726175573L, -2068405652L, 
-1956444478L, 437473565L, 436430743L, 1483694846L, -1455064904L, 
-846208357L, 1200615673L, 1804793804L, -1501265696L, 1750153250L, 
865808680L, 633703948L, -355678404L, -1982974990L, -1762653456L, 
487263812L, 157225560L, 350732090L, 931272176L, 370661052L, 538736916L, 
-1663298878L, 2066605152L, -1543982212L, 1452394448L, 902148386L, 
163658408L, 2012994444L, 771885244L, -1087283406L, 1050896960L, 
1095867572L, 584766024L, 1356936634L, 229343760L, -1379228948L, 
-2077621932L, 916611346L, -233173600L, 732369612L, 231464544L, 
1090664386L, 708351784L, 764350380L, 87593788L, -1695815310L, 
334142256L, -60547804L, -1331664072L, 59231962L, 1162364816L, 
-1327599876L, -689701996L, 276369474L, -179727104L, 18785340L, 
435544400L, 1891090594L, 38998344L, 1505199884L, -794197284L, 
1377115474L, 1370559616L, -914567084L, -193482776L, -1248925446L, 
-1511040176L, 1820860204L, -2080700044L, 1520733074L, -1134716832L, 
-1443234420L, -1974527136L, 169933282L, -71289944L, -739838772L, 
925118460L, -75037262L, -882518544L, 1745128388L, -1844570792L, 
1948989818L, -888429648L, 1404500412L, 1714661460L, -37337150L, 
297660448L, 452602044L, 1514422864L, 961012706L, 1757249640L, 
697726028L, 2140457212L, -935687182L, 1760200960L, 454160756L, 
-1420624888L, 572501946L, 972194256L, -395826196L, -1546579564L, 
1266602450L, 1751335264L, -699613364L, -858957536L, -1312985214L, 
783130344L, 476582124L, 1564791868L, -625874062L, -2038579600L, 
1659655204L, 283396920L, -1164039014L, -287460656L, 634290364L, 
-2136207724L, 127313538L, -1220642624L, 1423323964L, -1450460016L, 
216669730L, -1397325816L, -925516532L, -573514596L, -1249280494L, 
623468416L, 1804520980L, 1644849704L, 1625326906L, 413489616L, 
-1581345684L, -1154311884L, 782419602L, 710536032L, -1612389556L, 
-116008992L, 1172129698L, -1970624600L, -1512051316L, 380053692L, 
-959256206L, -1913850640L, 836427844L, 1122783576L, -843385286L, 
1751677808L, -1767548868L, 543956756L, 1629615554L, 1570134752L, 
1375192956L, -765079856L, 570816674L, -1454842840L, 1822958860L, 
204482492L, 1587112242L, 5056960L, 432958004L, 1755679688L, 1832818874L, 
-260580976L, -874925588L, -581860780L, 868933778L, 1252736800L, 
1394117068L, 1515812320L, 1474844354L, 1172448296L, 1897706156L, 
-983612228L, -1179117070L, -930537168L, 1632941220L, 820225720L, 
-1916809894L, 798795152L, 1145156476L, 1298258196L, 1094349634L, 
854563584L, -1303504964L, -1451712688L, -1826381022L, 1908079944L, 
1823889932L, -585910180L, 26266834L, -1605969408L, 1750420820L, 
-1862788632L, 425343994L, -1991937840L, 564804908L, -2109525260L, 
-256013934L, 582628448L, -1681382132L, 1733079776L, 435972450L, 
-1223013720L, 1701745228L, -461110916L, -437910222L, 1747505264L, 
-936855740L, -248730152L, 554613882L, 1900875312L, 917965500L, 
-1257353388L, 705188930L, 242101664L, 711588540L, 1668479440L, 
862678370L, -1315721240L, -151369780L, 505954044L, 146924018L, 
2114431104L, -1030736652L, -606751096L, 800065338L, 1279480656L, 
-848636308L, -449245036L, 1536180562L, -470491424L, -579996980L, 
158699680L, 1438636930L, -589736084L, -1567707270L, -1049266001L, 
2132284345L, -1399310898L, -1710546660L, 203711629L, -1712903945L, 
-1606147072L, 1133717086L, -1245644501L, 322800173L, -948872550L, 
910460504L, 743696833L, 388208243L, 262099860L, 402410018L, -1372785353L, 
1961423873L, -2041480954L, 957254980L, 2079666293L, 1520509407L, 
-1491759816L, 1463500566L, -2051055837L, 1766022373L, 1946413314L, 
-1268569232L, -462142695L, -1818307829L, -2014289924L, 1450761258L, 
-1614147489L, 1041405929L, -1125459714L, 1884489964L, 1510345789L, 
610582535L, 2008775664L, -1839196274L, -845126213L, 363340701L, 
1694964042L, -463113880L, -1665550511L, -2022349757L, -599356092L, 
1073081842L, -756078649L, 1775643025L, -690635498L, -1215617676L, 
-873044987L, 774227023L, 1507907656L, -2041917978L, 397828883L, 
-1237781387L, -213807534L, -1694127968L, -1872797303L, -870469189L, 
2142105100L, -292210790L, -791609585L, -27474599L, 1690484718L, 
1240139388L, 418385645L, -617940585L, -268242336L, -260044738L, 
-309186293L, -966007923L, -1825718086L, 1691174648L, 1646341281L, 
1178990675L, -779287692L, 2086838530L, -900832873L, 1301232481L, 
-390660186L, 570059172L, 252874837L, 482108671L, -2086090344L, 
-870657354L, -1224996029L, 1352210053L, 139205410L, -387588080L, 
-1990493255L, 5065835L, 533794652L, -1780025718L, 656708223L, 
197499849L, -2066782114L, 303717132L, 681001693L, -1026020377L, 
-1926459376L, 1367694638L, 2103792091L, -1768520003L, -1500924886L, 
-1627249464L, -1100709391L, -852111517L, -2037983388L, -1895453038L, 
-44946585L, -49752783L, 623521398L, -2020823148L, 1818643365L, 
633207983L, -721850008L, 1965308230L, -2077536013L, 1578487381L, 
303444530L, -487948288L, -1288854295L, 1933796187L, 1032406444L, 
-1320788550L, -275534993L, -191001351L, 767988110L, 153281628L, 
162936525L, -1473158601L, -1053652800L, 243873694L, 1854086251L, 
