.Random.seed <-
c(403L, 4L, 1416888559L, 975980278L, 1884262944L, -1840531485L, 
924073089L, 1500838640L, -2145349234L, -703250695L, -1661129589L, 
-18475846L, -1317826628L, 567037183L, -303579051L, -1858366612L, 
-608056382L, 1388772381L, 1717279895L, -694650370L, -344647240L, 
210769307L, 2141256697L, 1876779848L, -1349964170L, -349476943L, 
-1175078429L, -1820242254L, 1796186884L, -1444659129L, 1907230493L, 
-285786732L, -460357318L, 82263429L, 140531295L, -787529498L, 
-1797323920L, 912090259L, 1999618353L, -926709792L, 489974910L, 
-1163976951L, -1234976453L, 1090446602L, 206470380L, 551258479L, 
761237157L, 1781055580L, -266102734L, -1007554771L, -554607129L, 
-275029746L, 462538472L, 1155451115L, -744420983L, 1441249560L, 
914533446L, -2116553567L, -925639885L, 1791091362L, 1541478804L, 
939132951L, 1863102477L, -1550256860L, 1330188554L, 571607157L, 
1483310031L, 1517122774L, 1817076864L, 513858243L, -636574623L, 
-1482603312L, -97618386L, 1350215641L, -1134032917L, -31523238L, 
-193374180L, 1580057887L, 1791206773L, -889834484L, -1137404446L, 
1587848893L, 1573151031L, 978986462L, 1770191640L, 101708411L, 
-1437286375L, 1099987112L, 446184022L, -734812463L, 799155843L, 
1732607250L, 1174005924L, -1431910297L, 230517181L, -1366416588L, 
-409114470L, -1548603675L, 574523519L, 490488326L, 989719952L, 
-593366989L, -540516399L, -108694144L, 1214912606L, 1974269865L, 
-1555534245L, 1870721642L, -1528250612L, -180291249L, 1068564997L, 
1839288508L, -1533077102L, -725871987L, 946495687L, 608908718L, 
421740552L, -738954229L, 1484067049L, -1669034056L, -1183684506L, 
-1563813631L, -143003757L, 550428738L, -836753420L, 232190455L, 
1411069421L, -2071071100L, 1904576682L, -2093099499L, -75470161L, 
-146653002L, -657170720L, 516473379L, -1867305663L, 341307440L, 
1069337166L, -604377415L, -1277977909L, -642974854L, -76002692L, 
-1006068033L, -1679767659L, 1676582828L, 1868881282L, -1706794147L, 
1945710167L, -766776002L, -1872077448L, 1414286939L, 321038777L, 
-1244963832L, -1195317578L, 9975281L, -2141074397L, -1949875086L, 
388503236L, 773288071L, -1614359459L, -1375167916L, 1895616634L, 
-1948568635L, 942941471L, 935257254L, 122205744L, -1240634157L, 
-594394383L, -83062240L, -1970203458L, 1912447177L, -1038032261L, 
1453910090L, -1836296020L, -1505820753L, 355740517L, 700514588L, 
1056401778L, -1348765203L, -418984409L, 2563662L, -2036104536L, 
1007812779L, 889997769L, 1835468248L, 1298412678L, 1441929569L, 
1450589427L, -1726233758L, 2101923284L, -1303492393L, 1640798925L, 
-1772803484L, -2075303862L, 959497653L, 1017571599L, -1488792042L, 
1296347328L, 1449633411L, -2020425055L, -1571696L, -1912500370L, 
1079216409L, -659682901L, 166905754L, -1849108644L, 1162462815L, 
90461749L, -1237346868L, 1145287970L, -1368760451L, 474854519L, 
1198344606L, 1657970776L, -498614853L, 2088514393L, 568131816L, 
808698134L, 1296081553L, 2033160003L, -261838254L, 1971461348L, 
864978727L, -1587862659L, -1753639308L, 556419162L, -1503432539L, 
902329023L, 726903110L, 830226384L, 1482745410L, -2147190880L, 
2037032124L, 1718460880L, 81138018L, -53866520L, -446164020L, 
82978556L, -5577742L, 1975381120L, -2126968588L, -2096103288L, 
-1695768262L, 1095600976L, -1440382868L, -1667744620L, 1645823314L, 
1741466336L, -843371316L, -724364128L, 1814721922L, -880900888L, 
-2102450964L, 314153020L, -115438478L, 690666608L, 1027297828L, 
1496270392L, 1764876826L, 1280134352L, -954536388L, -1715685228L, 
776750210L, 689611712L, -2123994820L, -713150832L, 1023300642L, 
1639079944L, 216286348L, 1562426396L, -1375379310L, -67609472L, 
1229073428L, -1037936856L, 483672122L, -432932656L, -76910484L, 
698386100L, -1766634478L, 1062536160L, 1686475724L, -1117160992L, 
-29243358L, -1533752024L, 261026060L, 1949446716L, -1212659470L, 
-525447952L, 1062158148L, -1328604072L, 306458170L, 469121264L, 
1061037756L, -1373937132L, 1564464322L, -1124492704L, 1394741628L, 
-2038682416L, -1620103134L, 1766315176L, -668053108L, -1430855236L, 
-1483502542L, 1567903552L, -936465740L, -79516344L, 1466726074L, 
883137296L, -473544468L, -1066488748L, 157156114L, -1684804192L, 
1462613964L, -1189344416L, -636924734L, -1619844568L, 1739144620L, 
144573244L, 1406807922L, -253755600L, 1331616804L, 1235350072L, 
1598523098L, 386294672L, -1536216836L, 1967745428L, 60898114L, 
-1207086592L, 852997180L, 260754000L, -1460243294L, 1895655240L, 
1290692108L, -93251876L, -857022382L, -1025281920L, -109980844L, 
117208040L, 745698042L, -980119728L, -1735118804L, 41529716L, 
473803410L, -1532243360L, 2074631308L, 1554009440L, 1018814690L, 
1440479400L, -1439538484L, 1321174524L, -1411024974L, -1937362960L, 
-1532215868L, -1653921448L, 823782778L, 1029397936L, 1152866748L, 
626059860L, -2104209982L, 1289480992L, -1089778756L, -791301040L, 
-1904183326L, -402416792L, 1102440268L, 1398110972L, -382455054L, 
937545984L, -582683532L, 793950728L, -1980603974L, -345482800L, 
1859785708L, 1744320404L, 1266640082L, 345256032L, -1913022132L, 
-1187365088L, 702038658L, 148419048L, -769293332L, -56541636L, 
-1979387278L, 658634608L, 199278884L, -1598751176L, -1150644838L, 
1331287504L, 1100509628L, 423697044L, 2005636738L, -1568106048L, 
188620604L, 1168320144L, -2120260830L, 839577096L, -475322612L, 
-1021804644L, -378128366L, -139631744L, -618545388L, 59287848L, 
1776113722L, -437942320L, 1473159788L, 187032628L, -13161326L, 
-771418784L, -1642675892L, -462994976L, 1035941794L, -402841688L, 
1151937676L, -1752929348L, 1613480050L, 193311728L, 310485060L, 
1194062936L, 1217390650L, 629997680L, -87492L, -1701876972L, 
319340226L, 1586814688L, 1419355260L, -1950601008L, -83541086L, 
285393448L, -121496308L, -2110387268L, -321770190L, -1457232704L, 
-527417804L, -1389082936L, 1006079674L, 432375952L, 82553580L, 
1198391892L, 1277896338L, -1273251040L, 1342782412L, 1192826080L, 
901683906L, -1513357272L, 2073093036L, -379039044L, 1849515506L, 
672837168L, 1383843748L, -453974600L, -783349926L, 611109008L, 
208012156L, 241490708L, 1562665282L, -464010496L, 411199420L, 
-486662943L, -342225005L, -766393420L, 188541122L, -301871913L, 
-1289123551L, 1907654886L, 2019288548L, 1397956885L, 316684607L, 
126641368L, -1356477194L, 1829844739L, 1971179589L, 692269154L, 
-1670711344L, -1726821127L, 2016986667L, 2042622364L, -1228893750L, 
-1175391553L, -495893495L, 888042782L, 1837086924L, 1649585309L, 
1967182119L, -1305601200L, 1819633134L, -1058028901L, 499754237L, 
829909994L, -713372536L, -1247243727L, 1475650723L, 1513105572L, 
-1125025454L, -1024015193L, 2091606257L, -957900746L, 472697044L, 
446856293L, -1771358609L, -1239197528L, -466844154L, -831117517L, 
-1163213931L, 1744254962L, 608588864L, 574270889L, 742507547L, 
-1605647892L, -375178758L, 1276763695L, -1972106695L, -307624882L, 
329780380L, 618839565L, -1757674889L, -622120320L, -372881186L, 
-788143189L, 510848173L, -659205862L, -1506146856L, -656007615L, 
-1918126861L, -745184492L, -665480542L, 1122814903L, 686770049L, 
934874502L, -1554374716L, 1152443125L, 1895094111L, 1593080248L, 
-987922282L, -82917725L, 1544595557L, 509402498L, -624091408L, 
-946154855L, -1954785653L, -1182787716L, -1200662102L, 1414951391L, 
-295516311L, -1483182210L, 1299986284L, -1379308611L, -1073203065L, 
-806333328L, 975449870L, -1376988101L, 837925661L, 509809098L, 
1655855848L, -202895919L, -610549821L, -1133688636L, 474396530L, 
1271016007L, 434330129L, -1505004650L, -1564051724L, 1862293637L, 
-1416483377L, 782948552L, 497979750L, -871079021L, -133116683L, 
1013058770L, 476896032L, -1831505143L, -1980066757L, -1818093172L, 
119205914L, -2011972465L, 737469401L, 2025088110L, 2041939964L, 
636509549L, -1862207721L, 725804768L, -393177922L, -1456414069L, 
1622321421L, -683901638L, 1265581432L, 1168406305L, 273919955L, 
1871804148L, -1175050366L, 1146736151L, -318348063L, -873610714L, 
931324708L, 1030925269L, 2119199615L, 1074105880L, 373773622L, 
1376676803L, -311283195L, -777680478L, 1658834320L, -254886599L, 
915495403L, 986561244L, -730415350L, -667012609L, 1646057545L, 
