.Random.seed <-
c(403L, 10L, -899247785L, -596971187L, -2076359452L, 1039980746L, 
-663210699L, -1445946481L, -225582954L, 896303168L, -179361533L, 
466060577L, 1274938896L, 247199214L, 1064479129L, -1137252821L, 
1502211866L, -633489956L, 2135038943L, -1873089611L, -895003316L, 
-1584634974L, -1727575299L, 1245918199L, 681544990L, 1941614552L, 
-1213750981L, -109988135L, 393456232L, -410010730L, -1656545519L, 
-736802621L, -237299502L, -570090140L, 371630247L, 1032271357L, 
918644724L, 73461978L, -1999928795L, 770973503L, 1389817030L, 
-1080811184L, -1526828685L, -894338159L, -1387352640L, 2030331806L, 
-221529751L, -994190949L, 1711516842L, 2092235468L, -591527025L, 
1091762117L, 1816951676L, -2144451630L, -1401056435L, 1367593479L, 
-300486162L, 1853361352L, -2144468021L, 1987642921L, 1882311800L, 
-1433024090L, 465398721L, -944822189L, 267337474L, -830821836L, 
-1249394761L, 2140225453L, 2010242244L, -977760022L, -1780316331L, 
369367279L, 1455345398L, 1252194848L, -1427804189L, -670956415L, 
463590128L, 517634446L, -1735846151L, 176612491L, 639077562L, 
2027276220L, 97645823L, -1420732331L, -1173492884L, 1253278658L, 
955040797L, -328649577L, -186596866L, -41303624L, -36778597L, 
813143033L, 908221256L, 836154998L, 202715057L, 1163678179L, 
992728754L, 1596975876L, -44656569L, 485691165L, 815994260L, 
-1220134598L, 453010821L, -972247457L, 2106980582L, -1888208016L, 
-318514029L, -1252374223L, -598962208L, 221934718L, 1732589321L, 
1770191163L, -1879499510L, -1235069716L, -530103953L, -201750875L, 
-1872701348L, -148508622L, -1327519955L, -340843033L, -1829005042L, 
-53575960L, -2076339989L, 1897337225L, 1288868120L, -2035932090L, 
-827937631L, -2035993805L, -677176670L, 970322324L, 434192407L, 
-1902471155L, -359477980L, 1228470538L, 357027957L, 1782135759L, 
-430445354L, -449766272L, 1957429955L, 569273441L, 1626098896L, 
1720999470L, -866312231L, 698597355L, 2069255770L, -1679855588L, 
377589023L, -1529713291L, 832986124L, -537838110L, 1560444605L, 
-281536201L, -953565730L, 1623331608L, -1486841221L, 1640388633L, 
1744113832L, 1146245718L, 1281285841L, -294408573L, 354739474L, 
230248612L, 814747751L, -809180739L, 771500852L, -1298554726L, 
1830938341L, -1680928641L, -1978742266L, -789613168L, 2143848499L, 
302376913L, 178023808L, -1983340450L, 2010894249L, -2120395173L, 
-125015446L, -1502849268L, -602988209L, -542492155L, 219367612L, 
-1759387246L, -902104435L, 1753508039L, -169189970L, 1514571784L, 
199400459L, -184583959L, 1506121656L, -1188630426L, -773734143L, 
2043418515L, 954492994L, -842645516L, -1738237449L, 568544749L, 
-24568188L, -95043414L, -477524459L, 1747595951L, 856377526L, 
-1900476704L, -690521565L, -673503935L, -816261072L, -1295941042L, 
-1980553543L, -1144642869L, -429698182L, 1130889852L, 1094694591L, 
-1622884459L, 722663340L, -697662078L, 1239591773L, 1078240855L, 
354907454L, 151577976L, 944150107L, 2071978425L, -1611652088L, 
1320214198L, 677088753L, -1111964637L, -678306702L, -594411836L, 
1349916807L, -668238755L, -966696364L, 1673856344L, -758030278L, 
2033742704L, 671315004L, 1191934740L, -705952318L, 1164246240L, 
1481236348L, 129554128L, 440789666L, -697744344L, 1223241996L, 
-1353499716L, -1283138254L, -648820800L, -1386465740L, -151272504L, 
-646873926L, 1980587920L, -2125938196L, 470684756L, 1063078546L, 
-1084134624L, 1731471820L, 1470854112L, -1158639934L, -1743432152L, 
-78033236L, 1939603132L, -1015823886L, 1402466608L, -1719400284L, 
-1458095432L, 271890266L, -1765749360L, 956407164L, 385812756L, 
1002538306L, -677620992L, -1252539460L, 163083088L, -1616257758L, 
2141292872L, 1716902924L, 491295836L, -436140846L, -1161169920L, 
1474520916L, 7821800L, 1593713658L, -1628904752L, -1606038228L, 
1310147828L, 1710248850L, 683021408L, 1426782476L, 1047229152L, 
409681250L, -1512163672L, -191013300L, -1774759044L, -763781326L, 
-1924773264L, -751292092L, 119810008L, 775959674L, -1022490064L, 
-1906305348L, 1298253652L, 1596831298L, -312813664L, 1863042236L, 
213701072L, -1198165662L, -2105438232L, 2088465356L, 1933391612L, 
263418866L, -1022669696L, 1848264948L, -1460854648L, -253169350L, 
699599696L, 743329900L, -783012716L, -429877934L, 89848544L, 
-1906443060L, 558785696L, 1095124354L, -1402137368L, 2046174444L, 
-1455642564L, 1223076978L, -1727198096L, 914625060L, 925054520L, 
1217602074L, -905982768L, -1579758020L, -1481652076L, -2027391870L, 
-1059048512L, -1665840836L, 1661537936L, -1685023710L, 670810120L, 
1607910540L, -1556448228L, 1160417426L, 789748864L, -1549333484L, 
1961568040L, -1691905990L, 519395536L, -477986708L, 317773492L, 
-1891369966L, 2034488288L, -229628980L, 26888672L, 2075858978L, 
-2076816088L, -1905475316L, 717636156L, -784701198L, 1353575664L, 
1526521668L, -289211304L, -1170833862L, 1875269872L, 26101436L, 
-846814700L, 436872386L, 1875892832L, -2050399876L, -1359340336L, 
1368436770L, -1695796056L, 779415948L, 1630302652L, 1023601714L, 
-401223872L, -1563718988L, -1901691576L, -42699078L, -40752368L, 
-2140841748L, -66163628L, -720293102L, 1243524512L, 847202252L, 
1305975648L, 2139786434L, -2117258712L, 1742855596L, -800746692L, 
-1132691598L, -630649040L, 2074045476L, -475508168L, -1748511014L, 
-281148528L, -773046020L, -1241085548L, -1783665854L, 935834112L, 
-1613425604L, -1398683056L, 1853527202L, -842295480L, -1159617012L, 
-1112717604L, -13565870L, 669810816L, -1372183724L, 967324648L, 
-1174961414L, -529862832L, -992915412L, 1907405172L, 743373458L, 
1561891424L, 1734061196L, -1654727328L, -1054916382L, -4372312L, 
-1952423220L, 352937468L, 1481930674L, -437551120L, -2000085564L, 
895940952L, 1749839226L, 570060208L, -944793156L, 1268009556L, 
1905450434L, -961627360L, -1731585092L, 1071113296L, -666662942L, 
1984949096L, -458213556L, 616209148L, -913091854L, 708649216L, 
40486004L, -206112248L, -1307291206L, -435398192L, -981281812L, 
-2093688940L, 93959378L, -229486496L, 161556812L, -1832579296L, 
978178690L, 1945145832L, 710882284L, -2116313540L, -1921138062L, 
468731760L, -1260510940L, -1085665736L, -1562911334L, 757233104L, 
649407646L, 2104447339L, 1869613293L, -1327156902L, 1669712408L, 
2057951105L, 1240634675L, -1595663532L, 1256090978L, -1389163017L, 
-348002751L, -1110187322L, -114961404L, 497951669L, -1416069985L, 
1968396536L, -514027306L, 1127078243L, 845280549L, 1646564034L, 
1514233776L, -2039766055L, -378557109L, -831534148L, 1462817770L, 
1613861919L, -399207767L, 1691620926L, 1573882668L, 55641469L, 
1352682439L, 1671101104L, -736859954L, -1871511045L, -656682403L, 
-1406415478L, 1267078568L, -1075528943L, -1411868157L, 1712483588L, 
1091332402L, 827553671L, 1292920273L, -246786218L, 795698484L, 
2013604933L, -1680616305L, -1194753528L, 758054438L, -2115483949L, 
-747784139L, 218175378L, 586082144L, -1473092919L, 418899451L, 
-1549004340L, 526309466L, -46357169L, -1276859367L, 216805934L, 
-1916817348L, 672732589L, -1830148521L, 8853408L, 2063332606L, 
-1974237237L, -768421427L, 1468900602L, 1451206456L, -1535003423L, 
-1607133293L, -646902860L, 62456002L, 1170576599L, -285425375L, 
-380466970L, 4718052L, -704177899L, -880586433L, -345801512L, 
-775523082L, 1721454339L, 1568680005L, -40449950L, -1732182064L, 
1900250361L, 885870123L, 136337820L, 421816778L, -984880449L, 
-1275683831L, -559964898L, -2090499892L, -2004360035L, -357844697L, 
-427359408L, 1074961902L, -171054437L, -1136231171L, 453977066L, 
-1966754680L, 479070769L, -1811710813L, 298606756L, 1578029394L, 
670379175L, 770509041L, -1011687370L, -1931804460L, -1685244827L, 
812854895L, 820957352L, 27491846L, 848011059L, 259480469L, 1476800498L, 
905710656L, 1360459177L, 1486871579L, 828053996L, 209617402L, 
-456907217L, -1964588487L, 1412635726L, 1643578524L, 899249677L, 
417299063L, -400946560L, -1058660130L, 201567147L, 2019280045L, 
-570091238L, -1747989032L, -1270516159L, 1654959347L, 1986509588L, 
-342074718L, -2106313801L, -1410961535L, -798403194L, 334133188L, 
-1722475787L, -370725025L, 2134716856L, -1082472298L, 1017851555L, 
