.Random.seed <-
c(403L, 10L, 1577813020L, 1512358175L, -685969035L, 1860612108L, 
-790939166L, -1879481667L, 5348663L, 1651327454L, 324273944L, 
1255558779L, -343221223L, -1821184856L, 769001046L, 1573806801L, 
881070723L, -836810478L, -400495452L, 2015812711L, -1709533763L, 
70829876L, -478956390L, -2066810139L, 1064313983L, 1315061254L, 
-1019106928L, -1397263309L, 1705991121L, -181071488L, 1679113310L, 
-1752122455L, -255376805L, -1085352342L, 1550760716L, 1703275855L, 
-578406907L, -2146517828L, 1057783186L, 812185229L, -94106425L, 
2040818094L, -237104120L, 1180289035L, 1250745577L, -787694664L, 
1122493542L, 677332225L, 1160053651L, 1164837954L, 278191092L, 
-1294150153L, 1674996205L, -2055083388L, -802583382L, -306537963L, 
-718469457L, -392010570L, -193809696L, -1768600029L, 1719832897L, 
-986878928L, -403745202L, 1447273145L, -274606389L, -963629190L, 
-1561258372L, -255880513L, 4174741L, 1838494636L, -1928218238L, 
-859652259L, -1187589545L, -1267574466L, -942327432L, -1734225317L, 
-666864199L, 694945800L, -885081418L, -719359503L, 1968236579L, 
1901242482L, -1933821244L, -1150268281L, 1279688797L, 459163220L, 
-2088426374L, 2066517957L, 1960038687L, -728661850L, 770646576L, 
-2133354285L, 145839857L, 170489376L, 82043070L, -34216759L, 
-2006151557L, -1940833206L, 1314587820L, -1068637265L, -2032187547L, 
1050205468L, -501324430L, 285289965L, 1879859751L, 1477718606L, 
-667847000L, -1916433237L, 1669885385L, -73506344L, -539797370L, 
-1819622047L, -1857931021L, -1079072926L, -1293422124L, -617524009L, 
1314477773L, -253436316L, 163912778L, -2062026315L, 758596879L, 
1128608278L, -1190318912L, 1031416451L, 582932129L, 400349328L, 
-628182162L, 294223129L, -43160149L, 576400282L, -1068203172L, 
-329727393L, -538064331L, 164983244L, -837662430L, -1508865155L, 
-377804681L, 350420382L, 814167128L, -1608437317L, 1095386969L, 
2067932392L, 1285901590L, -1017483631L, -499473597L, -1823072686L, 
282472676L, -1463385305L, -839510147L, 509114996L, -943569830L, 
-1992147803L, 1720182463L, 932773190L, 1970308048L, -884994573L, 
348915985L, -969755328L, 1466168606L, -895675927L, 922641179L, 
-1787597526L, -232397236L, -988118513L, 614659397L, -1471195396L, 
1801399634L, -1523809587L, -1813751161L, 556744046L, 1837397832L, 
-1169894581L, 631372457L, 84938744L, 72310566L, 2072715329L, 
1659015635L, 474971010L, -40841292L, 1944667959L, -1860428243L, 
-899395772L, 234638442L, -1746192683L, -1792171921L, -450190986L, 
1687530144L, 385226595L, -1916781567L, 669706096L, 2040082190L, 
-1369716359L, -542769909L, 2053998138L, 1056595260L, -1916251521L, 
-1261577771L, 2031261676L, 2024483138L, -208587107L, 1136173847L, 
1724412542L, 447611448L, -1318595301L, -1369759111L, -82813240L, 
-1682860298L, -430457039L, -1090406557L, 1431743794L, 960679556L, 
732900039L, -1856288355L, 1773002004L, 1139782586L, -2094082555L, 
504371167L, -1156092314L, 224213488L, -2130176237L, -1943709519L, 
2077494112L, 1459812606L, 820717705L, -1651034181L, 2028581258L, 
115744876L, -1520090641L, 180705829L, 291410612L, -321004216L, 
-1043437894L, -1480191216L, -1677231892L, 1783241812L, 2051210002L, 
-659006048L, 1975318476L, -1102486688L, -122024766L, 1677132328L, 
2139680172L, -146900164L, 1399693170L, 2000363312L, -1701989340L, 
-606064072L, -1433131302L, -906456176L, -544798468L, 607404436L, 
1114215234L, -1538762240L, -808627140L, 113973840L, 1728918690L, 
1729279816L, 184442380L, 643165916L, -1208856494L, 1865711744L, 
277228372L, -916106264L, -544341254L, 423915344L, 1214967852L, 
-1989123724L, -596196718L, -546155936L, -863447924L, -1718377120L, 
1737418978L, 1400320168L, 335022796L, -183683588L, 1572151218L, 
-2070706192L, 1945167300L, 1196054872L, 602862970L, 1969837488L, 
-1458652740L, 1134529108L, -1266864702L, 461282080L, -685700164L, 
1280107600L, 1643843554L, 338727784L, -95598772L, -1980912900L, 
-1394738446L, 461361408L, -1741884300L, 596068872L, 105306554L, 
-145692208L, -375550996L, 1082914708L, -1363829550L, 1625114720L, 
-735817396L, 593917728L, -506307966L, -975935000L, -2125859860L, 
1972276796L, 1116351090L, -267997328L, -1546731228L, 1942416952L, 
1656921498L, -784136752L, -624025156L, -201289068L, 1903060610L, 
1061499328L, 168980284L, 1980982928L, 2105815842L, -1528789496L, 
870774540L, 1275549596L, -847130606L, 2115068800L, 49942292L, 
1325656360L, -290623430L, -1070250032L, -295220628L, -612049868L, 
1702659218L, -859280032L, -1953132212L, 376797664L, 1831120802L, 
708104104L, -607935348L, 1358046140L, -417875854L, 2094621680L, 
-1750966204L, 1888486488L, 484728890L, 1034608752L, 692662844L, 
1091336980L, 425270978L, -1466405152L, -2022140804L, -753868592L, 
1981748130L, -1889893848L, -246495988L, -855503940L, -545667790L, 
-991929152L, -339046860L, 888633032L, -1915529542L, -1233624944L, 
-1286878484L, 255212116L, -979583342L, -1024967904L, 735710156L, 
475262176L, 693611202L, -1326862296L, 356273068L, 1372129980L, 
-1464404494L, 1663551024L, 428986276L, 1679005112L, -1478885542L, 
-1742919536L, -271258756L, 1618977556L, 1542058306L, -825343232L, 
1977122748L, 180822864L, 1078375714L, 635457096L, 367253516L, 
597008476L, 1199598034L, 523766272L, -983236268L, 1843361000L, 
1887988986L, 1491941072L, 1879448876L, 1648625908L, -485030510L, 
-1779713696L, 763500556L, 727576288L, 1108363874L, -1676190040L, 
955528780L, -313238660L, 1407833394L, -668901776L, -1468626108L, 
-717974568L, -919326854L, 1198199344L, 317377468L, 1596269140L, 
-471511998L, 1127381152L, 437695164L, -1062134320L, -2072217758L, 
-1742916888L, 1852380364L, 762957308L, -871335438L, -1502603648L, 
2047854068L, 519398024L, -1873807558L, -1484087472L, 403643500L, 
96890260L, 957914194L, -1425085984L, 371356876L, 1293336736L, 
-76600958L, 1230813416L, -1365921044L, 952055100L, -748684174L, 
-801315728L, 47098916L, -2119532488L, -1263969510L, -252322608L, 
156764988L, 2015754132L, 1654312834L, 43460032L, 1890398780L, 
228485520L, -483972574L, -1786344184L, 163469964L, -94615780L, 
-1278205806L, -1549622912L, 651035156L, 1345733416L, 357828154L, 
-848988744L, -1313125226L, 179290787L, -1891883931L, 967545218L, 
1804684016L, -1780154727L, -959929717L, -1339505796L, -566864470L, 
1405328863L, 1726376809L, -1140143234L, -677895316L, -1167726659L, 
1977783431L, 1669408880L, -574196978L, 750477371L, -112767203L, 
585924042L, 1592760040L, -132515375L, -2124321853L, 495133892L, 
1499102066L, -193067449L, 1269593617L, -1776437354L, 1813080820L, 
1497447557L, 680567247L, -589286200L, -1096215194L, 1378944915L, 
2018060533L, -1165459246L, -1615892704L, 936562441L, -2008623045L, 
536087948L, -1410661350L, -759113585L, 1523036121L, -1828073362L, 
-1800596484L, -242106003L, -2135352553L, -1241117984L, 96762046L, 
-544631157L, 1310371085L, 1211810106L, 1689121144L, 1135362849L, 
696390611L, 1040759540L, 894866306L, -1293278697L, 1419251937L, 
980270630L, -212134108L, 1006942165L, 511291263L, 406518296L, 
1334188342L, -1094080573L, -88766971L, 1202218402L, 2013817232L, 
970101049L, 1503127019L, 335865564L, 400167690L, 1220984319L, 
-887913399L, 1921660382L, 1701528972L, -460418723L, -1791497881L, 
1977432720L, 886944942L, -723712677L, -1678759619L, 343315370L, 
-555785144L, -2082796431L, 2047691235L, -228711196L, 1443921938L, 
-656755737L, -2056201295L, -101173770L, 317560852L, 1788049189L, 
404033583L, -991086104L, 53632710L, 900767603L, -1598294059L, 
911724466L, -1842226816L, -2138603159L, -390658597L, 1234074924L, 
1350764346L, -1568491025L, 1154980985L, 702000910L, 1712417500L, 
1980016973L, 1004594359L, 1922842176L, 6942494L, -1850399253L, 
1864604013L, -1139214374L, 584855960L, -1938726911L, -2042588749L, 
377391316L, -840348190L, -2013620105L, -1034367551L, 815245126L, 
-682708348L, 677469237L, -1710597089L, 1452227448L, 880673366L, 
155684579L, -429037403L, 1345599810L, 745111344L, 1939909465L, 
-1669955381L, -499068612L, 42016106L, -1494845537L, -93887959L, 
