.Random.seed <-
c(403L, 4L, 1048793684L, -311687046L, -1123742779L, 1941724447L, 
-672117594L, -149291472L, -1202436909L, 108145393L, -1004692960L, 
-1685447490L, 1098631369L, -815662469L, 1122422858L, -906297172L, 
721287087L, -240942235L, -1245365988L, 1695662450L, -641023507L, 
-1743722969L, 63669838L, 1452321448L, 1241344171L, 1581175241L, 
1221344728L, -2080281466L, -1239592607L, -1332398861L, -1131553950L, 
-410315308L, -1505484585L, -1501752627L, -1294503324L, -16332726L, 
36486581L, 496681231L, 713235990L, -995985216L, 742133379L, 1218013857L, 
914685072L, 721278830L, -1491816167L, 481890731L, -399708262L, 
1974902620L, 1771105887L, -899768779L, 1150262732L, 724106530L, 
204531581L, 338279543L, 1897521566L, 1189763160L, 2126489019L, 
1679199065L, -1198122776L, 5355798L, 666225297L, 1594664771L, 
135623250L, 960337124L, -396861657L, 230579069L, 1905761908L, 
-2067799974L, -1297745755L, -970954049L, -1930686138L, -671774768L, 
-740281869L, 380984593L, 140941632L, 563570974L, -1227616791L, 
1550352155L, -74258134L, 1120789068L, 1420615183L, -670846651L, 
2090334972L, 591270226L, 1470527181L, -39457145L, 216177006L, 
-122121400L, -869267637L, 648253097L, -1734183944L, -1982239962L, 
-1347552191L, -1572958765L, -1245651070L, -2126457932L, 1505864503L, 
476211757L, 69258052L, -2010390422L, -570098987L, -546954129L, 
-294167178L, 2108245664L, 1573667683L, 614295553L, 283825008L, 
-1669096690L, 1607456121L, -1998262005L, -418860486L, 604006716L, 
-1235261825L, -602739243L, 1771054060L, -986172094L, -1418859875L, 
1122617111L, -517757314L, 133957176L, -794001125L, -736926087L, 
-1242012984L, -1465830666L, 1051917105L, -1182282909L, 1447043378L, 
-592338300L, 624660167L, 1138300317L, -1322401516L, 861843386L, 
-1321391611L, -1836737569L, -669052314L, -805958160L, -1741366509L, 
1323885745L, 1437726560L, 851105022L, 1050211465L, -1243794501L, 
-178119286L, 1200094316L, 1943836143L, -1478447579L, 1875110620L, 
619118770L, 1230558125L, 1143326567L, -1228606322L, 528413032L, 
-1428983445L, 1384088329L, 1641149848L, -945224506L, -1086964191L, 
1927012019L, -1370799070L, -517177836L, -1924943209L, 1793617037L, 
1501798820L, 571001738L, 1382508533L, -1619220913L, -1520508586L, 
-2085344256L, 410772803L, -192362271L, 611328592L, 1890549422L, 
1875159641L, 416723563L, 1333893082L, -222947172L, 2004261535L, 
-1867745035L, -451960436L, -1860973470L, 510368829L, -1248334153L, 
-935965346L, -1138273128L, -1431568389L, 760620441L, 1009841704L, 
766963414L, 2092845905L, -1860186621L, -875417198L, 1005973284L, 
758284775L, 2047372861L, 872986804L, 143232794L, 796828773L, 
-1618498305L, 816946566L, 1303827216L, -1241978957L, 256937041L, 
-1500057600L, -388521762L, -46474455L, -402495781L, 1625806314L, 
-1278984820L, 1353364175L, 431713925L, -1074672324L, -1452994542L, 
-1957421299L, -540386233L, -1093390802L, -482461816L, -1195933045L, 
-957598615L, -1230473160L, 1772335334L, 1283266689L, 693534739L, 
558106562L, 929865844L, 678155895L, -778729619L, 1380857860L, 
-1588743382L, 1148225685L, -1274866224L, -1108004420L, 1751509652L, 
2122339970L, 2142353856L, -1024901316L, 1308149392L, 1322832674L, 
1148841480L, -1130637556L, -466002020L, -1114650606L, -2007444608L, 
-1971192044L, -1144628952L, -160315334L, 1347725264L, 419799660L, 
1220252724L, -2024481646L, -510655136L, 967176524L, -809700896L, 
813270946L, -718655576L, -1341399924L, 144481212L, -287416206L, 
1335579632L, -589852604L, 2116277336L, -1231071174L, 639914096L, 
-1263359428L, -238232812L, 407662274L, -1339121952L, -1170123652L, 
-1529290544L, 1899508642L, -1624235480L, 739966220L, 280619964L, 
1854303538L, 65524928L, 1434754612L, -484624696L, -1707725126L, 
-119764848L, 476465900L, -1810566572L, 252532370L, -1351357664L, 
554560460L, -1953872672L, 2144602818L, 2104426536L, 1534919596L, 
-38042948L, 1595969010L, -584585680L, 1386571684L, 1346758072L, 
337684314L, -69482352L, -1868102788L, 1429314324L, -1411382974L, 
23851776L, -2023360580L, 52626256L, 1721830690L, -907549112L, 
341280780L, 1479055452L, 96117202L, 1668268544L, 608385364L, 
-1321614104L, -300081926L, -155345200L, 261518636L, -1159849740L, 
-1522573934L, -672902816L, -500010996L, 658425568L, 1925433954L, 
952805032L, -181373364L, 1278321532L, -882141902L, 679556720L, 
-2144212156L, -524823592L, 562245498L, -1637316048L, -791061572L, 
1321992788L, -1000119230L, 282869920L, 122538684L, -1795592752L, 
609400674L, -573404440L, -859212596L, -1892172292L, -2117031438L, 
1583933056L, 1342039540L, 1235235464L, -1286426822L, -1403900080L, 
-747283348L, 31970708L, 1918391378L, 769227232L, 1442245836L, 
1644476576L, -1946158718L, 1483081960L, -934614292L, -917170884L, 
-438971278L, -1221645200L, -236915676L, -1105510344L, 86782746L, 
65979600L, 741557052L, 79343508L, -1154173054L, 1332321728L, 
-868388292L, 1577245072L, 1749606946L, -1716191992L, 2072740492L, 
-1815591140L, -1875715950L, 391367040L, 2087578132L, -557567192L, 
-401862L, -1310457392L, 1619969388L, -1110582348L, 105925650L, 
342284768L, 1345141708L, 1641830624L, 2118914082L, -1373090520L, 
-1555436020L, 2028784444L, 1400169458L, 737324784L, -192335292L, 
1388654168L, 248443706L, -2008407568L, 1623113404L, -1372959468L, 
-1532193086L, 1424840800L, -461019268L, -273028144L, -1227354846L, 
-955984216L, 428829580L, -769016644L, 54994738L, -1693828544L, 
-1518968652L, -1390646712L, -1571140166L, 959160848L, -868567316L, 
-392333996L, -2023394030L, 1760426400L, -1250502964L, 798289504L, 
542587842L, -1275942104L, 297974700L, -2091950276L, -689455758L, 
563654448L, 757921060L, -1743658184L, 281665242L, -1359123568L, 
2071059196L, -1503042668L, -1494622142L, -900783872L, 1521957948L, 
1479382352L, 369004706L, 1850131784L, -434861300L, 57125596L, 
-207146670L, -645044096L, -987198380L, -70753304L, 832175354L, 
292011856L, -170027220L, 935124340L, -1291935854L, 1121664096L, 
-1882315380L, 1586729824L, -1160940062L, 924861352L, 1492232396L, 
-682306564L, 1257193906L, -1267036688L, 1949573060L, -1642198696L, 
-2021139078L, -31799376L, -619561540L, -1172245420L, -460024515L, 
523683754L, 323780680L, -1023715215L, 590722531L, 228585700L, 
591289362L, -223070233L, 1506729905L, 1868648950L, -488399852L, 
2015560485L, -1917692881L, 2129184232L, -293293370L, 2012838771L, 
840737749L, -538350670L, 362868096L, 1941894505L, -1194329637L, 
-1899978452L, -325401798L, -1602945553L, -1705703303L, 749343502L, 
722249436L, 2099893581L, 1224722615L, 661049920L, 222022430L, 
1824158187L, 326344045L, 1416405978L, -1067489896L, -204706815L, 
-1431302733L, 310629588L, -150044190L, -822223753L, -2140995135L, 
-950150330L, 978273924L, -1409134539L, 1132314655L, -270719112L, 
-1914069418L, 740791011L, -236661595L, -1637122750L, -1498723536L, 
-816812199L, -973429557L, -521423556L, -1944657558L, -725734497L, 
1455138345L, -1983756098L, -2008018516L, -1325093123L, -1692165561L, 
-1268803280L, 1091297870L, -722351493L, -631178787L, 1008455690L, 
1528656168L, 1055928209L, 211960195L, 628809348L, 1572699314L, 
-1360700409L, -1377646511L, -993454122L, 1686435508L, -634616123L, 
1360197647L, -117258104L, -692029018L, 1509040467L, -1448324427L, 
-2087188462L, -2045326880L, 1287035977L, -1936889221L, 2103800652L, 
224376538L, -113726769L, 1737267865L, 1950709422L, 585589692L, 
954285101L, 1471992791L, 2010659360L, -1097163906L, -2028862133L, 
-1952110771L, 483503482L, 338489272L, 1031034209L, 67971347L, 
-376979148L, -785147070L, -1782260905L, -1467229535L, 1142963046L, 
-2074102428L, 1804501141L, 1169625535L, -2923176L, 1574837110L, 
293443971L, -894272571L, 1358536930L, 1103435088L, -885869447L, 
269666219L, -538809060L, 1327770186L, 1333972543L, 1312416393L, 
1700054686L, -236399796L, 631698205L, -1317813593L, 395012560L, 
-956653202L, -1165210597L, 1416988029L, -1100115094L, 320955912L, 
2024102577L, 1005069603L, 1309824548L, 134552786L, -12640985L, 
