.Random.seed <-
c(403L, 10L, 1011509442L, 2004829044L, -1272803465L, -465373075L, 
880793348L, 385492522L, 1687620501L, -1394134993L, -1712764618L, 
1291938144L, 828680099L, -180506431L, 935100592L, 363483086L, 
720061241L, 580029259L, -169811718L, 2085411324L, 660912703L, 
-1648292075L, 429579308L, 600294658L, -447549987L, -1347130153L, 
1606023102L, -537894408L, 1921537499L, -1882129351L, 384028040L, 
1395001654L, 1747211121L, 364695971L, 1245285618L, -1778495420L, 
814105351L, -962358563L, 1297087444L, 2119809786L, -2077991355L, 
824395423L, -351003610L, 729168048L, 823820627L, -1296434063L, 
1162117536L, 473161022L, -412074935L, -480593669L, -1707724598L, 
-2060220884L, -1986995665L, 1069830885L, 715057052L, -35073550L, 
304299117L, -571109977L, -939395122L, -295152344L, -148846805L, 
1698745673L, 1601163864L, -812586234L, 753977057L, -1683565965L, 
1601362658L, 2147411540L, -586731689L, 997524301L, -785946908L, 
823207626L, 1971201845L, -163738225L, -757257578L, -937196992L, 
-107445501L, -971082975L, 1664332816L, -1421503506L, 435970969L, 
936352811L, -1610585830L, 1531628508L, -1684001313L, -1956677195L, 
278878028L, -859714142L, 2018335997L, 1046856183L, -1397289186L, 
-1946480168L, 185551675L, 570916057L, -1091063704L, -1282878058L, 
1996025105L, 1232707267L, 416317138L, -101202076L, -1419044185L, 
-799529987L, 947729908L, -1293708582L, -1263369179L, -549918401L, 
-1744818490L, -1307827376L, 89766771L, -79262319L, -1675948096L, 
-1258272354L, -1082764439L, 1618945947L, 1463316138L, 2003347660L, 
-1461634673L, 472608197L, -975982212L, 1443684818L, -867484339L, 
-2031599609L, 1847259118L, 203396808L, -1906300469L, 228080681L, 
-2053338504L, -239511642L, -408952383L, 1885353555L, 527293698L, 
-570266572L, -947909193L, 343417261L, 771973828L, 833255146L, 
404396373L, -1566544145L, -586658570L, 1260223520L, 419904995L, 
-581099903L, -400320272L, 1623299982L, -465671943L, -165416309L, 
-1945283910L, -1290068548L, -1981167873L, -244544939L, -1340887700L, 
1947018690L, -177289699L, -1541865833L, 2109470718L, 2087371704L, 
455303067L, 433817081L, 115705160L, 2055671926L, 1806933425L, 
1244382179L, -526483278L, 992718084L, -328929721L, -18851555L, 
-80914540L, 27728698L, 272050053L, 1429115999L, 235560678L, -830921360L, 
234426003L, -589777103L, -610374176L, 13736574L, 1958021385L, 
-625808581L, 854893322L, -431494420L, -1851889809L, -1455077211L, 
-1977802148L, 1750897202L, -380053203L, 1001758695L, 1498933006L, 
-1648330520L, -438793493L, -665025655L, 1893457688L, -1795521978L, 
1059857057L, -1782381261L, 1381973154L, -971099244L, 1359718935L, 
-1400525299L, -484488412L, 973657866L, -1348633995L, 352381391L, 
713716438L, 1859196544L, -1034708797L, 1144182369L, -178327856L, 
2120071214L, 665210329L, -2034486805L, -619596710L, 696765980L, 
-793788641L, -772582539L, 1657412108L, 890936290L, 777087165L, 
1672746807L, -1497702434L, -912290536L, 1159094395L, 1566995993L, 
-958128472L, 218557526L, -556111663L, -1999940477L, -948422894L, 
143069860L, 1757961831L, -1973630480L, 1687529924L, 1720901976L, 
-1055931014L, -1518571088L, 26595260L, -527495084L, -422632510L, 
1072038944L, 1377017020L, -420799920L, -4128798L, -1749805464L, 
1488853580L, -1530797828L, 1993256946L, 1287101696L, 1795913588L, 
-2002280440L, -26270278L, -1782546992L, 763216876L, 946208660L, 
-1418118190L, -1703954592L, -1085823668L, -413577952L, -265747582L, 
-1560134936L, 68461804L, -1519408580L, 999033714L, -2143425936L, 
-1418086364L, -1953560776L, -1891406694L, -1071942960L, 150749372L, 
2009601684L, 1126344322L, 1910660288L, 1055191356L, -1404981104L, 
-2026853854L, -219978232L, 1029849356L, 1359090332L, -1105514990L, 
438709632L, -1038442988L, 2059621928L, 909862202L, -595376176L, 
-1415474580L, -1617713356L, -2134728046L, 818035040L, -843460276L, 
952922080L, 1689526178L, -724912216L, -1851372660L, -308812100L, 
-678884494L, -819152656L, 1240881220L, 1891147096L, 2146915386L, 
443007856L, 1393050684L, -685364460L, -1610397246L, 1331527904L, 
-1390217348L, 181067472L, -1275361630L, -165985240L, -247289588L, 
-262310980L, 36879666L, 242360256L, 1949209140L, 1736203208L, 
-1424186182L, -331927664L, -1624631828L, -1486634924L, 925884050L, 
652737312L, -169144884L, -228557856L, 1449214658L, 1121786408L, 
-1581236564L, -329248068L, 930312690L, -1379874512L, -147936092L, 
674734776L, -1306170534L, -1562432112L, -267013764L, 792055060L, 
-908973758L, 1194844928L, -985211972L, -758621360L, -1315331806L, 
868048200L, -1193183220L, 404093020L, 1751508178L, -762132480L, 
1208867668L, 794673640L, 1524856826L, 755644112L, 767632684L, 
243673332L, -352688238L, -382526368L, 1480596748L, 1631012576L, 
1149402466L, 1010180776L, -2069046708L, 1459017596L, 1613638450L, 
-452387216L, -1922589372L, 2044574680L, 57012346L, -279697872L, 
700598972L, -741570732L, -122570174L, 415361952L, 658909372L, 
-1123737136L, -2078415518L, 815535080L, 155850700L, 1733154556L, 
-1257926670L, 1655667840L, -1350338316L, 1486140552L, -1296341702L, 
1402553168L, 1813392492L, 448061588L, -897337006L, -1737408800L, 
2109804748L, -1578968928L, 1309104514L, -261818136L, 617584876L, 
-987490244L, 531538034L, 1558587504L, 2133975588L, 1532600888L, 
-2058376678L, 208015568L, 1983690300L, -1790489452L, 1592693890L, 
-22411328L, -1805144772L, -1420116336L, -1223699422L, 738430984L, 
795065484L, -920076260L, -2044812142L, -1370731392L, -1003568108L, 
1543758632L, -352709574L, 126201040L, 1621308524L, 1725470388L, 
1145364498L, -142032928L, -887059508L, 223329760L, -2044294110L, 
-1008315096L, -1351132916L, -1507733956L, -201341710L, -1117161232L, 
-780355772L, -143527848L, -1543896518L, 1797605616L, 833921724L, 
453986836L, 1258400962L, -1357892000L, 575767932L, 1160602832L, 
2002564130L, 1089685672L, 1197251980L, -1529306692L, -695990222L, 
332813120L, 1271144116L, 992579912L, -1992740166L, -116097264L, 
834470124L, -1350748076L, 915719954L, 1515184544L, -747280436L, 
-1161814176L, 1574677698L, 149737000L, 1570204076L, 1771905852L, 
-1446288526L, 2038796080L, 825065508L, -1740161480L, -1115409257L, 
-2037039264L, 862222142L, 1786308619L, -1382166387L, -1417262662L, 
-438147080L, 1622082465L, 2033712467L, -1839614860L, -1831901694L, 
823261335L, -924702111L, -191552858L, -2024428892L, -1609031851L, 
2012439551L, -2077105512L, -1617344586L, 1367714883L, -1124776571L, 
-1615192542L, 1926251792L, 2062714041L, -769947285L, 1275603036L, 
-777599606L, 1679466879L, -1990591287L, -2018360994L, -399388148L, 
-629926435L, -2143679257L, 567367952L, -419887058L, 1664085723L, 
-898209859L, -1456914134L, 186197448L, -598222095L, 1395422307L, 
-668626844L, -1987470446L, 138645607L, -479121359L, -224263818L, 
1925484180L, 1894565029L, 324868527L, 1449919080L, 1479727686L, 
-456204301L, -507904171L, 1228972338L, -960576256L, 4347369L, 
1437270107L, 315929260L, 1716489402L, -1203892625L, -1206789127L, 
1948787342L, -948055204L, 1990737869L, -1770725577L, -1607868992L, 
266224286L, -1199842453L, 1019765485L, -1921607846L, -1213076456L, 
750385537L, 1702063923L, 1841071444L, 1649602402L, 82109431L, 
-2107388863L, 1133611206L, -434391548L, -279666251L, 1238048415L, 
-122630408L, 2023215830L, 2091206499L, -1274380507L, 1355117762L, 
-2007096912L, -187885095L, 193935179L, 391880124L, -22352406L, 
-1836361185L, 467021993L, 1901205566L, -858138324L, -2116709507L, 
-153728569L, 2024721584L, 1724033742L, 523640827L, -982882211L, 
1872514954L, 2073624488L, 500938001L, 586656771L, 306906884L, 
-7812302L, 2096859527L, 1747554257L, 379494742L, 2090155828L, 
-37051835L, -220680561L, -664991736L, 855972902L, -1747921709L, 
1782789685L, -1078997614L, 626332000L, 2018986185L, -183636997L, 
-1982690356L, 2085152346L, -1499600049L, 1497440793L, 1369563182L, 
634383932L, -589462611L, -410571689L, 1660815776L, 1284584190L, 
-2146729525L, -220321843L, -1689220358L, -516820680L, 1272863457L, 
479178131L, -1942006348L, -2023201086L, 1077577431L, 1357850401L, 
-621093146L, 179140580L, 707397397L, 30678847L, 1729452760L, 
