.Random.seed <-
c(403L, 367L, 2065849699L, -1846361190L, -489298446L, -1568864896L, 
-1455926445L, 1464220898L, -657990504L, 62152143L, -881253492L, 
-1142170615L, 326574327L, 585055014L, -1354282429L, -1408488236L, 
-1322850654L, -493268790L, 1821598573L, -1450383000L, 875070669L, 
-1277951263L, -434130148L, -1738040427L, 1641292356L, 711243917L, 
-766101405L, -2017297346L, 1816488298L, -1991020631L, 1447975951L, 
1543063103L, -2021050873L, -1316288988L, 1381731580L, -1769919514L, 
-326440464L, -533494699L, 952045026L, 2012808702L, 1139950938L, 
-777081033L, -1809157375L, 1712531173L, -507650873L, -882059478L, 
1962279161L, 341561450L, -543300848L, -1141721834L, -1031805673L, 
-747135412L, 477505644L, 1300449523L, 1711093129L, -1994371653L, 
1553386978L, -457570234L, -1447498889L, 513728595L, -1582008309L, 
2124617805L, 1986209246L, 465029318L, -1568768212L, 1179587453L, 
-2107200222L, 1203956049L, -159055702L, -2051954162L, -1254216934L, 
70486118L, 1847264883L, -398781301L, -2137011666L, -956786609L, 
-135204567L, 1793668056L, -1527124991L, 1843351974L, 660804797L, 
25363534L, -926266196L, 1358065284L, 572434081L, 553453605L, 
1731423009L, -320776056L, -1062205358L, 420397363L, -645566128L, 
293939660L, -764452654L, 1229376072L, 736069573L, 727919456L, 
-878661712L, 9521742L, 1876587528L, -507008045L, -877043407L, 
2124670838L, 1899509368L, -790461351L, -1239947067L, 1549087062L, 
-892115147L, -1352596541L, -1435770145L, -848969610L, 1634807901L, 
228705289L, -2124911025L, 854414548L, 1503481075L, 28715427L, 
586388206L, -355318211L, 849920666L, -471201818L, 365892310L, 
-1505017754L, 263498885L, -1080464759L, 1970451039L, -831151645L, 
2070062313L, -1966787470L, 2059627709L, -756380697L, -1550549173L, 
543188572L, -156770261L, 1260338942L, 193279956L, -1881585128L, 
-537492170L, -1448959630L, -428702505L, 628843869L, -873595089L, 
802665930L, -114427343L, 920074059L, -2035228584L, 1738497497L, 
447705677L, 1441931174L, 1553908514L, 1146344674L, 1553683360L, 
-1493259407L, 715707497L, -1536724190L, 383403135L, -1089421209L, 
-1500128025L, -1971729386L, -1577541992L, -1143352478L, 88698513L, 
-1575008068L, -317075738L, -1338533158L, 39921267L, -72316058L, 
-256040589L, -1350530431L, 1526770012L, 2081105645L, -711916914L, 
-727781514L, -1194840998L, -350577489L, -262920587L, -157768823L, 
1972505280L, 1078092880L, -952595823L, 1287479547L, 572483103L, 
18204687L, -1387276618L, 976662461L, 1365298298L, 481839185L, 
1962252967L, -944679149L, -245863295L, -48804272L, 403703002L, 
-323503220L, -316525737L, -1355244508L, -775913607L, -870627952L, 
-1904621277L, -1256757583L, 1685488563L, 1851301778L, 972155751L, 
-1143945396L, 1227002069L, -1729637067L, -2068729469L, 839577309L, 
576469146L, 683759656L, -887989407L, 1164333267L, 323492331L, 
868755773L, -1462898456L, -1540900430L, 1321191951L, -702826753L, 
1314021008L, 1536384010L, -1885365442L, 533774289L, 1396900375L, 
881084327L, 612133637L, -118294564L, 1341533902L, 300927037L, 
-1157524415L, -1943816756L, -598467971L, -468676669L, 1892098474L, 
-1799304040L, -2048510021L, 744585074L, -1808312732L, -398578577L, 
-1118673517L, 1398533879L, -154094194L, 305034717L, -270584233L, 
-1250509948L, 745037745L, -592215725L, 1661911248L, 1462402969L, 
-2003616714L, 398818487L, -1693674155L, -2088029813L, 111146660L, 
-1457046245L, 707772635L, 1171482280L, 1259168507L, -1227263578L, 
-934780328L, -652416988L, 198594118L, -1950939085L, -256996992L, 
-1811476391L, 137798037L, -886645262L, 754750585L, -236982987L, 
2143161765L, 1339995140L, -2082846525L, -1528418184L, -1527372445L, 
-883084442L, 79007916L, 1588816855L, -335430082L, 504612177L, 
1669880937L, 887427884L, 522272875L, -2115485062L, 253928432L, 
-448100631L, 650645237L, -944078741L, 1308962732L, 1597825769L, 
126276526L, -601809156L, -1413154935L, 786101554L, 437410081L, 
-1033830801L, 2077350481L, -1735845569L, -1828181839L, -1609344050L, 
-628471458L, -541068861L, -1796147622L, -185172166L, 1081088497L, 
-536606714L, 735593699L, -1533994919L, -1706764562L, -2108898607L, 
1612315547L, -1511952988L, 1193943633L, 1203246899L, -438356110L, 
-1099846917L, -1074054791L, -1961519855L, -2134158060L, 1415084062L, 
-950838454L, -48992082L, -367148293L, -820858702L, 1586367812L, 
1871573992L, 2145459188L, 1206661976L, -523795316L, 1057257334L, 
-1810836590L, 953694021L, -1651964546L, -1076388896L, 2076649919L, 
783167583L, 1182232729L, -171217380L, 1006725792L, -1204088315L, 
-300569695L, -416925810L, 614152888L, -196399479L, 543433275L, 
-609845284L, -1366078900L, -1060828976L, 603248051L, -686584845L, 
-1789697966L, -129171725L, -759186971L, -1676029675L, -12949805L, 
-1809292246L, 1293600444L, -634370339L, 933093529L, -1931744618L, 
-1058736962L, 1478401460L, -2069854115L, -1941301448L, -442198668L, 
76174551L, 686255823L, -1455779343L, 325023304L, -413851401L, 
-1364493003L, -267160948L, 927809057L, 1519150318L, -1126720696L, 
-498179273L, 742733922L, -108757232L, 1828327784L, 597221658L, 
842211659L, -22440664L, -336750604L, -996433885L, -472379615L, 
249816975L, -1599664053L, -194268039L, -255023735L, 1229976588L, 
113940671L, 1276283610L, -582102030L, 472775924L, 685398121L, 
134341251L, -56867394L, 196954945L, -1741875929L, -1795438330L, 
-1698264902L, -2000587417L, -1638286619L, -2019539958L, -2069225407L, 
1263034498L, -1843663117L, 640921883L, -173677394L, 1545388088L, 
-1010129910L, 1395956324L, 404356966L, -1204168675L, -1647985896L, 
69866623L, 1350161635L, -103203596L, -1902703989L, -1887475823L, 
-432422923L, -1061804993L, -938735405L, 1022160283L, 1417920615L, 
1206269353L, -913016572L, -532772177L, -985835548L, 1223317358L, 
853586188L, -401227982L, -341920914L, 1770605920L, -352359731L, 
632775981L, -1263470556L, -880613771L, -462133937L, -1348136351L, 
-628978476L, 1011014947L, 1517112009L, -1833984613L, 1668676386L, 
-2036876968L, -604982817L, 1112610706L, -74999668L, -1017291465L, 
-519243006L, -1882464114L, -582326931L, -1434110611L, -2057572754L, 
964622563L, -1416904199L, -1772766153L, 173725850L, 1237094099L, 
-1158916169L, -1665326460L, 1593557079L, -876164620L, -401813506L, 
-2062199471L, 1448146543L, 1920803365L, -225424387L, 1759830870L, 
790282335L, 1687637116L, -570888871L, 822444387L, 385509080L, 
1645352260L, -522299653L, 444321429L, -237693292L, 1674516411L, 
-601715099L, 501135971L, -2116425640L, 207808690L, 934820704L, 
1166215322L, -1656699610L, -548677365L, -1556653924L, 1939950375L, 
-1042184067L, 76428569L, -97961011L, 1275509682L, 2090259513L, 
-155703356L, -1313028182L, 811173992L, 505340285L, 446372751L, 
-1714688947L, -166752635L, 1205001464L, -1460892665L, 1540100374L, 
382112399L, -683205972L, -255796956L, 951411424L, 1172398528L, 
11530493L, -1575189390L, 1011093031L, -708108847L, 1739092807L, 
-1277190122L, 401898928L, -1498618307L, 1735270249L, 85800261L, 
-1156761308L, -1558490447L, 1906685186L, -962745501L, 1313849338L, 
-697722679L, 665338431L, -275497784L, -723781236L, -643176635L, 
709391836L, -1929333475L, 563453385L, -773539031L, -1153444212L, 
-1256300857L, 632312528L, -1521044841L, 1861789804L, -142230839L, 
-1817825225L, -144426041L, -808600664L, -871491625L, -223057205L, 
-1129236976L, 696430125L, 400479900L, 1125240586L, 2014274929L, 
-408118032L, 2146516640L, -1703977339L, -539391908L, -2073153715L, 
-2111918781L, 1935925755L, 220653889L, -1966829809L, 720597308L, 
10637198L, 1207405179L, -437170705L, -438940311L, 1310581019L, 
829390339L, 406643262L, -1422908457L, -1293623492L, 882643286L, 
264067693L, 341387468L, 1771330215L, 189109290L, -423332599L, 
-962502293L, 1838457621L, -1959665977L, -1014328816L, 1660392518L, 
1006229363L, 1096206635L, 1817071367L, 1565322776L, 1788500383L, 
-1119127251L, -1898871770L, 170204290L, -1580354971L, 784795434L, 
-1434762117L, -35727966L, 1318866470L, 564667104L, -2131571853L, 
-1613640471L, 1026155736L, -1260353331L, 218406207L, 2096079095L, 
-772257921L, -2091255285L, -476532059L, 1574866794L, 751044584L, 
