"monitorMECritvalTable" <-
structure(c(1.22762665817831, 1.68732328328598, 2.22408818231127, 
1.33623105388957, 1.88633090100410, 2.70443676308234, 1.34108685187662, 
1.89958445059510, 2.73714807589866, 1.34165681503561, 1.90129850983572, 
2.74287924359951, 1.34182451007628, 1.90200317899371, 2.74592761324742, 
1.23066970866923, 1.69160084179475, 2.23167217815961, 1.33879059030532, 
1.89023763912529, 2.71316397536365, 1.34391583752137, 1.90372282728502, 
2.74320513885208, 1.34413752134022, 1.90516570855328, 2.74972282830356, 
1.34439131451376, 1.90575941243566, 2.75332577427708, 1.23276485917986, 
1.69633389358351, 2.23855562552750, 1.34146823757119, 1.89505055324671, 
2.72230751827108, 1.34624172867029, 1.90786349815282, 2.75022696456136, 
1.34645624006547, 1.90937175063387, 2.75749248513154, 1.34660319011975, 
1.91003224799722, 2.76033090809588, 1.23564055536802, 1.70158435524857, 
2.24671622929800, 1.34417861992375, 1.89968720697260, 2.73013628548337, 
1.34839917683048, 1.91210039341598, 2.75779534589076, 1.34885191571363, 
1.91371639502306, 2.76545067687381, 1.34915116589537, 1.91430116495002, 
2.76795746388208, 1.23847794049457, 1.70551689505972, 2.25495483554988, 
1.34658597857070, 1.90396104830582, 2.73783443325526, 1.35109583245859, 
1.91648497862793, 2.76609400488216, 1.35155402000607, 1.91794056113743, 
2.77239828238273, 1.35178587051693, 1.91852119221045, 2.77449341898917, 
1.24198076615651, 1.71107257285131, 2.26367247535366, 1.34920669388068, 
1.90830710813031, 2.74528962424803, 1.35376511356222, 1.92091285840255, 
2.77292540014255, 1.35398617621481, 1.92232123912668, 2.78065638359198, 
1.35417886044462, 1.92363924258536, 2.78377150533344, 1.24481637165883, 
1.71626606143193, 2.27198147883231, 1.35202040971813, 1.91295018738968, 
2.7535013308307, 1.35614865096182, 1.92625368162383, 2.78258094839249, 
1.35634491518239, 1.92759911760505, 2.78832963965467, 1.3566836167395, 
1.92813013037837, 2.79040905895933, 1.24879019056867, 1.72019347712026, 
2.28029374580499, 1.35462026215463, 1.91751604106457, 2.76165479244638, 
1.35891530342030, 1.93110016008493, 2.78995735838407, 1.35923481408015, 
1.93247588823320, 2.79587781452729, 1.35948739899674, 1.93318354531244, 
2.79791269784148, 1.25239505325696, 1.72583651612689, 2.28997972044219, 
1.35719673301301, 1.92212903036675, 2.76995006883156, 1.36194735830278, 
1.93617083100785, 2.79796564416274, 1.36226456490384, 1.93770964117028, 
2.80461288523030, 1.36256898537193, 1.93819181548142, 2.80812472032002, 
1.25498907533676, 1.73080136283287, 2.30139150759728, 1.36049997713998, 
1.92796698329961, 2.77784350063502, 1.36523574166444, 1.94187011880212, 
2.80837367523907, 1.36560026937241, 1.94330305432000, 2.81331080938179, 
1.36577231193638, 1.94372394322678, 2.81585876288918, 1.25822933229468, 
1.73632152412507, 2.31039779234819, 1.36372549810846, 1.93324324569141, 
2.78801292378179, 1.36827681119024, 1.9472427855027, 2.81622523964660, 
1.36850460298850, 1.94888292783326, 2.82132245132351, 1.36886320957607, 
1.94920727427515, 2.82427033701458, 1.26223904797321, 1.74196445041873, 
2.32031649132490, 1.36667883846684, 1.93918038241824, 2.79690003525357, 
1.37164275186352, 1.95211092153476, 2.82544776912852, 1.37214926058743, 
1.95353915653814, 2.83191307845068, 1.37237427017584, 1.95410938212938, 
2.8345078182179, 1.26596555529583, 1.74739377676382, 2.32921900751217, 
1.37052411847341, 1.945610384202, 2.80782434173153, 1.37460434441364, 
1.95776813619084, 2.83581742506166, 1.37477725947058, 1.95924434085755, 
2.84091691021233, 1.37485167515552, 1.95942574616048, 2.84343425522273, 
1.26923998208695, 1.75350003177274, 2.33930632358443, 1.37374212322454, 
1.95099093303112, 2.81710131124371, 1.37781526603652, 1.96349092943121, 
2.84607795173187, 1.37813432738452, 1.96487051905954, 2.85104635740391, 
1.37831535555367, 1.96506931590280, 2.85360428459958, 1.27264091504165, 
1.75880466474247, 2.35063208445546, 1.37657697158592, 1.95723350782807, 
2.82810279142842, 1.38115250250291, 1.96961608411167, 2.85653311722288, 
1.38154788481536, 1.97057577644158, 2.86061643301292, 1.38175120511989, 
1.97097369401268, 2.86243265700872, 1.27603992297831, 1.76547247515605, 
2.36239255307403, 1.38022128723907, 1.96320972852135, 2.83902929955712, 
1.38474992975096, 1.97448554973337, 2.86615061088975, 1.38507423359833, 
1.97560947773326, 2.87105813546864, 1.38537793038039, 1.97593043984907, 
2.87265383703287, 1.27959232745831, 1.77251787804276, 2.37368186178517, 
1.38394338302155, 1.9696910872405, 2.84985602895211, 1.38801205099788, 
1.98048061846908, 2.87507755322594, 1.38836794783610, 1.98147802794651, 
2.87864303912487, 1.38847324240149, 1.98160704981630, 2.88094199122226, 
1.28485863206623, 1.77940231593083, 2.38399333407731, 1.38769333359217, 
1.97536757884356, 2.85943741078032, 1.39091294470053, 1.98572396037020, 
2.88546120078802, 1.39117348693852, 1.98700655564388, 2.88982113905153, 
1.39145597087778, 1.98735507741592, 2.89140196762897, 1.28918350549942, 
1.78802901378588, 2.39655947720336, 1.39048392473728, 1.98148833656383, 
2.87206236687600, 1.39464610643847, 1.99228524462093, 2.89647860951724, 
1.39508146109301, 1.99311591109480, 2.90019387355943, 1.39532955755002, 
1.99344303519556, 2.90133608008974, 1.29311889830519, 1.79524119452131, 
2.40900289159466, 1.39408189315686, 1.98760402287577, 2.88195698007885, 
1.39872249131114, 1.99798543677965, 2.90646370076569, 1.39885993994357, 
1.99891607446647, 2.91100628450779, 1.39911228012838, 1.99907859690203, 
2.91248740560158, 1.29774316107240, 1.8022227519734, 2.42051303184748, 
1.39843637731271, 1.99470655040184, 2.89422935489322, 1.40265414814487, 
2.00481875821914, 2.91830366891529, 1.40307434720965, 2.00650282065195, 
2.92088700191003, 1.40318773259415, 2.00698531362174, 2.92234001556265, 
1.30293027348104, 1.80915784114738, 2.43187800124754, 1.40284080982133, 
2.0014831952455, 2.90588801177386, 1.40676218000241, 2.01232512752593, 
2.92793049243892, 1.40727611318749, 2.01325663610310, 2.93136693477480, 
1.40748954375846, 2.01348511642423, 2.93310201832971, 1.30709536503133, 
1.81682673045196, 2.44213404011556, 1.40734331669295, 2.00990617784639, 
2.91830314114826, 1.41145745016112, 2.01966763484381, 2.93994000374386, 
1.41163904123871, 2.02055082936700, 2.94237254586805, 1.41181372331003, 
2.02095905934155, 2.94366180788666, 1.31158624473196, 1.82485724271212, 
2.45546454151652, 1.41189572366036, 2.01800884070615, 2.92889241096725, 
1.41537372778588, 2.02771381041308, 2.9513361640116, 1.41558214392260, 
2.02869455951327, 2.95513502136229, 1.41569840195645, 2.02936696517065, 
2.95594174585483, 1.31737646083926, 1.83334265228127, 2.46823974105248, 
1.41597082120943, 2.02639046609307, 2.94165001703407, 1.41936982775548, 
2.03511516275574, 2.96290806233328, 1.41956165048630, 2.03595001884676, 
2.96514551259539, 1.41977723105019, 2.03644766225911, 2.96689759268915, 
1.32335166269351, 1.84186416555787, 2.48305431089417, 1.42022026752427, 
2.03402198587187, 2.95537968710744, 1.42362459481656, 2.04266224216936, 
2.97653791054636, 1.42380433491698, 2.04423035024309, 2.97934036146678, 
1.42381861952310, 2.04438785665452, 2.98001396428591, 1.32786358742455, 
1.85177121092134, 2.50014264198274, 1.42524057175581, 2.04207854563661, 
2.96828782383848, 1.42868230819686, 2.05212705707684, 2.98956874067662, 
1.42884928919173, 2.05317292848793, 2.99268186004286, 1.42895669363032, 
2.05338145412747, 2.99480828166113, 1.33350696717069, 1.8612108588202, 
2.51277454011338, 1.43085920948697, 2.05201428309035, 2.98345815507671, 
1.43352636120560, 2.05842768327946, 3.00281714459409, 1.43362752470632, 
2.05914487796479, 3.00714447420536, 1.43363936425424, 2.05937675809378, 
3.00867661799182, 1.33919230324655, 1.86950504404675, 2.52729044406123, 
1.43555358483841, 2.05894590307482, 3.00088564120662, 1.43825178128014, 
2.06555482615441, 3.01767474219581, 1.43839225150709, 2.06609364605974, 
3.02151497458958, 1.43840514935644, 2.06616171881744, 3.02246324396029, 
