"sc.me" <-
structure(c(0.7552, 0.9809, 1.1211, 1.217, 1.2811, 1.3258, 1.3514,
1.3628, 1.361, 1.3751, 0.7997, 1.0448, 1.203, 1.3112, 1.387,
1.4422, 1.4707, 1.4892, 1.4902, 1.5067, 0.825, 1.0802, 1.2491,
1.3647, 1.4449, 1.5045, 1.5353, 1.5588, 1.563, 1.5785, 0.8414,
1.1066, 1.2792, 1.3973, 1.4852, 1.5429, 1.5852, 1.6057, 1.6089,
1.6275, 0.8541, 1.1247, 1.304, 1.425, 1.5154, 1.5738, 1.6182,
1.646, 1.6462, 1.6644, 0.8653, 1.1415, 1.3223, 1.4483, 1.5392,
1.6025, 1.6462, 1.6697, 1.6802, 1.6939, 0.8017, 1.0483, 1.2059,
1.3158, 1.392, 1.4448, 1.4789, 1.4956, 1.4976, 1.5115, 0.8431,
1.1067, 1.2805, 1.4042, 1.4865, 1.5538, 1.59, 1.6105, 1.6156,
1.6319, 0.8668, 1.1419, 1.3259, 1.4516, 1.5421, 1.6089, 1.656,
1.6751, 1.6828, 1.6981, 0.8828, 1.1663, 1.3533, 1.4506, 1.5791,
1.6465, 1.6927, 1.7195, 1.7245, 1.7435, 0.8948, 1.1846, 1.3765,
1.5069, 1.6077, 1.677, 1.7217, 1.754, 1.7574, 1.7777, 0.9048,
1.1997, 1.3938, 1.5305, 1.6317, 1.7018, 1.7499, 1.7769, 1.7889,
1.8052, 0.8444, 1.1119, 1.2845, 1.4053, 1.4917, 1.5548, 1.5946,
1.6152, 1.621, 1.6341, 0.8838, 1.1654, 1.3509, 1.4881, 1.5779,
1.653, 1.6953, 1.7206, 1.7297, 1.7455, 0.904, 1.1986, 1.3951,
1.5326, 1.6322, 1.7008, 1.751, 1.7809, 1.7901, 1.8071, 0.9205,
1.2217, 1.4212, 1.5593, 1.669, 1.742, 1.7941, 1.8212, 1.8269, 
1.8495, 0.9321, 1.2395, 1.444, 1.5855, 1.6921, 1.7687, 1.8176, 
1.8553, 1.8615, 1.8816, 0.9414, 1.253, 1.4596, 1.61, 1.7139, 
1.793, 1.8439, 1.8763, 1.8932, 1.9074, 0.8977, 1.1888, 1.3767, 
1.5131, 1.6118, 1.6863, 1.7339, 1.7572, 1.7676, 1.7808, 0.9351, 
1.2388, 1.4362, 1.5876, 1.693, 1.7724, 1.8223, 1.8559, 1.8668, 
1.8827, 0.9519, 1.27, 1.482, 1.6302, 1.747, 1.8143, 1.8756, 1.9105, 
1.919, 1.9395, 0.9681, 1.2918, 1.5013, 1.6536, 1.7741, 1.8573, 
1.914, 1.945, 1.9592, 1.9787, 0.9799, 1.3088, 1.5252, 1.6791, 
1.7967, 1.8837, 1.9377, 1.9788, 1.9897, 2.0085, 0.988, 1.622, 
1.5392, 1.7014, 1.8154, 1.9061, 1.9605, 1.9986, 2.0163, 2.0326
), .Dim = c(60, 4), .Dimnames = list(c("1", "2", "3", "4", "5", 
"6", "7", "8", "9", "10", "11", "12", "13", "14", "15", "16", 
"17", "18", "19", "20", "21", "22", "23", "24", "25", "26", "27", 
"28", "29", "30", "31", "32", "33", "34", "35", "36", "37", "38", 
"39", "40", "41", "42", "43", "44", "45", "46", "47", "48", "49", 
"50", "51", "52", "53", "54", "55", "56", "57", "58", "59", "60"
), c("V1", "V2", "V3", "V4")))

"sc.meanL2" <-
structure(c(0.860612275599396, 1.20081265451663, 1.50020932274675,
1.77955741102784, 2.03504308032870, 2.28140588982561, 2.5405097702704,
2.77463676541192, 3.04785112563476, 3.23236548832183, 3.48940583720998,
3.69126808480364, 3.94173730980206, 4.11593407098088, 4.32137619878988,
4.59456307283055, 4.79136813813568, 5.00005419056809, 5.23197439566075,
5.3936992616492, 5.61415219460843, 5.86213845764465, 6.04342461149871,
6.26971333470392, 6.4500907526957, 0.733350485507865, 1.06196441740139,
1.35011380007406, 1.61381632332252, 1.88099779975327, 2.11329066864953,
2.34513379037035, 2.58041664870466, 2.82146457858592, 3.03176227691797,
3.26099456927730, 3.48572686339246, 3.71938413459486, 3.89941100730858,
4.12372357547428, 4.34688111761082, 4.54716865141678, 4.77409922610141,
5.00347668632709, 5.17942301276364, 5.37872225836638, 5.5950888633294,
5.77554853795775, 6.00358458035417, 6.21311733861905, 0.622033011011637,
0.930966397736285, 1.20508987197459, 1.45838751321845, 1.70302977042229,
1.93432827614915, 2.15943018660215, 2.39005307609449, 2.62028359915724,
2.82231433708458, 3.04998049356928, 3.26418585961243, 3.47770498378863,
3.68163764531557, 3.89139938150447, 4.10073882968892, 4.29638196200485,
4.51833377456237, 4.72282717912482, 4.91625144656968, 5.12224415732122,
5.32877236273213, 5.51586897439428, 5.7251217036255, 5.92497968784895,
0.547581203746992, 0.84688872861336, 1.11046885009638, 1.36298124315725,
1.59507311115352, 1.82424272489183, 2.04603453255318, 2.27202942749764,
2.49510882262668, 2.69846993140363, 2.91209391526080, 3.12910691068058,
3.34280657821750, 3.54324687421186, 3.75186137365363, 3.94842854410114,
4.14364609023632, 4.35834339344386, 4.55737013166654, 4.76609259978685,
4.95947918542638, 5.14904223616352, 5.35901737545381, 5.54556394365968,
5.75308134436836, 0.498821077523035, 0.787182322521299, 1.04971116502767,
1.29100925081953, 1.52214343053175, 1.74495055875747, 1.96536783474455,
2.17957784508545, 2.40540620303895, 2.60173816095034, 2.81586092628485,
3.0303891252294, 3.23665970825062, 3.43354224628087, 3.64717640128671,
3.83926102960658, 4.03385023392208, 4.24400980815385, 4.44550071910276,
4.64919461549579, 4.83400817393573, 5.03069417941277, 5.22992727109747,
5.42259885349054, 5.621281127354, 0.459494994189404, 0.742895975397377,
0.998481780278197, 1.23331871775383, 1.4625311731175, 1.68530852858447,
1.90419164164115, 2.11155509591369, 2.33757562348021, 2.52879899099105,
2.73837427306043, 2.94795488922405, 3.15332002376096, 3.35326565337034,
3.55697592064792, 3.74872198269571, 3.95042345853158, 4.15360273328313,
4.34942034460084, 4.54725433115701, 4.74314790156315, 4.92674618861099,
5.12886380143268, 5.31672626647076, 5.51447318961715, 0.427492660440801,
0.705246421112793, 0.956312160685449, 1.19125029347018, 1.41718285450603,
1.63525677028441, 1.84857565064485, 2.05665307856117, 2.28144846289811,
2.4755118626494, 2.67488205005674, 2.88377083373069, 3.07930233353781,
3.28049624182642, 3.48761366488526, 3.68063121814395, 3.8813491250617,
4.07584994598321, 4.26602073032443, 4.46919824633847, 4.66014064125183,
4.84390041650663, 5.04278791292892, 5.23590670321988, 5.43055964968214,
0.402437598867707, 0.674400449677683, 0.921084983253088, 1.15114055203903,
1.37552041346079, 1.58907956944385, 1.80118275482925, 2.01136734957378,
2.22773974408207, 2.42235336096010, 2.62377259814541, 2.82218127936597,
3.02398089716684, 3.22305757289913, 3.42299185255841, 3.61617818523500,
3.81705518980156, 4.00987774087863, 4.20103247670424, 4.39304978518452,
4.59106795276346, 4.76989936626917, 4.96879925125691, 5.16077339340228,
5.35538172039969, 0.381337672975773, 0.64712715160451, 0.888713100979186,
1.11639931243926, 1.33936347219892, 1.54863351363794, 1.75801372999790,
1.96873108779754, 2.17766437323333, 2.37597921365938, 2.57802222482519,
2.76981878761894, 2.9744974386866, 3.16920139766674, 3.36367719377309,
3.56088814791556, 3.75443661669160, 3.95231372557370, 4.14147914132067,
4.33277573732297, 4.52898886332341, 4.71144222509624, 4.90547107742684,
5.10174082471648, 5.28737441250079, 0.36314212267501, 0.623337725221847,
0.860598159276828, 1.08714753891052, 1.30662082352427, 1.51424785790581,
1.72251613575239, 1.92882950440421, 2.13806947768092, 2.33544718851147,
2.53375942407838, 2.72561040545641, 2.93270928689167, 3.12127681992085,
3.31406891573597, 3.50694867760410, 3.7040855194927, 3.90077824549049,
4.08669195761123, 4.27187578223425, 4.47457404812515, 4.65652325707724,
4.84711694002968, 5.04325722835432, 5.22674498357587, 0.346953556121941,
0.60207692875598, 0.837549325919781, 1.06038687311706, 1.27605946834487,
1.48471315535189, 1.68819516856563, 1.89657335446299, 2.10274569424994,
2.29825877345013, 2.49345373020728, 2.68802485236415, 2.88885760960982,
3.08091976225007, 3.2709864446563, 3.46619414375016, 3.65658345709926,
3.84872581092526, 4.03214141895619, 4.22416362060135, 4.42101386406569,
4.60040833961902, 4.79133989736365, 4.98660180542459, 5.17177227981004,
0.312183627347401, 0.556877939047685, 0.786721820854511, 1.00471020859204,
1.21342802775017, 1.41821473232207, 1.61937762847850, 1.82037937226149,
2.02469166864343, 2.21422654252766, 2.41360474126487, 2.60147123217584,
2.79786873513838, 2.98625740298202, 3.17502063476725, 3.36573051702133,
3.55792056035696, 3.74337646639036, 3.92352667579055, 4.11558815781209,
4.31206410975875, 4.48803453518052, 4.67738230741088, 4.86870041992973,
5.05037602617546, 0.285314335595429, 0.520558235293424, 0.745009241146358,
0.956748388354834, 1.16317929802436, 1.36352110649953, 1.55814347647636,
1.75512609149709, 1.95596304029724, 2.14573049114856, 2.34024133191626,
