.Random.seed <-
c(403L, 432L, -678628990L, -398879292L, -1175936006L, -1927840090L, 
71575548L, 116701410L, 973048916L, -1634865779L, 413940365L, 
626374877L, 688513227L, -158508683L, 80827441L, 376549021L, -198417317L, 
-601753194L, 1399586916L, 1828546730L, 864239660L, -427201396L, 
-2085029066L, -1447676248L, 297026322L, 274436715L, 1570852439L, 
713321715L, 1119744301L, -746630965L, 1458399651L, -946188469L, 
-1158865623L, 1264151460L, 738548702L, 1626031552L, 702213062L, 
1269439554L, -1213388584L, 664600934L, -893940864L, 1114981001L, 
1604605673L, 1950682481L, -512296665L, -2058492583L, -646003579L, 
-1597660015L, -1043364697L, 839734130L, -1312895440L, -1307176714L, 
1449368072L, -1653838744L, -887775358L, -1976264692L, -121651394L, 
2139912247L, 1185569955L, -1323091161L, 1125807513L, 2013584207L, 
2036168343L, 139071L, -1956296395L, 831987440L, 92544410L, -1016487700L, 
-1849779566L, -21018226L, -1668500556L, 1459394650L, 747166668L, 
951348533L, 920377013L, -899739179L, 1501075843L, 277385965L, 
-1039263191L, 1113072517L, -567437373L, 2027522350L, 1886004748L, 
-774479726L, 512471156L, -503412492L, -681766434L, -1224206336L, 
1821028010L, -2072261053L, -1854695505L, 727208283L, 347105941L, 
-1929454701L, 1130402779L, 672193683L, -452938351L, 1911258956L, 
775003990L, 9710984L, -1801397794L, 289601674L, 1638323472L, 
-432850274L, 1173086200L, -478964495L, -1496725487L, -456969719L, 
-1332195297L, -1558593423L, 2069917501L, 248194873L, 1421978031L, 
912716106L, -1317845896L, 902349438L, 1160934516L, 1242284070L, 
1725657337L, 1368664303L, 842831784L, -386904873L, -433032338L, 
2114352002L, 105472177L, -1280577707L, 1750320208L, -306698936L, 
192454119L, 692843292L, -882672157L, -1743281499L, 1382387670L, 
-2097202952L, -354870617L, 225711393L, 1322358498L, 76310285L, 
-141122240L, -1107844312L, 703727731L, -1935727969L, -397122122L, 
1560418874L, 1421401353L, -1735857958L, 424580397L, 734131187L, 
249024008L, -1634955718L, 146049413L, -140860989L, -481659604L, 
89074323L, 1759469186L, -1162794370L, 1475037437L, -955315223L, 
-1321315140L, -1804122524L, -806842957L, -1562747392L, 799140047L, 
-1643377103L, 814462426L, 1092725356L, -1297108845L, -1828040203L, 
913582694L, -52432135L, -1860348876L, 1366604660L, -1247156305L, 
-242516157L, 763576786L, 1767801510L, 1561136389L, -364249458L, 
-901295575L, 1336685823L, 1463710812L, 641802542L, -868406751L, 
1118233847L, -1635437264L, -924337761L, -299095994L, 1951974138L, 
-648053767L, -137244035L, -1479183880L, -1732755296L, -775287265L, 
-1914750044L, 1944451259L, 372759405L, 1723378334L, -1323804368L, 
1915256015L, 1204473241L, -1221254022L, 1366246581L, -1149451464L, 
-105900800L, 1892985563L, -154435897L, -257054162L, 908561122L, 
-486026671L, -1690688414L, 1690895077L, -1249609973L, 1331646096L, 
-708390846L, 382377997L, 39964363L, -1051645420L, 980477787L, 
445975290L, -293132490L, -1056638587L, -909720335L, -2139485308L, 
-1230070724L, -1243231413L, -1843137336L, 1613120807L, -598167552L, 
-609296512L, -1480274249L, -1808484402L, 2135344181L, 775080344L, 
-557330412L, -595116833L, 435091232L, -787742264L, 1125892787L, 
239611654L, -1652636241L, 807172076L, -810246070L, -1849051843L, 
-799852728L, -1822061624L, 1040420411L, 889143290L, -382725479L, 
869541460L, 2011101960L, 1562599423L, 390909136L, 1161581032L, 
239177303L, 1319218202L, -987235097L, 626939904L, -322864966L, 
1197834065L, -908030920L, 2140407224L, 889325815L, 945651798L, 
-1114520171L, -373042544L, 1181368284L, -703499177L, -524689344L, 
832113672L, 1182454835L, 1660662662L, 900538375L, 72518932L, 
1966896322L, 110281149L, -1342923856L, 792213728L, -314844109L, 
-1287859302L, -574840991L, 770307956L, 608662888L, 349791799L, 
-610456752L, 1265937800L, 1700416109L, -688226935L, 151721097L, 
2029903722L, -1119366995L, -1273897883L, 1335704149L, -1500444983L, 
513178415L, -1784653697L, -1694558843L, -335749632L, 421812201L, 
-899984659L, -1274153033L, -1781825729L, 1238029485L, -1927832735L, 
1136185445L, 1670668906L, 905611273L, -773901147L, 1444205193L, 
-1029084187L, 817354943L, -1623631593L, 388422909L, -1165302336L, 
1047356745L, 537047057L, -1846419133L, 1966065171L, -2033240803L, 
2087000985L, 983271465L, -1646984222L, -140342835L, -159009323L, 
1687391061L, -1920837175L, 1182575943L, 1834243967L, -1540677747L, 
1734748736L, -1071236151L, 713181165L, -1131342849L, 344330599L, 
-381008811L, -2014390359L, -944201995L, -722125990L, -507420807L, 
-1405385875L, -1582773687L, -1549038411L, -1135856449L, 333733103L, 
1648203097L, 1485895102L, -2021911790L, -40994934L, -483275243L, 
1903867747L, -867676632L, 644998820L, 1258905385L, -127843720L, 
-1151059726L, 448064906L, -816933377L, -1532752979L, -160987154L, 
-1154897554L, 1776799049L, -328215714L, 1098349362L, -678580130L, 
-2090834127L, -264884913L, -545945504L, -294614572L, 807014733L, 
-1844186688L, 539268030L, -1090604606L, -483543717L, 144771897L, 
2100690134L, 1428280718L, 195447097L, -524964586L, -228524582L, 
701745946L, 683013277L, -159546005L, 205630712L, -964223788L, 
1812774441L, -125987168L, 1303924594L, 1257882810L, 1686273823L, 
1694510285L, 1311178358L, -1127972370L, 90012081L, 886298462L, 
834184050L, 1121679998L, -460872119L, 845419815L, -484934616L, 
418420492L, -1543418979L, -2083489904L, -1410648402L, -831603526L, 
-133287813L, 643503785L, -67902282L, 602653222L, 13156761L, 865489550L, 
152993090L, -127776278L, 530094181L, 830765747L, -1106803176L, 
683272036L, -1991481767L, -1055438936L, 1745008562L, 957075114L, 
967219183L, 453545389L, 1186946590L, 432626894L, 6356857L, -1648509234L, 
-1195374174L, -54104834L, 77884465L, -89230097L, -591712272L, 
-448787420L, 963286509L, -56883120L, 51888414L, -1024170958L, 
533154859L, 2075959577L, 665635046L, -1762715618L, 871984329L, 
-695231706L, -1815508310L, -1252808214L, 426529965L, -1211069925L, 
1549021624L, -967019004L, -804573719L, -1187570672L, 1317399042L, 
675211306L, 1940022463L, 897706493L, 70692742L, -415387234L, 
924396193L, -369242530L, 835053266L, 1984702350L, -1194891959L, 
-1442213561L, 1191111032L, 1251454940L, 242515597L, 201797296L, 
-151132994L, -869086134L, -627086949L, -2044710183L, 1318180790L, 
-1307105514L, 1239598233L, 1234137566L, -1997800014L, -449526486L, 
-972994347L, 248669859L, -210071128L, 1097405252L, -1957824151L, 
1090040152L, -720479822L, -1714844982L, -221397345L, -530302195L, 
-1207755314L, -1021582994L, -773060887L, 686423870L, -1237840686L, 
-670378050L, 1219487633L, 857223599L, 1466433696L, -1935077132L, 
-826237171L, 1379193984L, -1734752354L, 333728290L, -2108234789L, 
1661987737L, -713629002L, -1679360466L, -1338465383L, -1781762026L, 
1449067674L, -1334981958L, -1413483971L, 1927969483L, -1024618472L, 
-1922546316L, -777811831L, 1140279200L, 1618307026L, -1792983654L, 
1334028479L, -653892051L, 1147136118L, -480364690L, -1347321231L, 
886469982L, 856743474L, 1603984062L, -410732727L, 857493415L, 
503043720L, 1223948364L, -1835141123L, 868392464L, 539237742L, 
-1392244870L, 369408507L, 1728478313L, 982060790L, -1232615258L, 
-526812935L, 1712374446L, 128581026L, -686588566L, -79365595L, 
1101727475L, -51486824L, 705124964L, 109274073L, -1915654776L, 
-1053346478L, -920834934L, -1986103345L, -374215379L, 1590133438L, 
-1528927250L, -30913767L, 560498606L, -1053516478L, 1232090046L, 
301750321L, -203888337L, -2069774736L, 101380740L, 1331122509L, 
-1442643312L, 268086238L, 1393707538L, -1516209237L, -653047847L, 
1680624582L, 459832446L, -1410861207L, -1548072858L, -737907926L, 
-1420347538L, 1890420475L, -10567480L, 881331219L, 1604721722L, 
1776082929L, -699339963L, -1513254737L, -899122822L, -2011056899L, 
-481726974L, -1635874615L, 1471273956L, -1329496411L, -213739313L, 
1535947971L, -1654339982L, -1236623129L, 1353997100L, 1327616427L, 
622599674L, -1329658787L, -761604883L, 1958464763L, -459034366L, 
-1141222495L, 1971681710L, 158871233L, 379301460L, 597639365L, 
576925095L, -20491749L, -727623746L, -2089862189L, -1315474016L, 
