.Random.seed <-
c(403L, 541L, 382740294L, -416345156L, 457964678L, -1283438316L, 
434226184L, 1751614915L, -943236600L, -1287688230L, 663507309L, 
-1505134379L, 238439865L, 1354705786L, -1111451852L, 132099899L, 
-1879518856L, -1242283970L, 997893703L, 405491439L, -2106924369L, 
1071007407L, 2001527081L, 577068420L, 948745942L, 244475613L, 
-662771590L, 833733300L, 263387216L, -1495698715L, 868905909L, 
247254691L, 1793863923L, -965244510L, 860391243L, 1414645646L, 
1967879250L, -1960604618L, 1289500745L, -1907374939L, -1733050784L, 
-865288924L, -887120134L, -448791436L, -288844499L, -1569643885L, 
936932457L, -1118831341L, -867840117L, 2019557393L, 377443868L, 
-43654779L, -812418975L, -1934743799L, 1436493107L, 996653168L, 
-1389685240L, 649666801L, -272472536L, -1087097012L, -561950509L, 
-165106710L, 667443623L, 158874866L, -503641198L, 1707499781L, 
1951042292L, -938623708L, -2037584967L, 409348929L, -64580463L, 
1475644224L, 2104257120L, -1937059402L, 694906732L, -1201606871L, 
1124430620L, 1653707205L, 1958481570L, 489329353L, -1061491494L, 
937205318L, 1607687457L, 1114385078L, 1882268041L, -261907576L, 
-1191779434L, 986069817L, 1641322860L, -1628375619L, 1780261340L, 
1307431603L, -1696218723L, -2120255167L, 93304574L, -1724303611L, 
-372048220L, -417432110L, 1696645605L, -1601713957L, 898480368L, 
363955766L, -260657372L, 1397077665L, 1639429425L, -1550915492L, 
1209947143L, 714177104L, 1616617851L, -1548021359L, 1558396934L, 
-378906704L, 1789554778L, -1522809544L, 826553064L, 245924784L, 
312610659L, 620767171L, 759243326L, -613653238L, -39585535L, 
882707788L, 589408483L, -336585623L, -215764300L, 1626823354L, 
-1712947970L, 889596008L, -1287723404L, 883575686L, 591433484L, 
648240596L, -1043386294L, -1075569204L, 60440677L, 448540667L, 
1841472191L, 2059474394L, 1202815723L, -346793076L, 19241231L, 
1529132779L, 192113544L, 223114486L, -1280831504L, 715239051L, 
-1817665589L, 913206549L, 1318289167L, 774396160L, 1514846066L, 
452626563L, 1366750943L, -843291872L, 734176482L, -900397068L, 
1251983703L, 1222268986L, 1262918223L, 2052850447L, -1203404375L, 
191726153L, -193154213L, -86619798L, -1511992008L, -1709477100L, 
1505596619L, -1685488319L, -393012557L, -1230809085L, 1029175312L, 
1983854829L, -1399163049L, -26914171L, -1679242880L, 95520458L, 
1483413011L, 415110947L, -24723719L, -1458105867L, 1933203549L, 
-1092816124L, 1260061755L, 1911444332L, 687767642L, 1871298918L, 
140876210L, 176866744L, -454397626L, 1963577388L, 57347747L, 
100692263L, 1448425795L, -1538078082L, -1215538252L, -640119549L, 
287559908L, 1431231581L, -94968983L, 159761712L, -1727833682L, 
479731726L, -1668494294L, -588833571L, 73435485L, 1882714031L, 
-1980156735L, 1758994143L, 713987759L, -1363788760L, -1150509480L, 
1788839892L, -1383458774L, 934476383L, -1184735067L, 958312756L, 
1680633951L, 64782923L, 1925977874L, -288648442L, -1902578215L, 
129277444L, 778875919L, -1187185011L, 1497691371L, 982886938L, 
-1748488905L, -1009146523L, 1667618228L, -1279495075L, 622569453L, 
1434189887L, -1218777742L, -1954793596L, 1255051822L, -668895435L, 
1424091606L, -957080854L, 318934740L, 441096906L, 806259883L, 
167257224L, -430766000L, -798989343L, -1677957584L, 1917937541L, 
554378458L, -81995201L, 501859087L, 231651136L, 443496169L, 1200335863L, 
491912608L, -394558728L, 2039436916L, -111289994L, 1725696736L, 
1738365239L, 483384411L, 942352939L, 566097129L, -1213188479L, 
-690335849L, -1851687173L, 1446236567L, -1571624572L, 1886879769L, 
1968537762L, 1682879497L, 1690340237L, 596259525L, 755327933L, 
2042321600L, 322890130L, -1923248717L, -755388327L, -1782302340L, 
1272980160L, -1595459223L, 1622067820L, 1028158386L, -416280243L, 
-923367108L, -1201482375L, 1968429041L, -1340362667L, -1892811614L, 
1202093040L, -1863062147L, -1696709231L, 1530487751L, 885009285L, 
811610141L, 90803107L, -229062548L, -1769100735L, -1503715923L, 
1038413925L, -74436460L, 687903271L, -1745005100L, 1111475986L, 
-1803193406L, 145149087L, 2139311318L, 925348917L, -1529470556L, 
2142719927L, -319969316L, -353821240L, 1456439214L, -1156389595L, 
373274704L, -1608532927L, -1518513807L, -1307338145L, -296645750L, 
172882142L, 176947362L, 801932866L, 112445147L, 533275994L, -21632208L, 
-1402410354L, -1645698835L, -1288331345L, 27696555L, -224631707L, 
179522275L, -608386824L, -506640421L, -897671777L, 401403547L, 
1095866913L, -150329100L, -1725729239L, 891746763L, -710741948L, 
-643084426L, -1692516969L, 691249335L, -319165463L, 1980180381L, 
-1779496439L, 1874025043L, -68752237L, 1218726786L, -177438969L, 
1284602175L, 2031814912L, 545018412L, 870268789L, -2016284809L, 
-2137253841L, 1150133833L, -2039745996L, 343477574L, -539686732L, 
213317842L, 1767898208L, -1689216822L, -175351310L, -1280063771L, 
-919776878L, -371944705L, 637982257L, 150446336L, -617286355L, 
-1249971277L, -1734378201L, -1253339174L, -861234167L, -1483853614L, 
2033179139L, -541362533L, 1327031041L, 445646695L, 2008861529L, 
462858559L, 999523881L, 1970627254L, 1523175101L, -1477556409L, 
87658653L, -862630741L, 1394171088L, -950303850L, 378814033L, 
-1316356743L, -2082507770L, 1485908788L, -1314670916L, 162180345L, 
-1644755980L, 1091707805L, -928310800L, 418339704L, -1876694185L, 
-1639717367L, 1694400010L, 1507598565L, 1706541122L, -1689120779L, 
1730608243L, 785061803L, 2047799251L, -1105363629L, -2023459883L, 
-1600852424L, 2061225616L, -210139268L, -1049042351L, 1312524898L, 
-757962760L, -2125783910L, 497323202L, 1301852133L, 1167819067L, 
-1287817666L, 185005453L, -327561050L, -2119680695L, 957335521L, 
-669794193L, -1809370178L, -742554548L, 1334456697L, -1727850618L, 
1063739114L, 1441373839L, 456056256L, 329361959L, 1253928800L, 
571065248L, -1469120718L, -603784322L, -139486715L, -611578033L, 
726227227L, -314751656L, -715310469L, 892444013L, 717474919L, 
-38879077L, -493489098L, 1547606105L, 265342310L, -162977414L, 
-340450332L, 1877593286L, 690066620L, 551335394L, -1438666529L, 
449679047L, 1726379455L, -1076217438L, -1957215441L, -1077859790L, 
-197939928L, 622380176L, -496590877L, -1728058180L, -2044157648L, 
-1187193571L, 671437214L, 1451089510L, 272778982L, 631142220L, 
-740983858L, 2128411164L, -649533217L, 48099267L, 368837942L, 
1066941313L, 51342031L, 1179247190L, 298446019L, 1739679649L, 
1357972829L, 37728978L, 1001475594L, -831575918L, -1201481542L, 
-61716648L, 173948702L, 1703502193L, -1868407352L, -487750547L, 
-390349938L, -1363230321L, -1820218005L, 135172647L, -22268805L, 
-1425632696L, -1039001377L, -1934181742L, -586152837L, 822144297L, 
630641042L, 854101110L, 1759985947L, 742790718L, -921929977L, 
50598394L, 697472049L, 2087705109L, 777828300L, 512271511L, 2075455793L, 
324897166L, -1815063190L, -269286917L, -1976424795L, -2066641809L, 
523078703L, 35369641L, -1441146236L, 830589308L, 906323168L, 
1618568812L, -188111860L, 196730043L, 1599076304L, -1195062711L, 
-1599902520L, -1550066345L, 1778300969L, 76047111L, 553694064L, 
-94469663L, 1099463918L, -1282312786L, 641709479L, -1706425780L, 
-1975137329L, -1710824681L, -365600297L, -1804791171L, -40018918L, 
-427899913L, -1879832307L, -760791761L, 610959214L, 563953842L, 
1831776165L, 537444724L, 1562846151L, -1779374355L, 717747713L, 
1813288477L, -766438072L, -2027878129L, -1909907057L, 650230400L, 
-1108913030L, -2025832779L, -1381253367L, 179634086L, -1998104421L, 
1095263077L, 99521835L, -1768636053L, 770362302L, -1762043619L, 
1340220045L, 160300815L, -1224969497L, 676893709L, 60118779L, 
-2060647388L, 1080412249L, -1166118160L, 1470372781L, 1117145573L, 
-799763164L, -1642968482L, -1393017300L, 779202271L, -1126510944L, 
1220828410L, -2030781115L, -1440876474L, 33702365L, -216343143L, 
-936794699L, 834504235L, 2110684073L, -313874428L, -979933692L, 
625693061L, -1010203827L, 468067677L, -2087487497L, -147883174L, 
1426750809L, 478441148L, 1537591570L, -422486248L, 355267615L, 
1155552511L, -925848045L, -1132172089L, -2077990336L, -581665626L, 
-1224961546L, -851028298L, -1648185463L, -1712683638L, 1776948569L, 
