.Random.seed <-
c(403L, 10L, -1712653629L, 911020754L, -587680924L, 1301370535L, 
-1423728643L, 651581940L, -1940568358L, 253696037L, -1631021761L, 
1777908422L, 583538512L, -1844615309L, 1382132113L, 1345428416L, 
914263454L, 1312120681L, -1640752229L, -1590410582L, 1408920780L, 
-1233357425L, -1292381755L, -1327704708L, -898138670L, -1598322355L, 
-476750841L, 1629363182L, 1325925064L, 1302330827L, 331561001L, 
1006182008L, 1105968038L, 677309889L, 244640339L, -1600511742L, 
-1170134988L, 2043834807L, -1562880595L, 2076364484L, -673357078L, 
-2021255851L, -1727427857L, -564971274L, -2063083488L, 2127858147L, 
-2041898367L, -1351076624L, -1241715826L, 2117821689L, 814067339L, 
866074298L, 1150726588L, -2136440065L, 858879573L, -1219915412L, 
-334196286L, -602191331L, -693685609L, 948919294L, -2144315464L, 
1539287963L, 106279417L, 1588142408L, 363740278L, -1584887375L, 
1649580003L, 1355031730L, 2031757572L, 1400148551L, -483011299L, 
843625364L, 1947846458L, 1224125317L, -2094849953L, -250404122L, 
682518896L, 286904979L, -266753231L, -1231373856L, -295510402L, 
351405321L, 314619707L, -140718326L, -980947220L, 1107671919L, 
-2145735515L, -1710666148L, 1247135282L, 1396135213L, 1081287655L, 
288424718L, 1309975784L, 1808490219L, -1629294711L, 1349118744L, 
127589958L, 813969057L, -365661901L, -2076295006L, 295341972L, 
-24609257L, -194590195L, 851181348L, 1252731658L, 1092085365L, 
-1465731633L, -483598634L, 639107712L, -559649597L, 1564052065L, 
-323910960L, -206777298L, -1193707047L, 211863019L, 181342298L, 
-2126200292L, -258018529L, 1872594805L, 1043910156L, -1623623710L, 
-428614467L, 706943799L, -602602530L, -30244584L, 208020603L, 
-1959822823L, -288240984L, 1903517782L, 416054481L, -962271101L, 
1764678418L, -762970460L, -1674835353L, -2117565507L, 2122366260L, 
-269355366L, 1219798245L, -479291777L, -989011962L, -542293104L, 
-154882509L, -222257711L, -415449216L, 369013342L, -872085079L, 
811296859L, -576663446L, -181763828L, 580431L, 1225877509L, 961664700L, 
-344993902L, -2102698867L, -985404729L, -1061246034L, -333773304L, 
-180921845L, -1903584535L, 1207748024L, -977509786L, 1379176193L, 
919726483L, 347144770L, -1861777932L, 354852855L, 71672813L, 
763923588L, 1784459946L, 711985173L, 1627304111L, 319889078L, 
813731040L, -1655476189L, -1009365183L, -1571966416L, -606252978L, 
-1818685255L, 357557451L, 1222093178L, 1144599676L, 846741695L, 
-1771149931L, -839739988L, -1719832702L, -358312611L, 1187884119L, 
-655488194L, 1378571128L, -1407270821L, -3012679L, -568912376L, 
-30169930L, -1091484687L, -1379791325L, -1343115662L, 769103044L, 
-1755258233L, -736716195L, -364045228L, 1710945914L, 1148061125L, 
68232991L, 276841126L, 1310745648L, -1279142189L, 631534833L, 
-1714171872L, -1526069570L, 1798476489L, -228038533L, 338331210L, 
1305592492L, -71248465L, 1571566949L, -964033764L, -475977870L, 
-1198654483L, -1878766553L, 142079054L, 1565972648L, 301577899L, 
-1008622647L, 2027438040L, -2089298298L, 974294881L, 428360435L, 
-2135573150L, 1994578900L, -979547662L, -60729040L, -1402700636L, 
-1488520520L, -775695526L, -1443482224L, -486768260L, -760617708L, 
-1702850238L, -1433208064L, 2052770748L, 1958425424L, 1880824098L, 
-825049784L, 316659724L, -1960443812L, -2092131118L, 1200683008L, 
272350036L, 514890216L, -1654927366L, 558370512L, -933423828L, 
1979433204L, -418039918L, -201909152L, 2120772876L, -885178656L, 
1687551330L, -1623563608L, 544541260L, -598669444L, 1179126578L, 
136443504L, -1428521660L, -1510941736L, -1038450566L, -730704336L, 
-2073001284L, 679061332L, -925330878L, 1006961568L, -1504517956L, 
-1335461424L, -1340775070L, 545090536L, -69120052L, -731498756L, 
1805905906L, -1694950272L, 1014003956L, 200270984L, 1028425018L, 
501658448L, -1633862548L, 1722552468L, -548619950L, -755300640L, 
-2131828532L, -72691552L, 172937602L, -236187416L, 2022543596L, 
426717244L, 2070196338L, -1640130448L, 215718436L, -550948296L, 
-727506406L, -835311408L, 527078972L, -1501219692L, -1648204670L, 
131846080L, 929301820L, -520751472L, -1620095966L, 479463432L, 
-2055957364L, -530515940L, 982426770L, 2142907520L, -1439794156L, 
-1053539544L, -247608262L, 2114882768L, 718638188L, -1629505868L, 
1867571218L, -592056352L, 2136044492L, -1522666016L, -1487373278L, 
-822889176L, 1914708236L, -1384927684L, -868485902L, 349116656L, 
1205954372L, 324743256L, -1966179782L, -2054313744L, 730673852L, 
-1936096748L, -182043454L, 486540896L, 1069970812L, 2090155216L, 
599157794L, 999749800L, -409231988L, 695531964L, 1289435186L, 
-20911296L, -130877772L, 292221256L, 107602618L, -1065322736L, 
-1660729108L, 60643412L, 51777298L, 1085387168L, -1212985396L, 
-1775634592L, -1355864894L, 1075932712L, 1315293612L, -1019804868L, 
-1957686414L, -1446013136L, -1917843420L, 1998478904L, -628325670L, 
-1385801840L, -637285124L, -336992876L, -425168062L, 1126365696L, 
-858777540L, 2071607888L, -2001346398L, 2060665672L, 1842483724L, 
1967076060L, 1432840274L, 1505565824L, -1466814636L, -2062123032L, 
941648634L, -1002684592L, -930331604L, 212754804L, -1234659694L, 
851573344L, -1436182388L, 1405765984L, -1708042014L, -1523809112L, 
-1486041396L, -306914820L, 61039538L, -1436222480L, -1554228796L, 
-708580008L, 485575034L, -1746880080L, 727646652L, -2141438380L, 
1967843778L, -377844960L, 873700284L, 1024368720L, -601496606L, 
432899944L, -1065410740L, 661651196L, 190185202L, -643040000L, 
1575236724L, -2072928760L, -213426758L, 116475344L, -19570708L, 
1329494932L, 148852946L, 2037206112L, 1224938828L, 1678945056L, 
-2072135038L, 848175592L, -292248596L, 2139326012L, -1428799886L, 
1461113712L, 93195556L, 941148728L, -1135480422L, 2117387728L, 
175928764L, -95934828L, 1430897282L, -2063784512L, 355192636L, 
1104867984L, 879888162L, 548673032L, -1135717620L, -67204196L, 
-892722158L, -379341952L, 1822354196L, 972203304L, 1468346426L, 
1660720080L, -434828692L, 1161161780L, -1863067502L, -1124400800L, 
758914380L, -1082126880L, -1387203678L, -1800578136L, -850891636L, 
-56736836L, 720219250L, 1568704496L, 2038035524L, 1286250365L, 
-584655417L, 965855408L, -471836978L, 1417378811L, -348734371L, 
1057944458L, -1468337240L, 711254289L, -226809853L, -961914108L, 
1426425650L, -1068317305L, -2035143727L, -1203751594L, -1772278988L, 
1383736901L, 233607823L, -1465213944L, 310581286L, 1626806483L, 
967658037L, 1235839378L, 281664864L, 204190921L, -629250053L, 
-560396340L, -58983846L, -1644185777L, -271997415L, -1583365074L, 
-1327654340L, -225011795L, 1226883159L, 537761184L, -1134496002L, 
1828136395L, -1383787571L, 586536698L, 363658552L, 571262689L, 
1610402195L, 1998901684L, -1948577086L, 153973463L, 1184731937L, 
1702597350L, -106220572L, -1456729323L, -325682369L, -1035923752L, 
1421724406L, -873622269L, 890158661L, 1342441058L, 684088784L, 
2014599929L, -587253717L, 1988609948L, -2034042934L, -1902669633L, 
-844783095L, -1770026210L, 1626788556L, -1310922083L, -1258428633L, 
-1809364656L, -1035585554L, 916592795L, -2093010179L, -2035738134L, 
-1787084152L, 2806833L, 628387L, -449696092L, -484864174L, 640263847L, 
792427249L, 590516790L, -942649644L, -619408795L, 2079838319L, 
1444700840L, -133664762L, 1053371699L, 872767893L, -536625678L, 
-400498112L, -1595720791L, -10979813L, -699871252L, -848160774L, 
115190831L, -654308295L, -1400201650L, -1973637476L, 293135373L, 
857634935L, -1141772160L, 104072926L, 362790315L, -1651528019L, 
-1463069926L, -274469928L, 2061277249L, 574588659L, -1187337964L, 
274914466L, -2081924681L, 1875836289L, 2038111110L, 2145827268L, 
-720883467L, -1364934305L, 21105592L, 997686934L, -692508509L, 
-606301595L, 1114920834L, 1547726064L, -1368537959L, 429931659L, 
719308156L, -2088762454L, 1500959711L, 1281145193L, -1399204482L, 
-1736379028L, 1383787965L, -827306361L, 1839078000L, 1805836558L, 
462745147L, -1853334243L, 683665354L, -325267224L, 498066385L, 
674219459L, 809721540L, 1156687218L, 1220048967L, 246803473L, 
-392147562L, 249729268L, -542033275L, 88142799L, 2052340424L, 
