.Random.seed <-
c(403L, 66L, -766456257L, -95419739L, 97052242L, 562236910L, 
1735868092L, 1314869942L, 1722193676L, -1128743361L, 2073748908L, 
-1166041571L, 526273072L, 1388745355L, 534276978L, 2047405464L, 
-1304210759L, -1123090867L, -640230429L, -1110980073L, -1588533679L, 
536929835L, 2101386412L, -1396299164L, 1142750167L, 1907257178L, 
-1903974790L, -1407924191L, -1823770490L, 1927499469L, 1355054760L, 
480129052L, 1557961280L, -1393531207L, 465140837L, -943589116L, 
-907771652L, 521952779L, 1038868210L, 1147923558L, 365435191L, 
27101591L, -385397859L, 1363069763L, -903225416L, -1300527683L, 
568442617L, -152168821L, 332562546L, -613759566L, 312523997L, 
-1364480826L, 145609667L, 120748061L, -1801042642L, -536461673L, 
115549971L, 835122600L, 205442481L, -1274624686L, -1012671610L, 
-2117345561L, -327127406L, 123873355L, -473051462L, 1398646488L, 
291058750L, 1533349334L, -1993437313L, 2089058820L, -276140081L, 
-195087104L, 1401283958L, -1004491383L, -915043272L, -772376925L, 
-451554356L, 1510337558L, 2092562586L, 1495985042L, -1718051306L, 
953533639L, -977752819L, 853870180L, -1813875128L, 1488986609L, 
-624225330L, -753983192L, -2055784146L, -665119442L, 1318072881L, 
-479777477L, 515138545L, 2132501755L, 959122345L, 300706361L, 
419177697L, -1921947194L, 337979004L, -2094746845L, -1408111554L, 
307793697L, -1412262283L, -320782825L, 1989637615L, -1391687253L, 
1738485661L, -1824198262L, -345975608L, -1295081336L, 1770325207L, 
-1738277687L, -945941746L, 899082863L, -328035547L, -1689599387L, 
-1898463868L, -1064062700L, -378989532L, -1050914992L, -1654421809L, 
610240868L, -965239158L, 2056347763L, -1087094681L, -13030088L, 
-163683908L, -923633804L, 1838468125L, -780050017L, 1384804899L, 
-1840024926L, 1697650320L, 559177009L, 2138230090L, -670704697L, 
-867190580L, -1162719363L, 1594646304L, -874607611L, 192485697L, 
1793647714L, -223575768L, 417677099L, -2067670869L, 1576915441L, 
-1791235280L, -1618396946L, -332309608L, 19319162L, 1934642843L, 
1182337796L, -1259454679L, -1800576430L, -1516249668L, -1738056892L, 
-762046253L, 1837720635L, -477757624L, -432308839L, -455373044L, 
549315581L, -1856960003L, 2099972147L, 1461576206L, -1325932673L, 
-1524995081L, -78379476L, -459396836L, 1752216732L, -1197725269L, 
49505576L, -1342323730L, -174653577L, 500954019L, 515897211L, 
-647028243L, -11521406L, 540719356L, 608392021L, -1228923306L, 
-1427073600L, -2057616474L, 1504592522L, -1315061935L, 320068452L, 
1299743938L, 1900749691L, 647746505L, -519218405L, -802831320L, 
213406798L, -1322618398L, 2038071158L, -826941775L, -10830576L, 
1332373038L, -372315175L, 244402362L, 612326149L, 1311585137L, 
2004890787L, -163414925L, -1633108748L, 536554359L, -299834321L, 
1695455469L, 355272313L, -1825663230L, 1281113012L, 683746905L, 
-1021239640L, -307421529L, 2010615258L, -564563684L, 748719132L, 
1069316710L, 1377994982L, -406460134L, -1831264020L, -191505107L, 
-358663835L, -1497101712L, 1500651697L, 569961952L, -807965456L, 
-1578538562L, 1174491977L, 1289496145L, 1473351471L, -1185655576L, 
-869560736L, 1696113944L, 1102376592L, -2007629849L, -1798337198L, 
1818940844L, 463472862L, 1510789058L, -1646874149L, 966773523L, 
1865326863L, 473867160L, -1931958851L, -807805030L, -1308126328L, 
-1625091694L, -1297435618L, -1858674990L, 1153683457L, 991989822L, 
-741649198L, 1820475803L, 33496197L, 2021148574L, 1523057525L, 
-1375610711L, -1185242982L, -1988639223L, -133570180L, -2131550194L, 
859551598L, -1162621847L, -835602912L, -993927844L, 1968616293L, 
2040321439L, 39946295L, 195864778L, -413296178L, -1360454310L, 
1626301777L, 597270877L, 1719230888L, 595177179L, 1687346861L, 
-2012858828L, 51927713L, -1736121192L, 654001959L, 1648902552L, 
-1085001871L, 2076949862L, 1509233509L, 165522644L, 1985483905L, 
522796781L, -1325926336L, 1120812053L, 1532121548L, 408553360L, 
-1667016159L, 190879367L, -1192913141L, 866953917L, 183512700L, 
-1429755856L, -1818428898L, -1916951409L, 1380516507L, -158402185L, 
2110583058L, 622779661L, -1454742650L, 1817454881L, -1535954083L, 
1092970109L, 1563329980L, 1513538807L, 263680576L, -1700043735L, 
141864476L, 1073354980L, -1247574609L, 258563036L, 1192747550L, 
1310017842L, 832010460L, 1225501438L, 366892176L, 908084590L, 
-1607809109L, 51542280L, 972721961L, -613527222L, 1387874728L, 
-1312063413L, 925439356L, 441752220L, -125967580L, 1143297640L, 
260297583L, -941259365L, -514476850L, -1631936164L, -1191955386L, 
771539192L, 1531373050L, -1835127656L, -902810601L, 1056579740L, 
1609702829L, 1868886545L, -1441026013L, 426559681L, 1283329616L, 
-1063189125L, 940946857L, -1046770249L, 1482101265L, -1253299867L, 
614054681L, -729248196L, -534394975L, 2010712183L, -213988246L, 
-1462947806L, 1558162997L, 1841386185L, 864627311L, 116948198L, 
1881706717L, 578384432L, -116634596L, -434121732L, -1838476767L, 
-355254299L, 748357641L, 952459226L, 1586468571L, 730988148L, 
-47553500L, 1351023050L, 241666931L, -2106613417L, 1390504023L, 
101924411L, -554891053L, -1543593066L, 1579496719L, -812581652L, 
-62001304L, 2107479392L, -47392440L, 1747314102L, 1942415003L, 
-1121702690L, 1226533028L, 1582115870L, 1266581133L, 1849147236L, 
1537104421L, 1789950298L, 366831871L, -80291409L, -1570043101L, 
1363800777L, -553035635L, -561380445L, 332451528L, 335463756L, 
1313534298L, 1751128219L, 1571618582L, -1423563710L, -1720282146L, 
-915532669L, -159854243L, -2136902002L, -1921623834L, -2096069842L, 
1279437194L, -262331257L, 1448743044L, -2125854082L, 1324389647L, 
-1345173917L, -1295402685L, 1678142815L, 1782138412L, -707601444L, 
-342551468L, 1136897757L, -178571218L, 762040610L, 2122262789L, 
2080312142L, 1708561751L, 1484245534L, -695304858L, -898521763L, 
-1378353947L, 1519829750L, -1914486505L, -671507482L, -1496924507L, 
1759675526L, 1798008745L, 1228482054L, -303291324L, 1893472897L, 
-375142495L, 2143178233L, 715470483L, 2010858564L, 1163806314L, 
-1757433975L, 1994700057L, 2115713711L, -416423432L, -1080776239L, 
833102020L, 554748306L, 1862833547L, -2047450425L, 2090239474L, 
272682246L, -1869702446L, -1128789318L, -2059317162L, -179986338L, 
-289314207L, -1754090204L, -813176499L, 100891223L, -865839341L, 
-1893792626L, 2063875686L, -257752381L, 845834459L, -552538656L, 
1567488370L, 434638119L, -564748894L, 1070240968L, -120293742L, 
336206203L, 155230176L, -299679587L, 744582126L, -1528929103L, 
-939807274L, 1271493870L, 1811871048L, 921468085L, -1895062595L, 
55358930L, -301388708L, -1339970974L, 757141630L, 616382824L, 
1220030752L, 540258746L, 686354642L, 1111394720L, 733857026L, 
-933412351L, 1416875321L, -1651780807L, 710226551L, 366765574L, 
-867423161L, 424997610L, -42021953L, 364315599L, -468611109L, 
-147057814L, -1707458682L, -1692932618L, -2106312850L, -1646965269L, 
402867380L, 944755055L, 1257673055L, 964865466L, -420284394L, 
-1819184515L, 1011290289L, 1120850295L, 498724160L, -1103875633L, 
1567432480L, 1731979677L, -672534584L, 1760775139L, 860602263L, 
-1475486050L, -143669107L, 701482952L, -877409992L, -707574502L, 
-1494399453L, 2093268524L, -444463498L, 234076762L, -384916776L, 
-1710571914L, 1969031667L, 1133376278L, -188740854L, -2013718004L, 
-443413436L, 1294589058L, 1545800999L, -352817967L, 931762175L, 
-1586545105L, 714865531L, 1295596542L, 1074567857L, 1760370451L, 
-741902404L, -1214242676L, 1562254300L, -1908923071L, 33163751L, 
-1647630119L, -840331321L, -257220868L, -303911528L, 192932958L, 
261841940L, 725209915L, 1819419057L, 1979314993L, -1082724334L, 
-1336578996L, 183945235L, 380661946L, 1813336877L, -274616234L, 
-986851468L, -1316999624L, -918030660L, 1021419613L, -1724628801L, 
-1622504719L, -1902760525L, 2000062352L, 1921815333L, 883134161L, 
-38857945L, 1292625624L, -172070045L, 1569788478L, -358677446L, 
-1803599316L, 651452081L, 915372292L, 2117944071L, 2127129751L, 
-1764985326L, 53333134L, 764289754L, -1117235283L, 1454920025L, 
1582106643L, 390621550L, -472706578L, -2086454012L, -1475554686L, 
1536307565L, 1124593228L, -822718766L, -1209322964L, 2100161028L, 
