.Random.seed <-
c(403L, 10L, -1007464034L, 906959721L, -1212117093L, 1528329898L, 
2092613836L, 380486031L, -711649851L, 1686059388L, 1033013714L, 
1130722637L, 1170892807L, 1922222062L, -1687359800L, 1103167947L, 
-1972145111L, 1352360568L, 803753894L, -1472902719L, -1778811309L, 
831296770L, -771156940L, -2013928009L, -14087763L, 407292612L, 
2011844330L, 695165269L, 1315870447L, 1396253942L, -1811352544L, 
1743021539L, -967551359L, -2100453136L, -1400479858L, -1130712839L, 
384514699L, -77423942L, -1891576388L, 1205190399L, 1328656981L, 
-1912830612L, -569553470L, 749448733L, 370947735L, -554696706L, 
-157193288L, -784578661L, 1387032057L, -1753371320L, 75819126L, 
-963897935L, 1691163619L, -1242027854L, -2048768764L, 1950107207L, 
1000116509L, -2021089388L, -1160707270L, 45666181L, -470197153L, 
-285010202L, -785277584L, 891692691L, -1055555791L, 1539556832L, 
999989886L, -306933495L, 170931003L, -157545718L, -1904327956L, 
2109849455L, -1045110619L, -1983198628L, 1432021554L, 1133330733L, 
-1545156633L, -103821554L, -1924407064L, 829461227L, -56312951L, 
1054304024L, 1051814470L, -2084730207L, -151130829L, -1300908894L, 
-376587372L, 439452183L, -502987251L, 718119716L, 66101002L, 
-885312907L, 428585423L, -189695274L, 1663999616L, 873496771L, 
2040290913L, 1344280272L, 1636216878L, -1530219047L, -1852880405L, 
-1292092326L, -1197300196L, 1101219615L, 379181941L, -1369423348L, 
-1744006174L, -773373763L, -318181577L, 1852233694L, -480238312L, 
-35354501L, -283202023L, 1892009640L, 17024086L, -965967663L, 
-269902717L, 1902558994L, -2051110236L, -310258073L, 1343604669L, 
55482676L, -1870226790L, -517449499L, 516262527L, -1029041146L, 
1256802192L, 2096564787L, 2075124177L, -432077952L, 634609246L, 
-401381975L, -985996197L, -767869846L, 118924556L, -551524529L, 
1939641349L, 528788156L, -2037769326L, 1047845005L, 460054215L, 
1066448814L, -1214275064L, -1878489589L, 937283305L, -899397192L, 
334898790L, 738861825L, 195716499L, -1107247550L, 1266057716L, 
-1554719753L, -982556691L, 1939400836L, -1969615190L, 128918549L, 
1264694447L, -1802290506L, -999098144L, -1806531549L, -2024719551L, 
1092232752L, -713100210L, 760323257L, -1739302709L, -204167814L, 
1923160188L, -333452097L, 2078943637L, -119430740L, 2036945794L, 
-1805543075L, 98801751L, 2059751230L, -102467720L, 949328987L, 
-2082845767L, -1997555192L, -565534538L, 288872433L, 391938595L, 
-1312445838L, 1959309508L, -89631097L, 1946570333L, -1863700396L, 
390779514L, -1454446139L, 1538464543L, 1717933734L, -469759952L, 
623762131L, 774353137L, -1481327584L, -1090901314L, -1720705335L, 
1019739259L, -527478198L, 770467500L, 1059873199L, -440792731L, 
-1633413348L, -693396622L, -434980883L, 1204008999L, -2067906482L, 
828351656L, 1094240939L, -1470267447L, -895790120L, 2011460230L, 
1588077409L, -763320589L, 919066978L, -109549612L, -868658473L, 
-1622083379L, 602771556L, -499483062L, -1321178187L, 622761743L, 
310961174L, -1676210496L, -198502269L, -2053868383L, -5449072L, 
-1083225746L, 783099673L, -1460806741L, -1960847348L, -553699236L, 
-1061464878L, -1853192192L, 733514580L, -1713360408L, -1880905734L, 
-1758501168L, 558273836L, -1572873996L, 1735153554L, -2073424800L, 
-1907651316L, -862558496L, -858215070L, -1553792344L, 43952716L, 
1727072124L, -1551086798L, -327774608L, -424551100L, 2103356376L, 
-472162182L, -434383312L, 1919867580L, -1955661996L, 1782938178L, 
-1796220000L, -980297540L, -177966640L, -672348830L, 2146886632L, 
-129726516L, 2027325180L, 662220786L, 626326656L, -1704859404L, 
-2015382392L, 1784886586L, 1334977360L, -1463800724L, -944238444L, 
1537698130L, 625671904L, -25247540L, 712104096L, 907417986L, 
1539414248L, 357632236L, 1522665532L, 1500864626L, 1784858736L, 
-2068094428L, -273415624L, 2043419162L, 1645576400L, -1212873156L, 
-907072364L, -1029749630L, 820611008L, -1309016772L, -511021424L, 
-946895838L, -1591382008L, 1519377548L, 1613156380L, 437605522L, 
343157888L, -6274028L, -656989400L, -659483590L, 1527614672L, 
1845957740L, -1811380556L, -1367650286L, 521691104L, -1748292660L, 
-1494262304L, -603513822L, -35379928L, 2130073868L, 1398664764L, 
-1601817358L, 1333799152L, -1895766204L, -360656808L, -555138502L, 
-1088063248L, 599806652L, 1561295380L, 481881282L, 257025632L, 
163116412L, -2064354096L, 1877058594L, -1410242392L, 1729547660L, 
1752551868L, -550365134L, 1466893120L, -972681548L, -138911416L, 
289743546L, 1226473232L, -1195548436L, 571123796L, -1169160430L, 
-380722784L, -208214068L, 1153367904L, -1322394430L, -684823000L, 
1031084460L, 218841916L, -257764494L, -1709093072L, -713039836L, 
323202616L, 570708698L, -2007500912L, -1349487364L, 1711209876L, 
425341762L, 724486656L, 2047215676L, -2086325680L, 595751074L, 
1097130824L, 369920524L, 223148764L, -1411534766L, 1773685888L, 
100108116L, 1500917736L, 431948538L, -1566193840L, -1266736084L, 
-450700940L, 2123533970L, -2070502816L, -558747508L, 1433612640L, 
283646178L, 1802046632L, 1944504012L, -594273796L, 924367794L, 
1772913648L, 689426884L, 1936969048L, -396156550L, -1634315856L, 
-875009604L, -690405804L, 1842780610L, 1995531040L, -271715396L, 
1269952592L, -1893401630L, -1717297304L, -1194231988L, -160682244L, 
-528795918L, 2115058944L, 157183092L, 225119752L, 1708123578L, 
976811472L, 1832564716L, 1667017620L, 1063864530L, -578206624L, 
-269136564L, -1536617696L, -391341438L, 971473384L, -997483540L, 
-1339720132L, 1315047026L, 13896560L, 118603044L, 2076482104L, 
1798222234L, 24800720L, 76932540L, 119336596L, 1026990722L, -1569538624L, 
-319711428L, -1312910704L, 604321570L, 1491301896L, -1336827124L, 
1064690588L, 1155947538L, 1912351616L, 1887959828L, -2050788056L, 
-845836230L, 904528848L, -363693460L, 448777268L, 1541066898L, 
1860827488L, 1909595468L, -2048780832L, -1465967710L, 1287469992L, 
98016396L, -2095664196L, -134552462L, -1794660368L, -1427323836L, 
148154456L, -2132549574L, -381441936L, -1742528964L, 1491527444L, 
1946798786L, -154742048L, -261880708L, 390368464L, -1603562590L, 
1963871784L, -133127924L, -549877828L, -1432080078L, 312789334L, 
-831609036L, 279906885L, -1559857521L, -1865146360L, -1561131994L, 
721460435L, -1063354827L, -138955374L, -441398944L, -1653772087L, 
-1500609541L, 212853708L, -830300582L, 569803599L, -191817191L, 
-1957046226L, 1626412604L, 1521150893L, -947895209L, 2025042336L, 
1883392766L, 1650911691L, -1872506931L, -1172454662L, -1153320648L, 
-1207663903L, -1640626797L, 1114369460L, -339939646L, 1551449815L, 
264417057L, 802981606L, 202112996L, -202887403L, 1759315775L, 
376378072L, -183216394L, -651607805L, 265273925L, 1098437218L, 
-944156208L, -1875218695L, 384019499L, 1843456924L, 1449231306L, 
-432456513L, 1995677193L, -837789922L, 1598381772L, -473489763L, 
1294129959L, 1595028816L, -744375314L, -781253477L, 245788413L, 
1944499690L, -302168440L, 1739165745L, 1033235107L, 1667617444L, 
-1863597230L, 1884015271L, -2142652687L, -1834379722L, 1067317972L, 
-674722203L, 2064039023L, 1201784488L, -2036808698L, 979292467L, 
874925461L, -1223630350L, -1596404160L, 1342255017L, 1707405851L, 
1263242220L, -1052947462L, 1635428399L, -635295687L, -760366514L, 
298556060L, 310968333L, 1432018039L, 1112538240L, -1498465570L, 
472672683L, -252468563L, -2008516838L, 319236056L, -1024318399L, 
1742893811L, -631491308L, -1254924126L, -99729993L, -1869729407L, 
-877394042L, 887317956L, 107623669L, 1677573471L, 340160440L, 
-93117802L, -1437070173L, 1245496933L, 391619458L, 81953008L, 
2042914969L, -1895563125L, 1065576828L, 666425258L, 1827637215L, 
-2028714647L, -92644994L, 1855072620L, 1597657533L, -1406000505L, 
2075096688L, 198499598L, -295968197L, -1984222947L, 101751754L, 
201577704L, -469563439L, 1449499075L, -1621409084L, -351149710L, 
-533918649L, 681369617L, -132445802L, 1636887796L, 491832965L, 
1989070799L, -1705107768L, 1042274150L, -356610669L, -2080436491L, 
1994542802L, -1474938592L, -2070554359L, -852914629L, 1745396620L, 
1949016602L, -821697905L, 1584623065L, -1804750226L, -1738006020L, 
