.Random.seed <-
c(403L, 10L, -761827674L, -1075980095L, 609153363L, 1106615810L, 
75450164L, -1783290697L, 242603181L, -1165872700L, 247009770L, 
1389137493L, -1022951441L, -1752600586L, -1463080672L, -407910685L, 
9166721L, -2098992656L, -1038755698L, -608247815L, 287929739L, 
1445319098L, -2130718532L, 1814705151L, -493141675L, 743914092L, 
347918018L, -1492453091L, -1382027369L, -174839042L, 1289703608L, 
1226619547L, 804182265L, -1435415992L, 1463096694L, 1378624689L, 
1106626787L, -981186638L, 2026747908L, 292375367L, -1415331299L, 
-178464620L, 39712826L, 1281718917L, 484354911L, 205120486L, 
1889300080L, -114458221L, -195664335L, 1181121760L, -621195906L, 
2047926281L, 207712315L, -333545974L, 1992216044L, 2115945071L, 
-1831793243L, 1797508444L, 806089010L, 990023725L, 1985015527L, 
-644103154L, 1284074984L, 1071233003L, 662235273L, 811461656L, 
-1386017978L, -149284447L, -537728973L, -1749703262L, 2104139924L, 
-165116137L, -115527411L, 1441110052L, 1442494474L, 183020917L, 
766155983L, 926830550L, -1438986368L, -762207293L, -2073705119L, 
-782402608L, 39074606L, 1969088217L, -287099669L, 1618146650L, 
-1792317668L, -130121185L, 1959486069L, -1663389940L, -1105100062L, 
1934628797L, -1145786313L, -2124317986L, 867239448L, -1698862725L, 
1471013145L, 1455508904L, -116838058L, 1811714513L, -1331146365L, 
-1578225646L, -798858332L, 698012519L, 643426493L, -492629964L, 
-1356143718L, 332591077L, 1880832895L, -918181114L, 1478624400L, 
-1764240077L, -1344671023L, 875690112L, -97935010L, 2100008617L, 
-415973029L, 562957162L, 632807948L, 1996153423L, -2073424123L, 
145704892L, 1885659794L, 2036205965L, -935677497L, -1941073234L, 
-742638840L, 2074110219L, 853850089L, -250228552L, 761223014L, 
-1779977215L, 747094675L, -691428030L, 35449588L, 1896404727L, 
-593119507L, 1545716100L, 1377030058L, -1014917867L, 2068553647L, 
1532309430L, 1837356512L, -2111001309L, 1268220481L, -672731856L, 
-333486258L, 2143808953L, -449196085L, 2074870906L, 402986364L, 
-13570625L, -175748459L, -703121236L, -389365118L, -1507636643L, 
967769431L, -454180802L, 1144935544L, -1366409381L, -1134654791L, 
-464976120L, -1212547658L, -669064463L, -795122397L, -83542158L, 
-1955000892L, -1520577145L, -1401677987L, -2036795052L, -313197702L, 
719026885L, -1545032673L, -553878618L, -1286177488L, 1092337619L, 
1695722993L, -1051960544L, 169088446L, -218223159L, 402993531L, 
758740810L, 1567336364L, 558362287L, -444339099L, -1146872804L, 
-1370557838L, 81528045L, 720608551L, 1299925326L, 1592420776L, 
360787371L, -1195661623L, 635158232L, -1681153146L, -1855015327L, 
-175493133L, 634995298L, 536671444L, 450090455L, 1100636109L, 
776969060L, 336052042L, 31549109L, -71401969L, -80269546L, 96369088L, 
56150403L, -1808601183L, -451264624L, -73423762L, -2105896423L, 
1237801643L, 2022710938L, 991279708L, 1740474207L, -1066739403L, 
72120524L, 2104443426L, -1492886403L, -584448649L, 955787934L, 
10135896L, -16002885L, 277220953L, -1836687896L, 1546545174L, 
-1688890479L, -21160893L, -1895710132L, 1670328700L, 1560864050L, 
-1737158544L, 1384761156L, 1692868056L, 1029401722L, 1999203888L, 
1194207932L, -591929516L, -819702718L, 682204576L, -1259541828L, 
717617616L, 614669666L, 1384632296L, -462321716L, 1959710460L, 
830816754L, -1843115904L, -509385484L, -712079736L, -920004806L, 
-750087344L, 2141521516L, 1703329940L, -521260718L, 1205403360L, 
259740364L, -1862414176L, 430488450L, 1604063976L, 1583100652L, 
-856351684L, 1862079090L, 726504560L, 1674569252L, -710343624L, 
-295200742L, 1551964880L, 1711789116L, -921025388L, 1880292482L, 
-2101033024L, 1303255356L, 1759597200L, -698037214L, -2144934904L, 
-2047620980L, -919282660L, 1509750418L, 548578432L, 1859792916L, 
-1062566616L, -1330868678L, -1275394864L, 1936069740L, -619818316L, 
586381330L, 1812735968L, 713674700L, -30364192L, 1783627298L, 
-558135000L, -1402015476L, 639862332L, -1577496334L, 1312336624L, 
134787908L, 1635474008L, -1471503814L, -1539537168L, 1446038716L, 
-1776112108L, 1583579330L, -457973664L, -1532572292L, 696794320L, 
-761730014L, 1698740904L, 1624063884L, -1842103876L, -860371918L, 
-966613184L, -1206093644L, 1079104328L, 1558670010L, 1968606992L, 
-1738221332L, -277777324L, -1361389806L, 866366368L, 558047180L, 
1387768672L, 639860930L, -2078374360L, -784853588L, -1581158596L, 
-1804402830L, 1947718448L, -488390108L, -669798344L, 2104331482L, 
1843331472L, -432081156L, -716501100L, 1228915522L, 188742144L, 
712139324L, 1234933328L, -1769098590L, -586597560L, -980256244L, 
-1967067940L, -815091118L, -368826240L, 1653144404L, -1260744216L, 
-782226694L, -760572080L, 262718508L, -77195916L, -488309102L, 
2015689312L, -187149684L, -320804000L, 1073541858L, 350664872L, 
354545868L, 1601626620L, 75923378L, 316749296L, 382856644L, -256092328L, 
-771523718L, -994886224L, 2037432764L, 244727892L, 1637905346L, 
-200850656L, 767063996L, 1115664976L, 1838444002L, 1562079592L, 
-150966964L, -208649988L, -1434467598L, -1269182720L, 468582004L, 
105103368L, -756706886L, 928608208L, -85685780L, 192874388L, 
206680786L, 2044993120L, 1920845132L, 69756192L, -738309502L, 
821451240L, -165969940L, 1393337916L, -1030257038L, 488876912L, 
-1614198492L, 903078456L, -795944550L, 1066334672L, -1699240516L, 
-1736755052L, -1631497086L, 321766848L, -182465732L, -448631664L, 
986356514L, 704345608L, 1702528268L, 40007068L, 1553108498L, 
-1785439360L, 1808478996L, -1030541016L, -435764166L, 1604422608L, 
-606520724L, -100240844L, 925825682L, -2076785312L, 378665292L, 
-1363474464L, -1236765278L, -1833650776L, -1300031860L, 1024622012L, 
-2046685582L, -202992656L, 1064021572L, -527978408L, 484849722L, 
-1566908304L, 1170651196L, -729800428L, -1303027006L, 1555490528L, 
1306056828L, -932022576L, -609224286L, 1828276264L, -154547444L, 
1513294268L, 840487730L, -200385856L, 1405594676L, -814608696L, 
-1278159686L, -243738992L, 1700519660L, 350939732L, -760311150L, 
-1590044384L, 1549976012L, 516694752L, 1448833218L, 921283624L, 
1999853484L, 4151996L, -1673368590L, 559851310L, 1063352636L, 
-2000990547L, -721254057L, -13440864L, 382670334L, -1630689077L, 
1175598797L, -1758559750L, -590759368L, 602232801L, 1823936659L, 
1261564596L, 826761154L, -1380693033L, 1009689633L, 1586803686L, 
757579492L, -1573254635L, -1167408577L, 906238424L, -339849226L, 
15456259L, -1387629755L, -192661662L, 1293998288L, 1835426809L, 
1592868651L, -782132068L, -936250678L, -620692545L, 1667430153L, 
-385941474L, -388754996L, -1645675619L, 2071328295L, -2034533296L, 
-1108515602L, 1877819803L, 1973925885L, -385903894L, -681097848L, 
-1386347727L, -1326687325L, -1031803996L, 1048471122L, 679568807L, 
-1666743823L, 389952822L, -1234797100L, -1981877403L, 1463565167L, 
-1399409240L, -1055732986L, 588828211L, -1851439979L, -445686542L, 
-847327936L, -1413958999L, 27835163L, -1237054228L, -466489094L, 
-223571665L, -1163270855L, 187180878L, 548941212L, 1695444749L, 
1093822839L, -1978438272L, 943279070L, 1460913323L, -913989715L, 
-1814531046L, -563291432L, -1863920831L, -1875598349L, 268234260L, 
953165730L, 1945409719L, 800309889L, -1543519610L, -699788604L, 
2065961973L, -1683690913L, 1472306360L, 312932758L, -1575533661L, 
1325283173L, 243453570L, -399340560L, 851537305L, 1639555979L, 
-644379012L, 2128561322L, -321620257L, -2066183063L, 1064052350L, 
-351580564L, 1168634557L, 757952391L, 398334832L, -664884722L, 
-1506965701L, 1830919197L, 675747018L, -862597144L, -1751835439L, 
121206979L, -874033212L, 2109918322L, 1086842183L, -662529775L, 
1995590806L, -2146803212L, 753144709L, -683296049L, -809539640L, 
-859582874L, 500244627L, -1673076747L, -315885102L, -1452662240L, 
1913117705L, 41083195L, 1549952140L, -816959206L, -396138609L, 
356743385L, -1327982738L, 846106364L, -1799541651L, 1995798551L, 
-1245232672L, -567464514L, 1672008587L, -273677299L, -1254579142L, 
730834040L, -757780447L, -1418388781L, -1549362700L, 1009861250L, 
-320905449L, 13538785L, 1264790310L, -635369948L, 1494335701L, 
