.Random.seed <-
c(403L, 10L, 1165459565L, 2350852L, -1391043030L, -320072811L, 
1320548399L, 1801621814L, -1640599200L, 746196899L, 12613825L, 
1110042800L, 1087453134L, 251226937L, 1516856139L, -1404757766L, 
-1227832836L, 2138956351L, -42162411L, 2561068L, -1453642494L, 
-1900214819L, 1498756311L, 602374078L, 356211192L, 2086165979L, 
296629305L, -417663608L, -1202724554L, -1199137935L, 1386060195L, 
133276914L, -1017079740L, 2029091591L, 1080580829L, -504904748L, 
256066298L, -1468836283L, -440291681L, -1716448218L, 1299660976L, 
-401589933L, 212444273L, 1683872160L, -1360112322L, -656608183L, 
-1313881861L, -790484790L, -29774292L, 1971016239L, -1706390811L, 
-410726500L, 1405594098L, -1391066003L, -903354969L, 1907003342L, 
1194544424L, 168587051L, 963515721L, -263529896L, 1032721158L, 
1733459681L, 1836030579L, 150168290L, -658178476L, -1346140329L, 
-559891635L, 954863332L, 1751338698L, -1210249419L, -1408113265L, 
1893859990L, 1666751040L, -582341885L, 144882465L, 1309621264L, 
725478382L, -1170883687L, 1709073451L, 29655322L, 1429140444L, 
1520301535L, -584236619L, -2121363636L, -836737630L, 188933373L, 
15280631L, -1628018914L, 1932384728L, 86471483L, 1829778649L, 
1166030952L, 2001096086L, 424367377L, -2063903037L, 1234106066L, 
527691620L, 409637543L, 1534655485L, -892752396L, 119155418L, 
-1112183771L, -772783809L, 478525126L, 652696400L, 1868039027L, 
-379128431L, 1191565248L, 136700318L, 1646152553L, -519340133L, 
2086127274L, -397889332L, -1873612401L, 710231493L, 1173490044L, 
1950448082L, -1486985907L, -2074937337L, -455927826L, -1108828472L, 
255185355L, -317627351L, 2105791096L, -490463322L, -1012164159L, 
-1419514285L, -95312638L, 1259357236L, 2066257335L, -201000531L, 
-1553065276L, 713162474L, 684233045L, 833341167L, 1935750390L, 
-1910488032L, -1733921309L, 144336513L, 263213296L, 974524302L, 
-801193735L, 786967179L, -1116296518L, -1741093444L, -1335054593L, 
878289493L, 1117869420L, -1240621630L, 1805082141L, -528144745L, 
-2071171074L, -923018312L, -1134422117L, -1448190471L, -1892524728L, 
-1345218442L, -1341348431L, 599796707L, 285980850L, 1068995844L, 
102479431L, -1627872995L, 1049718676L, 488493882L, 75374469L, 
613837919L, -1856035098L, -231682704L, 251704979L, -1302794447L, 
-1312524832L, 1802834558L, 1247879433L, 589251387L, 825506570L, 
762942188L, -225357969L, 1604620453L, -1467508132L, 1637816882L, 
-504884947L, 1043732455L, -465142002L, -1726418712L, 538796779L, 
1970187145L, -703719656L, -880338362L, 634903201L, -1685529293L, 
-387922782L, -131585132L, -1082732009L, 422139405L, -71584988L, 
799690506L, 101433973L, 1731477967L, 1037814486L, 1943465600L, 
-1650372413L, -104690079L, 1464583888L, -307888082L, -159734311L, 
-398427669L, 90483802L, 435500572L, 1755936543L, 2111933301L, 
-611610100L, 496591842L, 2103062717L, -493232329L, -1176500258L, 
-1373858536L, -1911670661L, -599736807L, -945514840L, 693138518L, 
1580519633L, 1671081091L, -703181038L, 489413284L, -1531697561L, 
1147779005L, -803313356L, -105264486L, 1166714234L, -746278480L, 
-1231401028L, 138416212L, 598705090L, -1073257440L, -303829828L, 
-845338032L, 391794658L, -1454590360L, 1710508620L, -199835396L, 
232976370L, 1221836032L, -2061527180L, -1132437496L, -1046170182L, 
-1652064816L, -834993172L, 1323310996L, 344755154L, -1611008160L, 
1587492172L, -1112220384L, 1694421890L, 190532328L, -918407956L, 
809794108L, 69720946L, -1247540624L, -1860630492L, -1443580104L, 
527219866L, 67793616L, 689266876L, 1166468756L, -1570118014L, 
892443840L, 207499580L, 194543760L, 783522338L, -1613466104L, 
-1583836916L, 798483100L, -804569582L, 420507008L, -214077932L, 
-2034555352L, -1546152646L, 1136895952L, 1816445548L, 1078757172L, 
-808422766L, -1719338656L, 1570857292L, -1934196768L, 1834069922L, 
120846248L, 1856756620L, -1231006020L, 797105010L, -189740816L, 
-1869965244L, 1053670744L, -742751174L, -212442256L, 792642620L, 
1580825364L, -729232958L, -270544672L, 842303356L, 168423120L, 
1959290530L, -1152285656L, 1132300556L, 4957116L, 810216754L, 
-993181760L, 1572532788L, -418182200L, -1116175174L, 473542544L, 
-644192788L, -1609670572L, 1800908434L, 1009343264L, 1502158284L, 
-606745632L, 1890915010L, -624858584L, 453664428L, -379800900L, 
-1744371214L, -1925838544L, 369163428L, -1115311432L, 66177882L, 
507145616L, 550789500L, 1091427604L, -1911985854L, -274873600L, 
678362044L, -1273140400L, -868294366L, -347747000L, 1309390860L, 
-1674913700L, -1108519726L, -1701632000L, -39736492L, 1962119656L, 
991643642L, -1893120304L, 1349424428L, 674330868L, -429361262L, 
1277111392L, -585061108L, -2004154656L, -295940766L, -1650031960L, 
-1662473652L, 1582802812L, -636458190L, 1609674352L, 725867844L, 
-653481000L, -1063698310L, 619845168L, 1817549500L, -1807575212L, 
310377026L, -1629496416L, -699549508L, 590213584L, 154633570L, 
-2045910040L, 804956108L, 1919313660L, 164483058L, 252116096L, 
-2109142796L, 1087067272L, 646477114L, -893336752L, -1726174100L, 
-1285066604L, -218986158L, 1343037152L, -1626103604L, 1267275936L, 
-1263691390L, 1732475112L, -811456276L, 607266876L, 824107122L, 
-1336711056L, 854352420L, -1975352776L, -463767014L, -976920368L, 
1686505020L, -1110029164L, 1419773058L, 1335207872L, -147456708L, 
-286290288L, -1369398238L, 1463537672L, 827481228L, -335081444L, 
180417682L, -199349120L, 1559053332L, 1904952104L, 1317655610L, 
601107664L, 957797484L, 1288939188L, 1438117906L, 1787690976L, 
-102143028L, -127148576L, 1576688674L, 1217373480L, -884336372L, 
-1400959428L, -2109541134L, 623593712L, -1093662908L, 1034686552L, 
1892598330L, 1201436912L, 1157288636L, -96077292L, 1344269506L, 
-167557536L, 334353788L, 165622992L, -603864030L, -64378712L, 
-2043916916L, 505508284L, -1998596046L, -1064729792L, 892751540L, 
-1879973560L, 592298682L, 453426960L, 1264361708L, -301963180L, 
-1057167598L, 1206149536L, -1395456052L, 1250418528L, -712213310L, 
1595149864L, 196401580L, -1126997188L, 123417458L, 721661744L, 
616554532L, 546819640L, 601707226L, 1778268048L, -1532529412L, 
-2094157813L, -1555777395L, 1022263738L, 1673269240L, -1668666463L, 
-182614701L, 830946420L, -178483710L, -1561837417L, -440593823L, 
-1172231514L, -412011868L, -1760962731L, 994663423L, 1272171160L, 
-915312714L, 1731740739L, -274014843L, 925959714L, 881753360L, 
-1972523847L, -712060565L, -738951076L, -1647153782L, -1540851329L, 
319448265L, 1445992798L, 2010667532L, -118006307L, -889994009L, 
896835856L, -809074642L, -1669581093L, 1593118653L, -1518393046L, 
1706376648L, 1013383921L, 1916439651L, -1862199196L, 1306645394L, 
-589580185L, -373962703L, 2042042742L, 226076308L, 1598778533L, 
2002088367L, 1103178344L, -1634954682L, 401356787L, 405047125L, 
-1072907982L, 2062978304L, 1433013737L, -2082154405L, -1521726804L, 
-464948038L, -412043665L, 1480008697L, -1638643058L, -1076130980L, 
-153131059L, -693336265L, 436065728L, 226146974L, 1980658539L, 
-895456531L, -1003888806L, 1962349592L, 1014952321L, -1853880525L, 
-2085307052L, 626308962L, -1463809033L, -785746879L, -626466618L, 
1317654020L, -1212257867L, -700721505L, -1505495304L, -1831421226L, 
773549923L, 2057574181L, 670158018L, -862918224L, -1551375911L, 
863694667L, -1172683332L, -1718848022L, -953150945L, -206964567L, 
-2001981378L, -456933076L, 1947364221L, -1434951225L, -786574160L, 
-1252228402L, -684804101L, 160809053L, -393066614L, 783943592L, 
806382865L, -1938230269L, -1472364796L, -1878731982L, 2053239175L, 
-1752565807L, -568411818L, -595937484L, 1637653061L, -1854970225L, 
1396584456L, 1748276262L, -831853357L, -797692363L, -865892974L, 
1194760544L, 1312350409L, 688059387L, 415888332L, -1062613414L, 
663933775L, -206640615L, 2002634798L, 103106108L, 162954157L, 
1405858903L, -1437957728L, -1480058114L, 674707915L, 550141901L, 
-573140230L, -1667331784L, -280194335L, -1195838061L, 594451892L, 
1215798978L, -299897129L, -1059881183L, -1645160730L, 627191780L, 
