.Random.seed <-
c(403L, 10L, 1511201547L, 826147898L, -203971780L, -327911297L, 
1320278997L, 1832941036L, 1387558722L, 53688477L, -319635177L, 
802674814L, 1411067960L, 673572635L, -695180167L, 2105994440L, 
-1635468042L, 248315185L, -1457152669L, -961364174L, -1309804412L, 
-1158011705L, -1338390627L, 984306452L, -434454086L, 628512773L, 
-1389433377L, -83206042L, -521023504L, -39540461L, -2061822287L, 
-1778785952L, 215947006L, -902991223L, 2009157051L, -1534732406L, 
674520684L, 312197103L, -12167131L, -2127251236L, 917659314L, 
1510543789L, 192402791L, 312582798L, -308122776L, -2143317141L, 
508423433L, -1286118504L, 170422982L, -1944995807L, 608079027L, 
-1657991646L, 817631252L, 965088407L, 946093709L, -1307938908L, 
264106378L, 2067639797L, -1312505777L, 1524840278L, -113594880L, 
-1845174461L, 783906529L, -574614448L, 1176558766L, -555702183L, 
1664010347L, 158780890L, 1419867804L, 1434929311L, 546472693L, 
-429031540L, 1794289250L, 1239175741L, -828236617L, -971742370L, 
1402209944L, -1094638085L, 1452259225L, -283951064L, -1217214250L, 
179719505L, -1054630909L, 1171899282L, -37637852L, -876402713L, 
936418365L, 262785716L, -916494054L, -692950427L, 1154424575L, 
1512432518L, 766666000L, 580271539L, 2145164881L, 321396224L, 
467843806L, 1673550121L, 136733915L, -824597526L, 1979487116L, 
-887008049L, -1828864891L, -1760905412L, -892623342L, -1159387891L, 
-1673638329L, -154430418L, -1000842872L, 774463627L, 2052766313L, 
-260143560L, 414007014L, 1935514241L, 2114307603L, -679882302L, 
-1937139084L, -246825865L, -1276656275L, 2058344964L, -333022934L, 
657346197L, -1327717073L, 228876342L, -986557344L, -762357085L, 
-803967551L, 1950845360L, -230106930L, -608393671L, -1121093557L, 
-1356502534L, -1662442244L, -2081289921L, 2112538133L, -680176340L, 
-48261630L, -1860621091L, -1659578409L, -1625087298L, 1062647032L, 
-1951446309L, 876564793L, 336696456L, 1975243830L, 2058530929L, 
294429347L, 979908594L, -1258955964L, -1201605625L, -1411706403L, 
-653701420L, 961868282L, -1743446715L, -964957793L, -1873437914L, 
727040944L, -1779478445L, 537725809L, -740738400L, 1693699646L, 
-587881143L, -1208853509L, -884957238L, -369135316L, 162786607L, 
2142180325L, -1432057188L, -185299214L, -1374158995L, 1031035047L, 
-2006336818L, -962877400L, 112440363L, 1168455241L, 846249816L, 
1075083782L, 660480993L, -1860058765L, 1242722786L, 1986577748L, 
510983255L, -658374579L, -1224637468L, 103965130L, 1690150965L, 
-1400183153L, -1183639658L, 1712749376L, 1667118595L, 1652706337L, 
-560341232L, 1902245102L, 43097241L, -1657964245L, -1209421798L, 
113650396L, 1535883999L, 188728501L, -228478388L, -1160675678L, 
-1262172675L, 1175432951L, 33998878L, 46803672L, -456696261L, 
-625554471L, 821483880L, -1181060970L, -59159023L, -815503421L, 
1160322002L, -620075420L, 773174695L, 1271720701L, -575574284L, 
1369377242L, -1058353883L, 1256430655L, -1313223738L, -2139346864L, 
-914865037L, 172501137L, 263092416L, -418811234L, -994824599L, 
1552350875L, 1948488618L, -555124788L, 2140709362L, -1939150208L, 
-1627415052L, 105817736L, 1939021626L, -1987177648L, 1966361708L, 
-974835308L, -497814446L, -1429323296L, 1443687628L, -1318779744L, 
-1357183614L, -1373869848L, -968861972L, -395803332L, -448291726L, 
975419504L, -1813680092L, 462887992L, -1453199590L, -846353200L, 
-1037041860L, -1926547564L, -800611454L, 917088704L, -620413380L, 
1100277136L, -355181022L, 1422837000L, 1995570828L, 854208284L, 
2014904466L, 80001408L, 1467586068L, -1485000920L, -1202017734L, 
77888976L, 794282348L, -26262604L, 2103572498L, -701544992L, 
-1558456372L, 750993632L, 1600043042L, 1185329448L, 1510641164L, 
2059249468L, 1471058930L, 2137385712L, 2053729860L, -499215784L, 
2005835578L, 567416304L, 1102788284L, -1191945964L, -1329753406L, 
-368130976L, -842460292L, 1313236944L, 1773695266L, 875805352L, 
300317580L, 5933244L, 1755594546L, -733025728L, 2105302196L, 
-1477889464L, 587740602L, 182911504L, 1637671660L, -1659870892L, 
-1973018350L, 452423072L, 654602956L, 102825568L, 992892866L, 
1434171176L, -1997688916L, -505416900L, -720778894L, -1115727056L, 
-2067530460L, 1115245368L, 666250970L, -627538032L, -1290875140L, 
258669460L, 491221058L, -844098304L, 1534002236L, -1241743024L, 
1954791586L, -1744506552L, 1685063436L, -1556135204L, 1107942738L, 
436049024L, 1371467860L, 1580863464L, -938104582L, 1734597456L, 
-225575124L, 1609959796L, -1182192750L, 1176402016L, -1529848436L, 
-838681760L, 1129953762L, 995414952L, 676009164L, -389492740L, 
2092524978L, 1720604144L, -227316796L, 1990751576L, -1509975686L, 
-371031120L, -1670932036L, -476542892L, -2088892478L, -356298720L, 
-1397782340L, 1073406544L, -1180556318L, -631742360L, -1804078004L, 
15673596L, -25170958L, 410282240L, -956280460L, 814332936L, 1723584442L, 
158089680L, -1887032340L, 1503768980L, -722505262L, 769433952L, 
1255857996L, 1010407712L, 2000547714L, -2038161688L, 907579628L, 
-1699924932L, 140487538L, -1943011728L, -773934044L, 112741176L, 
-376402790L, 181498576L, 878149820L, 1221979796L, -2052585854L, 
195745984L, 1081406268L, 628169872L, 1423760930L, 1138851848L, 
847527180L, 1298422940L, -2087854574L, 463224704L, -1648284140L, 
-256161240L, 1183745338L, 952244688L, -698289044L, 1117878580L, 
1441310354L, 766790496L, -1978530996L, -1393731616L, 1422403490L, 
-78428248L, 764857740L, -1294047044L, -388478606L, -207604496L, 
1603731524L, -1533095592L, -2071038406L, 800906096L, 99629116L, 
-962814188L, -1465731646L, 329857760L, 1766139772L, -1476563248L, 
1207941282L, 408624168L, 1099490572L, -1980438596L, -1133516494L, 
1029089728L, 7014964L, -2035012664L, 94009530L, 171596176L, -1129057812L, 
1078837844L, 950583442L, -1071775968L, 1990322636L, 193517024L, 
-1967442238L, -1479056344L, -2085948756L, 887014588L, -2032633358L, 
-344194768L, -1695968092L, -1098897736L, 1521093978L, 342369680L, 
204837756L, 536623380L, 1044927298L, 1579875072L, -530810948L, 
784809808L, 1355711266L, -1763418808L, -1959265780L, 1042831452L, 
262229202L, -536126976L, -62337708L, -905694571L, -1874619457L, 
1718249304L, 1952537974L, -1230168189L, -962009659L, -1082983710L, 
-1208253616L, 1597398649L, -92290645L, -285812964L, -96624566L, 
1297499199L, -608525175L, 1679519902L, -13927092L, 825527581L, 
1321552039L, 1122830288L, 1652502382L, 1821058587L, -689451139L, 
1707726186L, -1872819192L, 1912190129L, 773739299L, 536469540L, 
347124434L, 1846990631L, 1299458417L, -1428959306L, 2137129812L, 
-847073819L, 1128036335L, -581511384L, -145461370L, 575355827L, 
1736698645L, -1233140366L, -1092535872L, -1934968279L, -1660100965L, 
1878042476L, 878993274L, -1671485265L, 1994597305L, -2118482482L, 
1882616092L, -1352911731L, 2138929399L, -964717568L, -1348880802L, 
-1590425301L, 1705122349L, -690722150L, -976308648L, 1544640961L, 
-523032973L, 251503508L, 1073748514L, -260381385L, 1052476417L, 
-1877014266L, 43449668L, -467894155L, -904834593L, -1900298952L, 
-2020479210L, -1150972125L, 55725285L, -1296828158L, -1917355152L, 
2133414681L, 130491147L, -598446084L, 1776749610L, -23977889L, 
1734330345L, 1615595774L, -738690836L, 999685181L, -281505785L, 
1238223856L, 644491150L, -1300769349L, -1689234531L, 514132298L, 
1678410088L, -1724741807L, -864783293L, -2045575868L, -1515422222L, 
-2015627321L, -652256879L, -1897231082L, -1863985804L, -1402498043L, 
1213715535L, -2082920376L, 662068710L, 88830739L, 817874037L, 
209428050L, 1453496480L, 1970606473L, 1287512507L, 276151820L, 
-1167743078L, -1974079729L, 43758937L, -888991762L, -1303652740L, 
-1720238355L, 1448003991L, 1173267040L, 686913598L, 479510795L, 
-2107493491L, 173150394L, -364357896L, 206290081L, -1628166061L, 
744190836L, 370487554L, 1991504279L, -2057745567L, 56143782L, 
150059428L, 944013397L, 1649423615L, 1542248856L, 1984340662L, 
-1466287293L, 1640253061L, 147630882L, 1579372560L, 119638969L, 
1351998571L, -537927844L, 1544095370L, -1333779841L, -1923716151L, 
