.Random.seed <-
c(403L, 20L, -499922435L, -1616272396L, -1858634534L, -772346331L, 
-1011440833L, 197554374L, 482463056L, -339282573L, -1448501359L, 
-485953088L, 1121547166L, 468053353L, 815642011L, 1595971754L, 
-164084020L, 698460047L, -1490443323L, 955418492L, -71649326L, 
-1428859059L, -1298987513L, 863704558L, 1010409672L, 107802571L, 
870746665L, -1289045896L, -1276365402L, -262946879L, -2064112557L, 
1446513410L, -496333260L, 2105609143L, 807443373L, 824709316L, 
1356997866L, 2054662997L, -981181201L, 1332769526L, -104579552L, 
-1013939229L, 659359873L, -613869840L, 1535079822L, 1613871865L, 
231012491L, 961839290L, -208645188L, 1756940543L, 1633967189L, 
1758406508L, -2016716862L, 1059020829L, 1375379607L, -1247191554L, 
2082844088L, 346513819L, -225974279L, 2013982536L, 671201910L, 
1764979633L, -1537446429L, 288993970L, 1891520260L, -523602873L, 
1052476189L, 677108116L, -877552326L, -585367163L, 807326303L, 
1459975398L, -129153168L, 1987659923L, -1916943055L, 1010127840L, 
-1790492546L, 1573886729L, -1894843077L, 248058122L, -1403207444L, 
-429363857L, 1483092645L, -484832164L, -14742478L, -73888979L, 
1700958695L, -190829298L, -810024216L, 342445291L, -396819063L, 
-881994472L, 1555617862L, 1981022369L, 710215475L, 708974242L, 
-355326572L, -2116047849L, -2049623027L, 1974704420L, -1188662006L, 
123032693L, -861552689L, 915759318L, -1331404672L, 2126765763L, 
699181153L, 1374263504L, 702894638L, -1553091623L, 1013824491L, 
810834522L, 1634774044L, 307968287L, 861350261L, -986830836L, 
556118498L, -1963881795L, 1417200951L, -659478050L, -121442536L, 
22652539L, -705551335L, 809161896L, -557027754L, 1161235153L, 
-675485053L, 1136140562L, -1743190876L, 556061799L, 1462689213L, 
-2084593868L, 273104026L, -1854340379L, 1109982335L, 580302342L, 
-294157936L, -628573133L, -2055908399L, 1424202112L, -960056226L, 
1501684649L, 112605787L, 594042474L, -962485492L, 1893565775L, 
-1943536123L, -828177220L, 438269330L, -133550451L, 1999709383L, 
573161902L, -1869583352L, -1451581429L, -1134488343L, 1693758392L, 
1922727014L, 1308253441L, -1948042349L, -817800126L, 635560948L, 
-1997132297L, -976571923L, 1028309636L, 270038186L, 343106069L, 
-401745L, 1499389110L, 49457888L, -1446259165L, 2120243521L, 
-1537702864L, 303816270L, -1992127815L, -785551669L, -824617094L, 
486678140L, -1050207553L, -1252295787L, 1933753260L, 1853043074L, 
-600508579L, 528489047L, 1671696702L, -917163656L, 347392603L, 
192396729L, 952164360L, -48225610L, -10601999L, -180867037L, 
1756876914L, 1699033796L, -1734171513L, 317413469L, 507526740L, 
901299322L, -1882478651L, -2006554337L, 779872422L, 813779504L, 
-1362538285L, -255369487L, -93880800L, -467138370L, 254020809L, 
398861947L, 10757194L, 1806232748L, 1032960943L, -1781219483L, 
1033360668L, 191102322L, 336131565L, 1736972839L, 1701984846L, 
-1792967000L, 268244139L, 164910537L, -108701224L, 793170054L, 
1949293921L, -128093965L, 41303906L, 799242708L, 1743408343L, 
-2114842931L, 553641572L, 78963786L, -852218022L, 806370704L, 
-389411460L, 1218523412L, -1766023870L, -837573888L, 1655434172L, 
925459280L, -138930910L, 952789320L, 715082764L, -740291492L, 
1445180626L, -1415015424L, -2144983212L, -230045208L, -1087136774L, 
-1142748464L, -1871567572L, 567246068L, -190700654L, -206893984L, 
1616091404L, -2136511776L, 2095224162L, 1896666792L, -1338888628L, 
1433023356L, -350683342L, -760995216L, -149892796L, -1378965544L, 
389543034L, -2039883216L, 383037116L, -361349292L, -1651241406L, 
-41336928L, -2114601796L, 1601941968L, 546263394L, 762587112L, 
1458109388L, -1679732996L, 1783383026L, -182422400L, -76021516L, 
-1338171256L, 1698517306L, -1079315632L, -950566804L, -366125932L, 
1101260114L, 1231893216L, 1879583948L, -1663542112L, -296591998L, 
-853816088L, 410627308L, -808310724L, -557101966L, -1317389200L, 
1094447652L, 370267704L, 1747128858L, -641526576L, -1006541252L, 
208330900L, 2030283906L, -2065626176L, -295243460L, -1057018224L, 
-1600519134L, -1953796088L, -710773620L, -722828260L, -1186762606L, 
-298539904L, -1282614252L, 393680680L, 42551354L, 260896976L, 
-2104002452L, 169594548L, 766307346L, 706597856L, -1595825204L, 
-730258976L, -1839667166L, 674063656L, 1209839884L, -1520983492L, 
169375986L, -1106789136L, -2122918076L, 1592532056L, -1191020998L, 
-1646718736L, -1195460932L, -760802796L, -694649662L, -2030826912L, 
-723476100L, -315732784L, 1453418530L, -102206296L, 1933468044L, 
1823248828L, 854969394L, -1889921216L, 758190772L, -1364214456L, 
1568560826L, 1319191312L, 965925100L, 398191700L, 1893993234L, 
1469345184L, -199723060L, -1510853792L, -1616470846L, -1524350424L, 
-1430028884L, -735114436L, -399302798L, -1324957904L, -396557276L, 
-1563000264L, 1748059866L, 405635984L, 1298061564L, 1254793620L, 
22405954L, -1097131520L, -1977670596L, 1583508048L, -1858796382L, 
-1635584184L, -857522676L, -1829847332L, 2000896082L, -2001813376L, 
-1828152492L, -1050434584L, -1166744838L, 28155728L, 72007724L, 
2073670004L, 702616210L, -1896635808L, -250870644L, 1952478560L, 
-1409611550L, -400818008L, 452881100L, -687593988L, -1224097870L, 
585865200L, 1143932356L, 728783192L, -1384696454L, -1604868688L, 
1769482684L, -25068972L, -1122087486L, -1458767072L, 1282526140L, 
474072144L, 1475076066L, 1550066536L, 23848780L, 1821309692L, 
-153224462L, 280457472L, 611357812L, 1135434248L, -454874694L, 
-1262536240L, 1593601004L, 32327572L, 1744088274L, -476886944L, 
-1445060276L, -1562450144L, 451521154L, -1681274392L, -596683796L, 
1089461820L, -137291150L, -1483563152L, 2113179940L, 785944120L, 
2014731674L, -1931004464L, 1981845948L, 1580638868L, -1796245886L, 
-948629056L, 536985404L, 251672208L, -780397790L, 1890305544L, 
-1253099764L, -1146046564L, 1775493138L, -2126470272L, 1084317460L, 
-1945876184L, -1854824390L, -558917680L, 1291037292L, -148894668L, 
522081426L, -43270816L, -407637684L, -1770362400L, 133758882L, 
1750798248L, 1262220428L, -634178628L, -95774606L, -1760939024L, 
1291534404L, -1128229800L, -589819846L, -1531772816L, 978956860L, 
1406445051L, 1786642013L, 1902545290L, 1189892520L, 220737297L, 
-1954017789L, -1445533436L, 1134558514L, 1947822983L, 1060862417L, 
-638782634L, -2143635148L, -102070203L, -1832054641L, 1002176008L, 
-1009950170L, 704520915L, -1750862795L, 848833426L, 391224160L, 
1530881737L, -88417797L, -1176451636L, -851557286L, -1138099889L, 
1074685977L, 1218981422L, 323261500L, 185229741L, -298519977L, 
1152895904L, -1455066882L, -617516085L, -892820019L, -1626584838L, 
-1952277704L, 210868449L, -26109037L, 1784160180L, 1534190786L, 
-1372722985L, 846877985L, -1026599706L, -2001681948L, -655409899L, 
-177867457L, 1653483736L, -492472074L, -993090813L, -651545531L, 
940526690L, -1414444080L, -690339591L, 762620459L, -418630244L, 
-761803318L, 651771583L, -2127667191L, -321732322L, -1267546932L, 
521539741L, -1660476121L, -872482992L, 361658862L, -1014493541L, 
-789364483L, 2033149930L, 392700040L, -451256783L, -1249953629L, 
1086352548L, -1661907630L, 1875511463L, -378364687L, 747547702L, 
-1439644460L, 177457253L, -509234577L, 1187835048L, 864045574L, 
-1652618445L, 267214741L, 829012978L, 1416482880L, -1212583511L, 
219291675L, 852233708L, -97161734L, 1950358063L, 2115098169L, 
-2016395186L, -783505252L, -1329501683L, -2009250185L, 2114199168L, 
1605958878L, 552492971L, -234925907L, 771048730L, -312172072L, 
1010080321L, -810790669L, 520417044L, -1035958622L, -371703881L, 
-2133390463L, -96454266L, 1296849860L, -1103149323L, -858893473L, 
-579420744L, -698219370L, -1384449373L, 374266981L, -487929470L, 
430117616L, -1535474023L, 676629131L, 762415996L, -1362530902L, 
663422431L, -225995927L, 1657017214L, -2111435924L, 1806892989L, 
-1206858617L, 1875132528L, -100537586L, -818608069L, 262326045L, 
-1131125302L, 1187634920L, -1818283567L, -714603581L, 1890196676L, 
414573426L, 1032601159L, -739647983L, 212414358L, -1354788108L, 
