.Random.seed <-
c(403L, 14L, 1095075491L, 501187009L, -350863952L, -2146487090L, 
175415865L, -515165109L, -1773709830L, -344993540L, 1070810431L, 
-1554220523L, 1308873004L, 29082114L, 1680249053L, 1357898711L, 
-1056186690L, -1893340936L, -642312485L, -124883655L, -1836189560L, 
1291714614L, -1363823503L, 790494883L, -1621969934L, -1171142844L, 
-116078585L, 1978115549L, 1731125972L, -1817448966L, 191529285L, 
-414530145L, -1687980250L, -1756801104L, -902499245L, -1862193295L, 
733800096L, -617444802L, -871915191L, -1125081093L, 1293206474L, 
-827106004L, -813747921L, -2000511003L, -1293173092L, -164017422L, 
-1499567251L, 2093962407L, 1266126542L, 1471570984L, -1290700757L, 
-1700578743L, -1616047272L, 2129468934L, -27367455L, -1637059213L, 
-1533977118L, -1637559980L, -1641635753L, 1963895885L, -1174298652L, 
-1322734134L, 1862677557L, -6286705L, 585812886L, -650111168L, 
481163779L, 1716101153L, -1482224880L, 256469230L, -1540781927L, 
-2071773909L, 527676442L, -1472534820L, 373722847L, 297363637L, 
-2090410420L, 1429258914L, 1193757181L, -1866792201L, 62104606L, 
-564105512L, -590671301L, 1319563225L, -1521666712L, -20888426L, 
436027921L, 1688615875L, -1990694958L, 2050183780L, 94532007L, 
-1743827203L, -1077429516L, -723071526L, -185056987L, 1840207935L, 
159684550L, -1065063344L, 1430847603L, -1597254511L, -1287510848L, 
639067806L, -1480779159L, -964879717L, 1749489578L, 221021132L, 
-917430641L, -1146028347L, 2102883964L, 263297746L, -1934528947L, 
-981204217L, -527358226L, 1144308680L, 717550795L, 1449700649L, 
1298767224L, 2009948838L, 179832001L, -1439836845L, -1103015422L, 
1019710260L, -1884100425L, -1030623059L, 2103045572L, 621387242L, 
498352725L, 1631759343L, -341914634L, -1363550944L, -1047350557L, 
1551442817L, 2054764016L, -841757554L, 37385209L, 905449867L, 
225742266L, 1205048508L, -1713141761L, -1864309419L, 550139500L, 
900416194L, 1826931997L, 622492567L, 1067331326L, 119180472L, 
899735195L, 407997689L, 973631048L, -504821386L, 1888088241L, 
975938787L, -1568427086L, -2112664572L, -972763321L, -1107294691L, 
-812606316L, -1500230598L, 1392600709L, 1257281375L, 1153923046L, 
2055223920L, -605647469L, 1596258865L, -1378338592L, 1702908286L, 
1823446025L, -1417505733L, 489912842L, 1353613804L, 16471663L, 
-1347495515L, -442048164L, -1091011278L, -2080742355L, -1904125209L, 
1414991886L, -961175064L, 541221867L, 1792375945L, 403646488L, 
1911101254L, -1988049503L, 83483699L, -911625822L, -2019433324L, 
1866797847L, 1157373197L, 1250303012L, 1511140362L, -1823272587L, 
-1529960241L, 592645078L, 364938112L, 1064196035L, 283869537L, 
-1633728560L, 679530286L, -25726247L, -826683157L, -1270234790L, 
-699225316L, 438378015L, 972252789L, -790097140L, 404360930L, 
569484221L, -1248472009L, -24643874L, -168934888L, 1407323515L, 
-161364711L, 1583106472L, 2039299414L, -100909615L, -460442237L, 
-1783223278L, 1489831844L, 1291681639L, -1993851715L, -627336140L, 
-1369477222L, -1802507291L, 1377068927L, 819418886L, -1957306224L, 
345176371L, 479530705L, 583974016L, -1653849520L, 520309730L, 
959064168L, -1969341364L, -815236868L, -828507150L, 1208375552L, 
-1143946892L, -2001271800L, -2076999750L, -336916016L, 339008492L, 
-587662956L, 1262518738L, 762564960L, -1931972788L, 421685536L, 
-1366927486L, 29937384L, 978460908L, 1374053436L, 1421589362L, 
2111342192L, -1214657500L, 597197624L, 1003437210L, -2118907184L, 
-1138483012L, -1564746092L, -100897150L, 142588096L, -1957684420L, 
1183657104L, -1736999390L, -712572920L, -825932532L, 690447516L, 
-1819189742L, -32084096L, -997022188L, 71795240L, -1933636294L, 
536994256L, -867263380L, 1106000180L, 346156690L, -1473514656L, 
108962636L, 491943904L, -2049722462L, 1961113512L, 1507102092L, 
1316352188L, -3755662L, 405662960L, -915492796L, 476289368L, 
602529338L, 697604976L, -2020337604L, -698370284L, -888595006L, 
-1416146208L, -1814466692L, -2053562672L, 854184098L, 1679557672L, 
1306494220L, 401854396L, -1123946190L, -129453632L, -1935386060L, 
-1865206840L, 159830202L, 1157646736L, 2130913772L, -2013554092L, 
-1960040302L, -182319328L, -384257588L, 737215968L, 1990825666L, 
450944040L, -816571732L, -1469410116L, 1659724274L, 676094256L, 
1615846564L, -1961570632L, -1582256806L, 101764496L, -1393280132L, 
2041250068L, 73782082L, -1689769216L, -1406134340L, -16808112L, 
-471010526L, 1096512840L, 1628242444L, 360339548L, -1850149678L, 
-1246944768L, 1653462356L, 2087297512L, -1733194758L, -1274949424L, 
2002701612L, 44466932L, -38751854L, 406848608L, 2110590220L, 
-1736260896L, 668488034L, -1749681496L, 1084678732L, -2076399236L, 
-63316686L, 1569800304L, 2125274948L, 1005114840L, -1955849094L, 
-1234842064L, 934744764L, -74786988L, 627422274L, 487284128L, 
-1393587524L, 27857360L, 95376738L, -388481048L, -33685556L, 
-1142315268L, 743389682L, -649154432L, 927358196L, 1267613320L, 
-1678889158L, -598967472L, 628973164L, -1032079212L, 1648961874L, 
-853223712L, 321723084L, -181194592L, 1550883714L, -1221799192L, 
-779160852L, -1356592068L, 2042325618L, 2139669616L, -313311708L, 
294353976L, -17987558L, 182467280L, -1652569028L, -1156447084L, 
1161452674L, -531382336L, 2079011132L, 528013968L, 475964450L, 
688374792L, 100534412L, -1139379172L, -1084166510L, -1341913984L, 
1917227028L, -683401944L, -1289916870L, 1869761744L, -856931220L, 
1082876596L, -1719775214L, -119498784L, -240412724L, -614466080L, 
1744746018L, -1862180568L, 1541396748L, 875464252L, 1135898866L, 
1729831664L, -255081660L, -1650797992L, 2032589370L, -1207370000L, 
1691870396L, 1376998932L, -99665726L, -16402336L, 1075713404L, 
-1048357680L, 3496994L, 2002870952L, 2016810892L, 1668444604L, 
-362138574L, 140982080L, -296314700L, -963818680L, 869227194L, 
935499536L, 718250220L, -2047343532L, -1965682926L, 286464928L, 
-59248692L, -513979552L, -419639102L, -1701485016L, 1896793516L, 
515481404L, -78080142L, 1151937328L, 1067364900L, -431351752L, 
-818305830L, 447244688L, -1843001604L, 1300156308L, 453184322L, 
-845012480L, -1429661124L, -746504624L, 609942178L, -106587320L, 
-756028158L, -844663401L, 306007905L, 177699750L, -667003484L, 
1781697621L, 1676804351L, 400913816L, -135168330L, 1733443395L, 
-1278815611L, -2500830L, -194182128L, -919107655L, 355674219L, 
73868124L, 1574507146L, 1239240319L, 1350533065L, -1771957154L, 
1351581452L, -552648995L, 2030471143L, 1138986000L, 1336598830L, 
-139581989L, -1385403715L, 599478314L, -567678776L, 79752689L, 
1348868963L, 790821732L, 1193144978L, 2067148647L, -625082063L, 
19081846L, 2003737492L, 145051557L, -29466449L, 1704107368L, 
500505926L, 1581776115L, 1674125909L, 678526514L, 1729305600L, 
-1715392279L, -70744229L, -248512084L, 840638906L, 833470319L, 
328786169L, -1914391154L, 1885579356L, 361138893L, 1403121207L, 
1315919040L, 1199516574L, -1489741717L, 1199896557L, 1004231258L, 
-487195368L, 237652609L, -636438477L, 1900486228L, -1542227358L, 
-1405039369L, 450410305L, -522308154L, 2008573700L, 2027303605L, 
-747901537L, 1724654072L, -919261226L, -1738642845L, 1814073893L, 
-802768446L, -902119760L, 625641177L, -1401782197L, 332914364L, 
115903722L, -573368033L, 1800587689L, 2054123326L, -475137492L, 
-972748675L, 2032925383L, -140704848L, -412052018L, 952116987L, 
819682653L, 1037489802L, 880424104L, -124522479L, -1230053117L, 
1898728452L, -18627534L, 864791687L, 1813842129L, -345380266L, 
1941795380L, 498891077L, -1029741681L, -1180391672L, 302338342L, 
1744597459L, -1052517579L, -499819886L, 425819744L, 1194641353L, 
2081699579L, -195241780L, -1566912166L, -321725361L, -1856597735L, 
-1511494866L, -1965755076L, 2083549869L, 1848479063L, -160961376L, 
1658685950L, 334107851L, -1049623859L, -362455558L, -1166528968L, 
-473615391L, 17374355L, 968357556L, 1113287618L, -1344843817L, 
-1131257823L, 46245862L, -1967054108L, -2055637483L, -1913778625L, 
-2090230312L, 282928118L, 1969921027L, -2022428859L, -1073706142L, 
