.Random.seed <-
c(403L, 36L, 1672224346L, -1346090331L, 601108671L, -987114682L, 
1274151376L, 566748147L, 90848017L, 394177344L, -1967484130L, 
-711730199L, 2072408347L, -1956484310L, 342699084L, 180380687L, 
1810255685L, 301263100L, -1388292270L, -705914675L, 672221319L, 
-275817618L, -1612378808L, -1550214837L, 647646377L, -1845645832L, 
-2136247002L, 224880193L, -335056941L, -759716478L, -694875724L, 
-367028937L, 382623789L, -1133597372L, 1057172074L, 1485472981L, 
885486191L, 1008801654L, 732903584L, -146132637L, 979493377L, 
-1783238288L, -1664839410L, 1368556409L, 529943307L, -1026968518L, 
-610430148L, -127727489L, 1738451925L, 1873479148L, 299190082L, 
-1949357923L, -1643351785L, -1300043650L, 283574328L, 1526429467L, 
1276802169L, 1881349320L, 722316534L, 324767025L, -1729221277L, 
330280754L, -208697212L, -2034453305L, -471435363L, 492413716L, 
674173370L, -135911419L, -632029729L, 1153331302L, -939147280L, 
-350037741L, 1076602545L, 2125582688L, 1217545982L, 438493833L, 
-684704325L, -982325366L, 1566207596L, 113192943L, -902027227L, 
-1962407716L, 1221422770L, -2052996691L, -422697625L, -521751922L, 
770579304L, 514958187L, -621380343L, 2014024600L, -1529748794L, 
-1571575775L, 306117811L, 866876962L, 781639700L, -1784691561L, 
1665248909L, 1190289316L, 1312186762L, 1149320693L, 1622118479L, 
-9361578L, -1841111552L, -1619259581L, 1302398689L, 824689744L, 
1125911726L, -401262503L, -1648183189L, 1360371162L, -631290212L, 
204216479L, -1708272907L, -1848225908L, -98328990L, -2087452099L, 
-1276425033L, 159126366L, -2055440744L, -82332165L, 378218393L, 
170397736L, -1652352810L, 1825152337L, 16002051L, 1497150354L, 
1267179812L, -997435417L, -468227011L, 2116557492L, 406485274L, 
-1871848859L, 116150015L, 140694406L, -1025870576L, 1317088691L, 
286477905L, -655184384L, -996168994L, 2138974505L, -1624836901L, 
1899189226L, 1944241036L, 165545167L, 289614981L, 768255804L, 
-1938631150L, -1389513459L, 1664556615L, 1805444142L, 496503176L, 
-282267509L, 92785257L, 2122372664L, 1299066598L, -149697919L, 
-1940711917L, -892304958L, 1448061556L, -2076865417L, -2144029331L, 
516262404L, 1280960810L, 10927765L, 168744239L, -1837600714L, 
1412015200L, -1289319773L, 1325325761L, 1607465392L, 1713252558L, 
1695716921L, -589854645L, 798267898L, 1588581628L, -1393739457L, 
-540142059L, -324393684L, -1494465022L, 1630059741L, -1241053225L, 
1445827262L, 776119544L, -42337573L, -1430060743L, 1079362696L, 
-1117248458L, 12271729L, 1181749923L, -312596494L, -744027324L, 
529417223L, 662528477L, -1787412780L, -845651462L, 1862389061L, 
736655775L, 415820582L, 2025395120L, 2118246483L, -1036133519L, 
1489128096L, 780705342L, 1392989513L, -159282181L, 197914570L, 
789348652L, 1845468463L, -835370011L, 901839516L, -1890713870L, 
-722317459L, 2044635303L, -2121356594L, 311408680L, -1102699477L, 
1278838345L, 872820568L, 1882917382L, 62960609L, 281317747L, 
300704226L, -583199404L, 902720599L, 1296977997L, 2022429668L, 
-1919348278L, -53831627L, 1421866639L, 258734972L, 1360500500L, 
526880066L, 649109248L, 1185321916L, -228855984L, 1178859810L, 
-1477049784L, -603541492L, 1763349596L, 435814866L, 1917017600L, 
929960276L, -486346520L, 1376260346L, -696121648L, -1716014804L, 
1800524020L, 1800654226L, 882657632L, -439187444L, 1341063904L, 
254311010L, 1874604712L, -599807412L, -2053726340L, -1153153742L, 
2137577072L, -565505212L, 1329522648L, 1488131962L, 1438180912L, 
234985404L, -1591093676L, 1917247554L, -1183649632L, 1144428220L, 
876698064L, 1696576354L, 1058108136L, -838623028L, -799964676L, 
2047910386L, 1244711552L, -1356890636L, 1084941960L, 1347837754L, 
-471272624L, 2011737196L, 2104701332L, -735177646L, 1786692064L, 
84905164L, -458849120L, 453895554L, -1418786584L, 425015020L, 
-525105860L, -1597563790L, -886294416L, -964644828L, 1678015544L, 
-647221478L, -1147163440L, 1064435516L, 424236948L, -60456062L, 
-2116277824L, -789307844L, 1386972560L, 223141410L, -1841863416L, 
1430052492L, -1177186532L, -849657710L, 1189943680L, 1415190036L, 
-331280600L, -1142486470L, 2102681040L, 347482476L, 1167434676L, 
-102664174L, 1204798944L, 302806988L, -1816117024L, -79562718L, 
-1209994968L, -1671475700L, 244025148L, 500282354L, -766899472L, 
1487064644L, 1894011480L, 74809146L, -95169040L, 893261500L, 
-159205100L, 1567691458L, 2082808928L, -687164548L, 1350453200L, 
1611673890L, -1498482008L, 50486156L, 1221003452L, -244015310L, 
-47502784L, -71787340L, -742321592L, -1336068678L, 1470743056L, 
-2013764884L, 722911572L, -1801576174L, -1387557472L, -361934132L, 
1375297120L, 198522818L, -2002643160L, -10481748L, -96087236L, 
768977266L, -583296208L, 591355172L, 560540472L, -840986918L, 
-345323632L, 353447676L, 511146900L, 862572610L, -760818432L, 
-464493508L, -418160304L, 1446297762L, 1243140424L, -1671575796L, 
-949943588L, -1831592622L, -2100161408L, 1162334292L, -1461948440L, 
412444922L, -229876912L, -889266388L, 402426228L, 758614930L, 
-511928224L, 1308147084L, 213654368L, 1179711970L, -1812647000L, 
913306828L, 480423932L, -401029710L, 1841337840L, 1229327300L, 
614552920L, -39437958L, -1941740624L, 413825468L, -1403623340L, 
825821122L, 522596384L, 1888168124L, 235127376L, 1214817250L, 
-1345683352L, 2052650060L, -1503065860L, -1451602958L, -464320256L, 
705425780L, 1459911688L, -2120667206L, 1188331984L, -296014868L, 
-1052372588L, -1243885102L, -1415610016L, 1761591116L, 1073355040L, 
-567414910L, -311238936L, -570502932L, -1583819716L, 1233791858L, 
242646640L, -1305144284L, -360969416L, 614509722L, 1697542864L, 
-1575665476L, -1443672428L, 686384770L, -1806223168L, 1707406140L, 
-2047427440L, -50864606L, -1902870520L, 2078227724L, -1482236772L, 
-1745666542L, -2134712448L, 1348308500L, -737138136L, -1844804294L, 
-809313840L, -473443220L, 345430324L, 2043184786L, 953592672L, 
2040390476L, 1626724320L, 2051590050L, -134535256L, 963997068L, 
-1940068164L, 1081878898L, -174017296L, -209493948L, -482127528L, 
247002682L, -118670480L, -574810052L, 1855020820L, 307393986L, 
-1991686646L, 1948228392L, -1708923503L, 238992259L, -1986084732L, 
-688181582L, -549522937L, -214187439L, 512956886L, 1494041780L, 
-1989893947L, 1872278031L, -297702776L, -1825386586L, -1037629613L, 
-1455777611L, 100267538L, 1729995744L, -1669376439L, 1085695099L, 
1810974028L, 1329279194L, -191635249L, 581926041L, 78119086L, 
-1083425348L, 1978983981L, 339853783L, 2055325728L, 1893379454L, 
-839150773L, 1387272525L, -1046227078L, -469444168L, -711005343L, 
-606328045L, -1612766412L, 1955553602L, -360467113L, 1717276833L, 
1740044646L, -2043286684L, -1854733675L, 1766286271L, 1438545752L, 
662654326L, -494252157L, -1506224699L, -1898353950L, 1378112336L, 
1994698361L, 1436250539L, -1725184228L, -864890806L, -851135425L, 
-1694829431L, -821002082L, -805229236L, 62995741L, -940762969L, 
966866896L, 972922734L, 1419310619L, -1296023683L, -1982904982L, 
1687272456L, 1395303601L, -266075357L, 20344868L, 1680310994L, 
-2054797529L, -331253391L, -1404330058L, -831040684L, 2058485221L, 
1437853679L, -650197208L, -1847099514L, 1614850995L, 1715247893L, 
-2038778510L, 1250593216L, 2071538217L, 379588251L, -1538066580L, 
-348483718L, 1320442031L, -2027146311L, 2034095566L, 2128150812L, 
-1378089843L, -1337931529L, -1848327168L, 796165726L, -1464215253L, 
-1548817875L, -942540134L, -227203496L, -1462449727L, 1024669299L, 
122188692L, 2029546018L, -928869065L, -9071615L, -1644832506L, 
133705028L, 940232821L, -2064203297L, 637267256L, -1576034538L, 
94863139L, 405257445L, 779340034L, 932776816L, 991568665L, -337644789L, 
1030160380L, 1862990890L, -126013345L, -1948141591L, 1266301182L, 
-368842516L, -1580569539L, -1754636281L, -760669200L, 784086926L, 
1208223163L, -511392867L, -1765574326L, 1476546920L, -476096687L, 
-208518077L, 1860398404L, -1468281358L, -1694234681L, 1293814161L, 
386063638L, -1983625868L, 762921989L, -879598513L, -1016285112L, 
