.Random.seed <-
c(403L, 10L, -1735516340L, 769885455L, -1374287803L, 392737276L, 
-620765102L, 1491241421L, -444261497L, 863276654L, 1829797448L, 
857348171L, -1110609495L, -370864904L, -1255303130L, 1898449217L, 
-72333613L, -2042270078L, -231582540L, 668929079L, 418279213L, 
-180540348L, -136826518L, -1204834859L, -2059859089L, -1712786826L, 
914974112L, 599437923L, -642190591L, -1047795088L, -1968110066L, 
-862105991L, 2074810891L, -2107452614L, -186324420L, -815666817L, 
-1839340843L, 223605484L, -1923701694L, 518953885L, -985402857L, 
988940158L, -1816845000L, -1799867877L, -321406087L, -1030234680L, 
-1528503818L, 1104049201L, 1713243747L, 305904178L, 1660086148L, 
-1986030137L, 1319369885L, 1353169940L, -2054661446L, -1523942651L, 
-76668705L, 1266891110L, -835654416L, -2023483373L, 1998179761L, 
478693472L, -1480538626L, -916115063L, 1635821243L, 993878666L, 
-1514766996L, 1494797039L, 1971778853L, -3308580L, -1724173902L, 
-1231490899L, 1536770151L, 462366606L, 1711329384L, 1284537451L, 
-564353527L, 433703064L, -941280314L, -1366440159L, 1049748403L, 
-881685726L, 834223380L, -1341969001L, 1592300941L, 1040528548L, 
-332786038L, -1027142411L, -1974365361L, -2022486954L, 1928548096L, 
1255328323L, -1632144927L, 861197648L, 907316142L, -1717573287L, 
-1119840405L, -1022777638L, -1011734628L, 1860975519L, 884351477L, 
-1104817012L, -526074526L, 1027371325L, 2080381367L, -319431074L, 
729610136L, 1994553083L, -1525186919L, -1792006360L, -776249898L, 
-1861025199L, -1542776573L, -830614382L, 2060855844L, -1079118617L, 
-433198787L, 1099742644L, -1815297510L, 2085161317L, 574896127L, 
-1652330874L, -1043646960L, 1080339635L, 198715217L, 671156992L, 
1770041822L, -466953687L, 42670555L, -1117731094L, 1397335180L, 
796814287L, -1234721915L, 94646332L, -1555365614L, 758236685L, 
2075841863L, -1152385234L, -615656824L, 964932491L, 1556538217L, 
-837853896L, -66490394L, 554837889L, -1423016173L, -1020049214L, 
-612768908L, -439554185L, -441804691L, -1860520188L, -2013788630L, 
-330830955L, 1502416943L, -2104022730L, -452802208L, 860964771L, 
312578241L, -106700624L, 48803790L, -1419746503L, -2133808309L, 
248611066L, 1390639612L, 1030494783L, 1889660693L, 1481505836L, 
-1289837310L, -1040658979L, 1861864663L, -267069506L, -55016968L, 
551761371L, -725853127L, -1338708600L, 1898654006L, 70955889L, 
-780848733L, -188732174L, -45617084L, 104145671L, -1401163043L, 
307944404L, 1143773946L, 753106501L, 1554851487L, 1637989414L, 
-1170138960L, 1859969363L, 1565285489L, -1598348896L, 274693438L, 
-956375991L, -738666245L, 996053194L, -2102221268L, 375454255L, 
1194193637L, -1194211428L, 1113469426L, 1879596141L, -1847087705L, 
-848554034L, 1191392552L, 1149691691L, -609981111L, -431426984L, 
1842957062L, 1517463265L, -1473498509L, 706607842L, 547702356L, 
-1330098345L, 1703240525L, 1899300580L, -793442614L, 2126333749L, 
1740090767L, 2035714710L, 499950144L, -469425405L, 549098273L, 
496309264L, 1949070318L, -763690087L, 477871147L, -1194325734L, 
2062773212L, 1182879199L, -305669707L, -1378617004L, -1844228888L, 
-498108166L, -1854407984L, -2096333012L, -2025577228L, -346276462L, 
-90459808L, 916271116L, -1586001696L, -1630005662L, 651808936L, 
-350216116L, -739985540L, -1542214350L, 173182576L, -480159932L, 
-464852008L, 2087888762L, 1010451504L, -1266382916L, 2088393300L, 
-1031178174L, 1370670752L, 1700319932L, -957739056L, -2128268958L, 
1662380776L, -1000911668L, 1063406076L, 1336734194L, 640088192L, 
-1589182988L, 866347656L, -386832582L, -793239216L, -1798274964L, 
-477534828L, -407210926L, -1877102112L, -2111311668L, 1356216992L, 
-673908350L, 895552744L, -901180692L, -243582660L, 1992586354L, 
-2080752016L, 1469728292L, 1711908920L, 434230554L, -332328752L, 
-2035466948L, 1855553428L, -945029246L, -995942464L, -357644740L, 
1540098448L, 1010213922L, -2090338040L, -469044084L, 1857282844L, 
618420370L, -524465792L, -158180332L, -1962303704L, 1827784250L, 
1139716560L, -1519701652L, 1936308148L, 1176485394L, -50519072L, 
1579279820L, -2106751776L, -231272414L, -1065519320L, -773474804L, 
1552225084L, 1738601458L, 1747217136L, 688597572L, 1074800216L, 
1345173306L, -1638231056L, -2108594500L, 1980638484L, -664801086L, 
1247485024L, 408566140L, -1460774960L, -489236190L, -757764440L, 
811793292L, 1614601404L, -652689614L, 1727840832L, -857594700L, 
-511245240L, 2142460346L, 1977695760L, -1462138644L, -1178674860L, 
1066243858L, 1657009568L, 223910604L, -1108994464L, -1911701566L, 
1839325992L, -1240846932L, 1952248124L, -1019682958L, 479183152L, 
1296912164L, 1983227192L, -430155046L, -846018672L, -985263364L, 
-806662252L, 1842464834L, 475839744L, -166417348L, -362631856L, 
416831650L, -858687672L, 1008187148L, 1094273756L, 1611559762L, 
1906324096L, 1926764628L, -212472856L, -507185414L, -770873008L, 
-109919444L, -2057123980L, 1537467282L, 1351218784L, -1278890100L, 
-2145234080L, 203065314L, 19234728L, -1318724404L, -1068233220L, 
-2076120142L, 2004994544L, -538351164L, 901620056L, -1573304966L, 
950743472L, -444100676L, 385650772L, 451257282L, 1685554208L, 
-1322361668L, -344597936L, 1232502754L, 1385764456L, 121592396L, 
679600380L, -1751093262L, -1814373120L, 95827828L, -1229955064L, 
490546618L, -2033353264L, -1867578388L, 1499119508L, 718027730L, 
2061203296L, -25041588L, -1355985632L, -910113918L, 966736616L, 
2012570860L, -1965004228L, -48739470L, 1886415472L, -625313756L, 
-1318156488L, -921932646L, -1186450736L, 1269366972L, -453781868L, 
1564452482L, -901374784L, -2026016452L, -2141392752L, 1426041378L, 
658695688L, 1371160844L, 992465564L, -211882478L, -291836544L, 
-1229709804L, -140765656L, 638592314L, 998393808L, 1867436652L, 
-1129076940L, -1761058158L, 514275680L, 723521868L, -1729138720L, 
-312270942L, 238532520L, 1147865996L, -218847556L, -1232057486L, 
-1693992720L, 552278084L, 1042865496L, 1693291578L, -2060745872L, 
-528743364L, -1364841708L, 1135135170L, -908721952L, 2054666108L, 
1529716432L, 1440351906L, -1063896L, 1044818188L, 1424192444L, 
1036680498L, 1659264960L, 1273139764L, -244048952L, -1055546182L, 
1697489288L, -963627866L, 1777763411L, -1809496651L, 1818536722L, 
-764045088L, 1226845513L, -770478213L, -1452688820L, -1058864166L, 
2112866767L, 708730777L, 348960686L, -1307853636L, 652096813L, 
1658939095L, 1507929888L, -885053314L, -627503541L, 924918861L, 
1153673850L, 11453112L, 24098913L, 203098643L, -1857986508L, 
-1325474238L, 919583319L, 1728743841L, 355060326L, 42031716L, 
-1127667307L, 1451246271L, 528030296L, 1033244278L, 1243157123L, 
-1294801211L, 1323389922L, -1042788784L, 994982777L, -1265545045L, 
379811868L, 552015690L, 175959871L, 907784585L, 1359557022L, 
-1506760628L, -1600462307L, -849457241L, -874716464L, 1824420974L, 
-953636069L, -257727363L, 1514453610L, 1915587336L, 1061979057L, 
-1543994333L, 881798436L, 1782786514L, -1313064409L, -1273174927L, 
1988950710L, 290842196L, -479589659L, -742668561L, 1868730920L, 
-279234938L, -947601229L, 78468629L, 1468602482L, 486851776L, 
-1327408855L, -1100849253L, -391464852L, -1353077638L, 1783756207L, 
-713067335L, 2024881870L, 1011547164L, -1167106163L, 1688402423L, 
-2143187712L, 397110110L, -1714488277L, -1698024659L, 998301594L, 
1799753048L, 74932417L, 1461264243L, -901389164L, -1754558174L, 
200470583L, -477789951L, -523357178L, 851055172L, 1031691125L, 
1187069663L, 1643956792L, -1769979370L, -1820330461L, 386605541L, 
1220620290L, -1278457232L, -1529249767L, 575625739L, -1854967556L, 
-72389334L, 677475167L, 2007532265L, 1513720318L, 11851244L, 
379872573L, 1026133255L, -469422864L, 2006560910L, 382290619L, 
-1196219747L, 1973270090L, -980321176L, -1197337519L, 745914179L, 
1194011204L, -758748942L, -1102211897L, -1577210223L, -1462996970L, 
101202548L, -856589051L, 2067346255L, -390308536L, -1893019418L, 
440157715L, -1201399435L, 557833554L, -1204925024L, -964641655L, 
