######################################################################
#Copyright Jason Rudy & Faramarz Valafar 2009-2010

#This program is free software: you can redistribute it and/or modify
#it under the terms of the GNU General Public License as published by
#the Free Software Foundation, either version 3 of the License, or
#(at your option) any later version.

#This program is distributed in the hope that it will be useful,
#but WITHOUT ANY WARRANTY; without even the implied warranty of
#MERCHANTABILITY or FITNESS FOR A PARTICULAR PURPOSE.  See the
#GNU General Public License for more details.

#You should have received a copy of the GNU General Public License
#along with this program.  If not, see <http://www.gnu.org/licenses/>.
######################################################################

.Random.seed <-
c(403L, 524L, -977210054L, -238384763L, 803433055L, -1054896922L, 
1312669552L, 2116927635L, 1483115825L, 982088672L, -22394754L, 
-746310903L, -2053745349L, -510908150L, 1736464620L, 288105839L, 
-1338553691L, 1124385884L, -541227982L, -1189674195L, -1602520601L, 
1128146190L, -1416398104L, 2054452459L, 617696649L, 1540959512L, 
1802498118L, 576362657L, -172400845L, 1245785762L, -579469932L, 
201057303L, 1135256589L, -325848796L, -520856310L, -400491403L, 
1581553615L, -77121322L, -1819289472L, 1658005187L, -478736287L, 
77643984L, 1223309870L, 518441945L, -333868053L, -211340710L, 
-1971756004L, -1395842785L, 350507381L, 1358778380L, -1949623838L, 
100401853L, 1111604535L, -51682850L, -244619496L, 90091131L, 
-576799719L, 760450216L, 1147758166L, 760054481L, -1139117437L, 
-1275123438L, -1766486876L, 958594151L, -1051527747L, -2105923788L, 
2039665818L, -1664181531L, -63044481L, -643391994L, -1979807344L, 
-561671117L, 1726741457L, 558559616L, -519300002L, 46734249L, 
-44752293L, 1901540970L, 1928305420L, 1739296079L, 147772933L, 
1410882748L, -1694425710L, 1431737997L, 495332551L, -2049406546L, 
1961767944L, -2089572341L, 914455785L, -1503519816L, 784532582L, 
-938728191L, 340468627L, -392256446L, 567884788L, -2111556105L, 
-2112484883L, 1008798340L, 1743039658L, -603260395L, 1900242607L, 
1297581238L, -922234144L, 1605512739L, -1400983231L, 731597872L, 
-1763445170L, -780270919L, 1516205771L, -313421958L, 1406547580L, 
1595241151L, -1054501995L, 662344620L, -1178691198L, 1457020765L, 
834761303L, -559531714L, 1705449848L, -827329957L, 1549587897L, 
-1466718200L, -1813128522L, 1073762801L, 881477667L, -614659982L, 
-105260348L, -191320953L, -1466539939L, -578984364L, -68615046L, 
294531013L, -2018938593L, -327868250L, -997146064L, 356792531L, 
-475187471L, 658576928L, 230588606L, 418219209L, -2029883781L, 
-1665049526L, -748411732L, 2072216495L, -1890113691L, -202244836L, 
818201970L, 166104557L, -1101151705L, -1548103090L, 544986792L, 
1088416939L, 225217993L, 906854872L, 1364654214L, 121382241L, 
10033395L, -1354823838L, -1331949100L, 2008577239L, 490911437L, 
-379109788L, -1343144886L, -1995990603L, 803317007L, -1511353834L, 
-482718528L, -1661367677L, -1047300447L, 1517795472L, -172649618L, 
1928371481L, 1630506411L, -642020454L, 1523688284L, 1841881695L, 
551692853L, -329150004L, 1974200610L, 1799760765L, -1694939017L, 
1085382046L, 733025368L, -330411589L, 1520346969L, 736462056L, 
-210359018L, 1671204497L, 2025882435L, 481492562L, 867160292L, 
-771595481L, 1793472381L, 1533713012L, 868475994L, -339960667L, 
1774814911L, 1285004614L, -391011376L, -1345065485L, 605153553L, 
1155274048L, 646976798L, 274330089L, 351011611L, 1172507946L, 
-1032419764L, -2025446897L, -2006837947L, 655603452L, 1359351122L, 
1558635213L, -1788413305L, 754539886L, -1558325432L, 1044050763L, 
-1615504727L, 723955704L, -634126554L, 263618625L, 1200927187L, 
-675734654L, 493170612L, 785426231L, -1080263123L, 1977446212L, 
1349119082L, -2085464363L, -708099985L, -828062148L, 1075318932L, 
1531059330L, 1462066112L, 748933436L, -1780392304L, 338801698L, 
-1420795896L, -563796852L, 823657500L, -852045678L, 1819870336L, 
1793690644L, -89344216L, -1284851654L, -266327856L, -1120655252L, 
843218612L, -441775086L, -371821600L, -1217846324L, -1487343136L, 
962471970L, -1686600408L, 1358123276L, -1430928836L, -1301862158L, 
-2085475088L, -1990633660L, -978187176L, 180971066L, 1651314928L, 
-1550604612L, 216695316L, 1987652802L, 1955920480L, -1927503492L, 
-929174320L, -1123145694L, -627571544L, 1686851980L, -1343090244L, 
-1761674190L, 1907627840L, -1051848012L, 1994202440L, 314025658L, 
-2058087664L, -2128627476L, -982246316L, 559643410L, 457596320L, 
-1371785268L, -997432480L, -528446270L, -556269016L, 935996844L, 
-2065908932L, -66674830L, 398942000L, -678284252L, -1987612104L, 
-348461350L, 1254642576L, 1251461372L, 2083045780L, -1916333246L, 
1095539200L, -210906052L, 115513936L, 1997288610L, -1814120632L, 
-1169433076L, -1536725284L, -887795630L, -1053736832L, 1628793684L, 
-790768664L, 351748858L, -692277424L, -1332744148L, -585424524L, 
21758610L, 1548112480L, 840635532L, 2131666272L, 1092544738L, 
1177792680L, 1616333516L, 309278204L, 1077436338L, 1216284656L, 
685221316L, 1203870040L, -757598854L, -1528277584L, 377698748L, 
580438612L, 2124213698L, -807724256L, -410137668L, -1484692400L, 
-1894756382L, -1277111448L, -1530034356L, 1939417852L, 409533170L, 
1351225600L, 1995863156L, -1507161592L, -1568712262L, -2007668272L, 
-1621488660L, -583649388L, 1110170834L, 736168032L, 588829004L, 
995538720L, 1619221122L, 421374440L, -1342802964L, -1441608132L, 
1541696114L, 1997877104L, -34307804L, 1458368056L, -2060771942L, 
965871056L, -1873649220L, -410578284L, -2108397950L, 134640064L, 
-1393332420L, -1729386864L, -696782046L, -1136228856L, 109049612L, 
-1252534372L, -1420111854L, 116204416L, -1586016492L, -1556698840L, 
-279662534L, 35014608L, 96815724L, -984867788L, -774536046L, 
2027793760L, 668504396L, -1449362976L, 1875292066L, -412954712L, 
280208524L, -665476164L, 1090648178L, 493151216L, -237772732L, 
-479722408L, 98836538L, 979886192L, -1965182404L, 1181694740L, 
1908154050L, 864546528L, -1355393924L, 509370576L, -1872473182L, 
-676085208L, -317111028L, -1269527620L, 1763673394L, 130849984L, 
1049742900L, -1907509560L, 1553847994L, 1538695312L, 297405164L, 
-587433388L, -2041069934L, -2009892064L, 54168524L, 456895712L, 
1045818050L, -1514917848L, -924103764L, -613905732L, 2042574322L, 
-477690320L, 925732772L, 1366709688L, 1680834394L, -711071600L, 
1160047484L, 1933976340L, 12906818L, -750599424L, -606142532L, 
43066192L, 42071330L, -757297592L, 2030868492L, -641097636L, 
1000696274L, -1642853888L, -1721384620L, 1852486888L, -2122715910L, 
-1898989872L, 1229430060L, -725923596L, -619952750L, -2085226144L, 
-1653008372L, -1011470624L, -1162196382L, -207888728L, -2133051828L, 
-1642685572L, 1815745842L, 1890311792L, 1429572420L, -767798312L, 
-1930563718L, -344190416L, 1082067900L, 692675156L, -1445786558L, 
1881948138L, 1851877512L, -1741670863L, 1599402147L, -2118769500L, 
-1461861038L, -200634201L, -362773263L, 330077238L, 451935444L, 
297926757L, 1348110959L, -1236556632L, -1324342778L, 614908723L, 
-303581291L, 1057657842L, 643344448L, 1912551849L, -2104027109L, 
263955948L, -1060080134L, -1149795793L, -1714868679L, -788711346L, 
-678231908L, 1508139533L, -866558345L, 1991472768L, -1336273698L, 
-547248213L, 300361901L, 2020855066L, 1341975000L, -1488440767L, 
116599027L, 1635518228L, -324735326L, 222177207L, -1175817343L, 
-1805885050L, -844590140L, 308600565L, 1079421791L, 1786484152L, 
2020863126L, -1652366685L, -1400535963L, 1626026370L, -1343378704L, 
-632136039L, 2120745611L, 924246908L, -73402966L, 1638546911L, 
-775107735L, -2049119362L, -844364948L, 635537341L, 1145418887L, 
1058834544L, -905850098L, 939950139L, 2074570525L, -349381174L, 
286979816L, 1632377297L, 1148324803L, 404866244L, 467622770L, 
-1604262329L, -1840998895L, 506746774L, -1681814796L, 75455621L, 
-309018161L, -780839736L, -677808794L, -1190959213L, -2128082699L, 
1068884178L, -438939872L, -1054134519L, 2062006331L, -1174803060L, 
