.Random.seed <-
c(403L, 10L, 289943922L, -302382140L, 1875734407L, -988310179L, 
1186040660L, 409612666L, -1054950203L, 1297473055L, 1183365542L, 
-1019020496L, -1400677933L, 993959921L, -1552455392L, -421193794L, 
-623036471L, -526329989L, 723914058L, 648178092L, -873544529L, 
-1022345627L, 615605788L, 481474674L, 759873261L, 1177510695L, 
-395919538L, 1226962856L, 1631880107L, -1911308087L, -1154742056L, 
-1937164922L, -1352651679L, 40656371L, 1274911842L, -1730028844L, 
1377151959L, 1732895181L, -1455032988L, -625442486L, -1354192715L, 
545570831L, -1560184554L, -1395137600L, -1277022333L, 1269702049L, 
-1397997168L, 1703905902L, -1212634087L, 1871294635L, 706106522L, 
277046364L, 863068511L, 1621525301L, 1130399436L, -309914590L, 
1579083389L, -1007207561L, 1831466142L, -1635273896L, 1948677819L, 
1556519001L, 42175464L, -448524778L, -445705839L, -1164164541L, 
-458079918L, -1450109468L, 2115779623L, 1238239357L, -252783244L, 
-323511974L, 182390693L, 1421782975L, 1588110406L, -646642992L, 
-2131145485L, -1130403311L, -1806390208L, -1738833890L, -1696686359L, 
494640155L, 982627370L, -2044426420L, -1694712561L, -802348987L, 
1765362172L, 1362233426L, 1668624845L, -1029827705L, -1688848786L, 
-734988728L, 638734411L, 1916877225L, -1542916872L, 656375846L, 
1735299393L, 323137235L, 1174443650L, -253387596L, -1210063817L, 
1672709933L, 441058372L, -664983190L, 1996998101L, -2090048657L, 
-751175050L, 1917517216L, 1793649251L, 1820932865L, 2019521136L, 
593571342L, 187213433L, 2050707979L, 1254427450L, -407473604L, 
-1016123009L, 1896749781L, -831620372L, 97356866L, -1830739043L, 
1578744343L, -1629716610L, -594948808L, 873851419L, -1882131591L, 
1395393992L, -474154506L, -965628879L, -1053807005L, 588919346L, 
877297540L, -1728410169L, -2079046499L, 416908308L, 1563009722L, 
1225138949L, 2095093983L, 878149990L, 1289356528L, 1846661139L, 
-68217423L, -263573408L, -2021466626L, 127224201L, 1062018747L, 
-480945526L, 2008253804L, -946904337L, -1120518875L, 1218816988L, 
-1065473614L, 201509037L, -1658161049L, 355684238L, -1230284696L, 
744604779L, 58723849L, -2037968744L, 648231878L, 1419210529L, 
-1080345677L, -85265630L, -1819179756L, 759825815L, -900293235L, 
2102148260L, -1031725430L, 1880593653L, 1843424079L, 1151931478L, 
-199698688L, -1595116989L, 1857096161L, 1408994640L, 920282030L, 
-1872281255L, -840360085L, 288771802L, 721731484L, -195763297L, 
-73840139L, 1025535116L, 2032645474L, 1889470781L, 538403255L, 
1994557022L, -1040248936L, 1755692795L, -1619315047L, -1941954776L, 
177558998L, 2103941713L, 354488579L, -865661806L, -2111421916L, 
-386089753L, 1586737469L, -1899092556L, 903338522L, 95723877L, 
1908535295L, -8321402L, 335461904L, 1144685747L, 740196177L, 
1994994432L, 316574174L, 2131644969L, 351748571L, -1824461078L, 
704126092L, -922975281L, 1346632581L, -1854588868L, 686176530L, 
-1975554547L, -832398009L, -815073490L, -185316728L, 734657419L, 
1550162793L, -773204680L, 566720486L, -1464037503L, -1000823021L, 
1268609218L, 1384713076L, -1919273097L, -1094014096L, -1235939036L, 
-725441992L, -609592934L, -778883632L, 156777916L, 1150698644L, 
329386114L, -1485185600L, -1479229636L, 1147072656L, 1756392226L, 
449059336L, -1515984628L, 984578460L, -1537897966L, -1181900928L, 
1523616532L, 853315880L, -1321756614L, -299115568L, 1057181292L, 
-1587703244L, 1735239314L, 2103020896L, 338323788L, -2146442272L, 
-1637232222L, 1412028840L, -1797941620L, 1877511612L, 1057055346L, 
-1362932752L, -1157828028L, -1075457960L, 2140636218L, 1802597488L, 
-1791085508L, 1305236756L, 1011038914L, 346355424L, -2133996420L, 
2143967952L, 1367132578L, 1983781928L, 185227020L, 1147297212L, 
1453692722L, -1628856640L, 174587956L, -847675704L, 1394411706L, 
-1531170160L, -184361236L, -30700972L, -732967278L, -1386230496L, 
-1104624180L, -1590313248L, 325330114L, -554378200L, -1475599444L, 
1186901692L, -821045262L, 113453616L, -2048261212L, -739861064L, 
137797466L, 1661165712L, -1286393988L, -1906543340L, 404330818L, 
-1861290752L, -194121284L, 1295160656L, -1966333662L, 1273745992L, 
-573402100L, 2064503388L, 756979154L, -1884811776L, -303220396L, 
246971624L, -385734406L, -2031400240L, 755695404L, -1345317644L, 
-2145768046L, 998195552L, -1422602228L, -309135136L, 1793902178L, 
1679712424L, 1855033420L, -798709892L, 1820372274L, -210194832L, 
-1513011388L, 683154392L, 2129389434L, -1639832528L, -1994053700L, 
-894055852L, -1479677886L, 1588328096L, 1697936060L, -10919984L, 
911565154L, -1405506840L, 1738378444L, -1485555204L, 269963762L, 
-1767479168L, -2083545612L, 217950856L, 1774192442L, 1709494608L, 
1832579180L, 1346590100L, 1151935570L, 845804000L, -1099145012L, 
-1952912736L, -1665717886L, -1587499800L, -1754877204L, 750872892L, 
-1078680462L, -282792336L, 419169828L, 169785400L, -1872919270L, 
-1094983472L, 1413815612L, -1050951788L, 472018818L, -1219231808L, 
1575814716L, -1578829424L, -1730866142L, 1079523592L, -1207020404L, 
-781507812L, 1396705426L, 1017002368L, 131365908L, 451022632L, 
-204278214L, -2029313584L, -829197972L, -814016588L, -2107609582L, 
-338226208L, -1680124468L, -730254112L, 1310474274L, 2076337960L, 
1786504716L, -416742596L, -1510206478L, 705022704L, -352687548L, 
-777583016L, -61987014L, -373603344L, -2140154180L, -1467468524L, 
1861685442L, -83837856L, -1036609156L, 845801424L, 2122926370L, 
-739508568L, 725527436L, 521145532L, -1937940686L, -1016335808L, 
1543201972L, 2071450696L, -970565190L, -770978288L, 224475372L, 
-1767233196L, 894158610L, -1717115488L, -190821684L, -393296288L, 
-462655550L, 1340048168L, 799055276L, -338259652L, 1423232882L, 
2045796656L, -169378012L, 52614456L, 646118106L, 89986960L, 989721340L, 
-318734444L, 1651177538L, 561655040L, 1269746748L, -581853872L, 
616392866L, -450558136L, 1282397964L, -1834124580L, 683328338L, 
1987256960L, 1414891604L, 412294120L, 2112558842L, 1504258384L, 
1573462828L, 1182594932L, -1986604142L, 52082272L, -1285873780L, 
-1854078112L, 700540898L, 1520250792L, 1180335308L, 214511100L, 
-303821902L, -1136144L, 1219193284L, 464089432L, -1951015321L, 
709119888L, -2121776210L, 2124655195L, -249895363L, -906962774L, 
2065639752L, -1009279631L, -1103144221L, 665186788L, 314621202L, 
-2054328089L, 687916721L, 741899510L, 1500667668L, 617216037L, 
-1251738321L, -1689333016L, 823029702L, 1843991155L, -432614187L, 
-301549902L, -971919744L, -307177879L, 1078508251L, -209992148L, 
-1816836550L, 735936751L, 409881465L, 122357774L, 1729359324L, 
-208085427L, -2123596361L, 681792320L, -308731362L, -1103190805L, 
382659693L, 158715098L, 604574872L, -1650584831L, 541751475L, 
1464882132L, 262000354L, -189902985L, 1941459649L, -1619336634L, 
1654181252L, -1885506763L, -248319713L, -1272620936L, -1524153002L, 
-770737181L, -933309019L, 1924118594L, -1291160016L, 1999326809L, 
-1703426101L, 1504303164L, -569432470L, -27673441L, -1261023959L, 
1627961790L, 604412076L, 139820541L, 187671879L, 634150448L, 
-905263282L, -1930986629L, 1717247197L, 1747184906L, -2068604888L, 
-1619514223L, -446048125L, 202856836L, 1639688114L, 126986503L, 
519441233L, 1121729238L, 997983156L, -2136736827L, -552330481L, 
2086152584L, 239381670L, 22961235L, -1782932043L, -2082680046L, 
-942898976L, 2137589065L, 1422538619L, 1398116940L, -128312358L, 
-79326769L, 1841809305L, -530546770L, -341818180L, -898417363L, 
-285528361L, 748975904L, 2088566910L, -1744320949L, -920495027L, 
116802170L, -968836424L, 1995845729L, 1222087187L, -883918796L, 
-561613246L, -1321246121L, -1607544415L, -439594394L, -119877020L, 
-1514241643L, -1720042817L, 1864180312L, 1294407286L, -469202301L, 
999362245L, -1268655134L, 1298880080L, -111254663L, 1793886379L, 
1143021596L, -1836486838L, 956335935L, -694650487L, 68667806L, 
1917583436L, 699664925L, -18552921L, -2132116784L, 137202798L, 
1504342811L, -413635459L, -616250774L, -1902480632L, -954590287L, 
