.Random.seed <-
c(403L, 516L, 1029095570L, 2131636651L, -851259927L, 707915875L, 
-1357071464L, -396425329L, 1709491754L, -1195959591L, -614153356L, 
-1409264839L, 1061279623L, 514034457L, 1317811651L, -74056831L, 
-1849474548L, 1389677749L, 605228561L, 1133272738L, -1547507325L, 
-327473319L, -1159469178L, -985551247L, 237991611L, 54100581L, 
1123333646L, -965106594L, -1953696887L, -1577134626L, -93373502L, 
731401333L, -1131274240L, -2100482996L, -720527585L, 176386931L, 
655783267L, 1007158097L, -887230104L, 938594765L, -668632831L, 
-1305382861L, -948194061L, -627049859L, -184190435L, 1942068410L, 
1222567091L, -1013885166L, 196985393L, -143341329L, -1799460263L, 
1156083834L, -2039167285L, 631127286L, 667706973L, -1407608368L, 
312717134L, 1706815831L, -322291637L, 747028843L, -1828043242L, 
-860930426L, 1580635445L, -467216527L, 1692599964L, -809305300L, 
-920519962L, 1787648923L, -1689677723L, 463067702L, -97890293L, 
-210094759L, 30490854L, 1396851238L, -326672034L, -1265297297L, 
-1742527592L, -2080608124L, -1266079602L, -1345607741L, -1937428003L, 
181868084L, -381596009L, 1896593601L, 1194560975L, 1293099463L, 
-1128047873L, 1932243509L, -1510267378L, 822210118L, -1602437185L, 
1556279605L, -1518248869L, -1541975796L, -142956876L, 1505289028L, 
-342699914L, -948051788L, 173318703L, 1739045402L, 810343518L, 
1716154217L, 785518504L, -1802731125L, 2009280608L, 2114648040L, 
861978012L, -1232001965L, 1450773754L, 1683255079L, -1412036132L, 
-823751693L, -663166327L, 1963241585L, 198531682L, 389186000L, 
45496563L, 1474802201L, 683152190L, -409264915L, 699605770L, 
-485333644L, 1641716630L, -261265598L, -1670393922L, -1357100198L, 
-617847651L, -210337883L, -390309976L, -1968171854L, -436965425L, 
-953315776L, 452595539L, 319757139L, 1032622671L, 596791088L, 
-1215546656L, -1165986761L, -1864589320L, 1002161333L, -939838595L, 
-1026503543L, 1728433436L, -1151964379L, 1956551292L, -214899737L, 
-2140739198L, 711392118L, 2026947693L, -1773534146L, 149062594L, 
-1709197546L, 538130622L, 262242061L, 528030458L, 1081789421L, 
-748522041L, 336136562L, -1418743956L, 1335579206L, 46351616L, 
-548558681L, 2112910498L, 1282215357L, -80301901L, -1758618323L, 
1874969584L, 1923072171L, 69254700L, 1786327460L, -1307544080L, 
314507230L, 717311410L, 1806910186L, 1827340286L, 1190145541L, 
1696051323L, -878259986L, -15849930L, -326312569L, 211556236L, 
-1600073106L, -114012186L, 10182434L, -1693852450L, -1407929282L, 
704911670L, 520663543L, 1803953779L, -2070471572L, -1533455387L, 
1985790153L, -1638377841L, -883377469L, 1646469168L, -1560673202L, 
-641598216L, 1606102087L, 1738131198L, 410382953L, -1574338347L, 
1909500675L, 1359298240L, 409811842L, -1859885528L, 1693564191L, 
480198752L, 1516478405L, 309067561L, -1390179447L, -561526432L, 
-432195959L, -636080739L, -1886766554L, -540486442L, -375692889L, 
-542684810L, 1899233428L, -506180035L, 1456076500L, 749794561L, 
59909823L, -561989878L, 384988966L, 1609838358L, -1029726555L, 
-1663927049L, 968081958L, -1427603279L, 1849401556L, -77534302L, 
-90591237L, -2050609541L, -1937980654L, 605549182L, -854269818L, 
1273424343L, 1660178775L, 1371950306L, 1039264631L, -340919856L, 
-159402940L, -1536291249L, 76684393L, -191436689L, 970814945L, 
-1248615708L, -1687935619L, 854947956L, -371642715L, -1546515779L, 
246376079L, 842978305L, 1200735922L, 2055286025L, 569532017L, 
-1032946127L, 58945594L, -1830742444L, 776230254L, 41993190L, 
1230785166L, 768056095L, 983283756L, -1932640851L, -1442568378L, 
448289069L, 516521313L, -1815438004L, -1035974332L, 33583933L, 
-225493148L, 46080474L, -271633578L, 1915202914L, 426816226L, 
-620551368L, -1033840227L, -263036022L, -280911901L, 807376259L, 
-152339938L, 2025563969L, -1429500011L, -1770366913L, -970347672L, 
1134229245L, 1242622049L, -1559232495L, -153603764L, 1091635914L, 
-1417073024L, 1934123278L, -733735885L, 185954460L, 1170887984L, 
-367985468L, 721724895L, -1941091472L, -1783462945L, 104635312L, 
879443335L, 879136795L, -1682760587L, -454468081L, 1133707971L, 
-1907932067L, -308601409L, 1074278669L, -1391817298L, 2099025310L, 
1998242976L, -1868539521L, 1192197031L, 1844642710L, -159970984L, 
-1328531811L, 1652135679L, -747504109L, 1259412730L, 1611465843L, 
-1860481486L, -1665775545L, 160417582L, 1702698301L, -249349469L, 
1917131457L, -1111157476L, -59943633L, 1256104431L, 788539860L, 
-1287893760L, -202167523L, -1040285436L, -530530615L, 70664244L, 
2120445030L, -138096924L, 1823796988L, 2015171936L, 593141653L, 
-1086773674L, -60944853L, 2061350176L, -1212437996L, -272331444L, 
-1863199804L, -202444994L, -1811754583L, 405799940L, 1824710630L, 
-655134546L, 576227973L, -1989510341L, 2052345241L, 521626366L, 
-2045379282L, -282369271L, 624495350L, 173149417L, 1374746339L, 
348320836L, -1478117797L, 1057131811L, -1608092990L, -1934809618L, 
2087610757L, -1304278139L, 1902414471L, 876639365L, -1233434268L, 
-2000156366L, -551471470L, -1394469231L, -1798274845L, 67280248L, 
505687116L, -339899979L, 1040773433L, -873456937L, 662718788L, 
-1414638450L, -929806265L, -1202155359L, 582591068L, -996891411L, 
-1087909792L, 686756350L, -469629319L, -639018112L, -2072779218L, 
-1798483949L, -2127233284L, 625860394L, 1832206441L, -1688180142L, 
1179507066L, -1371716596L, 1507230363L, 540288873L, 2095609158L, 
-1870323540L, 1033060645L, -1890048515L, -742553338L, 1599716982L, 
-652125958L, 1557548239L, -2114006434L, 451199157L, 1837654562L, 
756572425L, 1970879224L, -1583896175L, -1609689607L, 1473441876L, 
433902776L, -1424616696L, -788365444L, 1704521354L, -522764299L, 
-88456536L, -1261013914L, -1641611129L, -1914130247L, -2141213284L, 
-313337708L, 781555580L, -73025295L, 1408533751L, -1969503717L, 
-989180477L, 1640549247L, -111090664L, 1739401875L, 163267503L, 
-791116668L, 1141573637L, 1981835487L, 1124675753L, 1105313705L, 
1651173388L, -2116085612L, -519371666L, 671636050L, -385721724L, 
32000728L, 923018874L, 1982753958L, -2797504L, 276970455L, -1162867519L, 
-986884021L, 707043704L, 1375402515L, 2102340204L, 652178771L, 
527571776L, 2042131020L, 1208812268L, -1078649948L, -1374887236L, 
1851413189L, -929647097L, -1501355754L, -79054341L, 546145963L, 
2098183713L, -1270307727L, -1284505070L, 1475080100L, 1353619867L, 
1869483480L, 400131432L, -1834092545L, -2115317552L, 807738620L, 
-1857312072L, 1199147477L, 89146067L, 1688961042L, 1665863790L, 
345854451L, 97097709L, 1468874551L, -1405969415L, 607525658L, 
1558269348L, -340189167L, -843775748L, -980150967L, 1341055584L, 
768371335L, 849682645L, 749900841L, 1455086065L, 2115284105L, 
-1876284222L, -180427298L, 384995036L, 2122050724L, -167969131L, 
1747310991L, -490358058L, 873050546L, -459131951L, 674030468L, 
-2034373548L, -421304728L, -446998135L, 1916047531L, -478610772L, 
1283279901L, 14636714L, -35404910L, 1524355202L, 1051033568L, 
1199241405L, 1236756643L, -1966995526L, 983440365L, 1253154103L, 
-1556503500L, 1467394075L, 137104162L, -943740135L, -1470661916L, 
1288957467L, 1908078552L, -1799526394L, -1692283255L, -1723537888L, 
520431300L, 1011632177L, -1849822845L, 167801861L, -1262325754L, 
-604842153L, -1798581925L, 292004216L, 1029361167L, -1076093538L, 
-1697690187L, 1891459442L, -306718361L, -1583142122L, 741030553L, 
983233898L, -1082360048L, -1207800127L, 1036954813L, 296892988L, 
1434486676L, 373710803L, -1033130871L, -143221117L, -1167732525L, 
629926892L, -1542167723L, -966274577L, 813332227L, 316457691L, 
-1332900749L, 2089628498L, 1656955614L, 78416517L, -1879491352L, 
1740662623L, 2082471084L, 1527773591L, -1899693599L, 1635739200L, 
-38604765L, -124145984L, -1046447640L, 1363695367L, 334195561L, 
-1639028502L, 457629904L, -1705492179L, -831762348L, 1920788473L, 
-1612314452L, -566011824L, 976017668L, 2012263927L, -1546564211L, 
1420475817L, 1612566733L, 1463020010L, 1142732009L, -1357131206L, 
584629004L, -700133481L, 929505154L, 1619284617L, 1443669528L, 
