.Random.seed <-
c(403L, 394L, 1316116785L, 2107525893L, -386747700L, -860466386L, 
1541684951L, -1070686949L, 602224165L, -1192859403L, -1742049055L, 
2083090833L, -1300217134L, -1704372173L, 103655564L, 1431384580L, 
1116174667L, -459714065L, -1303856407L, 318248790L, -819299619L, 
-221703421L, -2038159555L, 1371100244L, -1259924388L, 158234932L, 
-759363670L, 1694141432L, 1430219853L, -523574950L, -1599100725L, 
-2127466204L, 1084565054L, -290291671L, -1011767850L, -1918168894L, 
-986588864L, 1185699744L, 271249334L, -2029620516L, 115806667L, 
-1312821603L, 38777929L, 756074349L, -652012026L, 441037082L, 
2074861296L, -1005812306L, 10473377L, -74719242L, -1469144799L, 
-1969345746L, 821208655L, -630388168L, 314071136L, 461092414L, 
243621851L, 1417109562L, 2021923753L, -1341353818L, -915766784L, 
-1978575070L, -1330821434L, 689182896L, 1358203194L, -2060209194L, 
-864332294L, 52216650L, 197623776L, 1887920100L, 490019583L, 
1276051093L, -233553257L, 1417871484L, 962169969L, -515229560L, 
868642929L, 714273048L, 364090889L, 1024323811L, -146412526L, 
1543913404L, -547215416L, 1935765586L, 1079997941L, 211275042L, 
-2068268111L, 874270041L, -1260986131L, -1078391503L, 2007190973L, 
1782951666L, -828661525L, 846810276L, -1039813446L, 1547946603L, 
-1635163348L, 792574374L, -399350361L, -1347421929L, 38895411L, 
1757648847L, -258282554L, 251595742L, 1609332948L, -925012575L, 
1989934492L, -1151741771L, -930031156L, -1930575471L, -626060984L, 
101872257L, -158555804L, -701767585L, -2128543538L, 755676622L, 
262608508L, 295532522L, 1549297012L, 1152637048L, 1588550728L, 
1898288992L, -162342882L, -1507633757L, 1654401307L, -889944701L, 
1101941186L, 1278568875L, 1634588713L, 1888464712L, 519049542L, 
-1889614011L, -808197500L, -965201044L, -53563431L, -620308360L, 
-1344279964L, 1755762459L, -1343062466L, 2093006577L, -1493877674L, 
2035542824L, -1966543230L, -1638748655L, 1975829632L, -1835700942L, 
-758292702L, -858150026L, -51480166L, 1039129669L, 2016513195L, 
-1671139790L, -1106378836L, 609776337L, -1090686072L, -1376320521L, 
504203460L, 783355005L, -1532561549L, 1127361928L, -535876984L, 
1201194057L, -408705633L, -2035210160L, 843091664L, 1804114070L, 
75961954L, -120967743L, 952708658L, 1864430645L, 1307689994L, 
-908410382L, 733527996L, 1801538534L, 895034723L, -479587818L, 
1479107649L, -1812495138L, 1745142506L, -1439092442L, -310622966L, 
1497944492L, -1713724431L, -134192974L, -217811195L, -102504846L, 
-1808764776L, -2085666619L, 1359162910L, 1448959667L, -227631273L, 
-312066833L, -964535045L, 1767251898L, 164206332L, 1498305819L, 
-1186892762L, 2116579924L, 1941391716L, 750562326L, -1185657831L, 
691922893L, -2133012371L, -1821207280L, 77903883L, 1034249751L, 
2121746328L, -141427499L, -1577579917L, 161365414L, -735789331L, 
-234175541L, -1474717839L, 572494696L, 1320305828L, 1218175106L, 
-1184925872L, -1833751369L, 1976977584L, -455918829L, 1400678683L, 
1849084564L, -309218514L, 1793113392L, -1416605880L, 1967800606L, 
1884111969L, -1720213843L, -161771358L, 767418504L, -1171702749L, 
1159531843L, -436704910L, -39428383L, -1099322573L, 533776493L, 
365107690L, 935532025L, -829010283L, -1242948816L, 729304862L, 
-832064949L, 565626155L, 1615812006L, 574913380L, -524053552L, 
-1233720027L, 440240586L, 1296549613L, 2011389726L, -222439361L, 
619603088L, -1872055878L, 1108620056L, -874469107L, 1312359363L, 
106967701L, -981736716L, -1088292713L, 1432241037L, -1321311253L, 
1219154816L, -1804878202L, -320115000L, 1851052761L, 222020330L, 
-1679495707L, -2041198784L, -1878413421L, -310373056L, -2046694510L, 
-1698130690L, 873189755L, -2099541547L, -1690876057L, -1169526521L, 
-1332210872L, 1523035550L, -50710953L, 241127656L, 476978578L, 
120977542L, -1670800531L, 355738019L, 2032287663L, -563774339L, 
2032816971L, 1771492944L, -1826984908L, 630647162L, -1506223594L, 
1725714027L, -727423575L, -1070220294L, 390856657L, -168514077L, 
20129310L, 1637353004L, 815046558L, -1772712455L, 467049772L, 
943245647L, -764401288L, -1540656803L, 221356571L, 534872205L, 
812286795L, -418097042L, -203757136L, 1456278959L, -1301295504L, 
933420279L, 116818968L, 1649055583L, 1715116956L, 717267330L, 
-498769446L, 155305663L, -1170671945L, 238392478L, 1625433163L, 
-2107062077L, 801836247L, -206543452L, -788319891L, 51673747L, 
-1489235530L, -342265550L, -1905747525L, -1160411013L, -1005650458L, 
1805894629L, 1176766668L, -1752450053L, -2125665943L, -1265437320L, 
2146629009L, -614317657L, -117332791L, 1382245363L, -631283373L, 
-1809987183L, -1709739633L, -174898461L, 195112533L, -236796676L, 
-1059942737L, -833822648L, -888609701L, 426431989L, -1399709550L, 
1784381815L, 289065345L, -131193278L, -353467222L, -865706895L, 
434703400L, 479096358L, 1412073768L, -1070377860L, 2017944115L, 
1327632456L, -176063138L, 533183717L, -991712911L, 185463517L, 
-2029725681L, 385436930L, -723259652L, -1309207203L, 1095953254L, 
527920527L, 1617158058L, 800804680L, -1287748486L, 207460434L, 
2056223454L, 1990018433L, -1558557169L, 1450681172L, 1221654437L, 
-1271038119L, -2094252189L, -2123714774L, -1913586579L, -938899919L, 
-2139919302L, 1532243304L, -1275501144L, -1197564953L, -1671220738L, 
656446818L, 1641640459L, -1297878676L, 912341009L, -2253005L, 
2003895326L, -1154363617L, -2110673203L, 1004162082L, -1902647604L, 
-1791629810L, 815725011L, -1531502602L, -1250589424L, 1534500062L, 
417304573L, 1602589972L, -960327L, 2111563824L, -811832352L, 
-1287013935L, -289747722L, 978860019L, -1284479311L, 1320195252L, 
1881732536L, -2060235182L, 37643907L, 789318360L, -1930762935L, 
-955049009L, 1851937139L, -1745677450L, 1723460508L, -1793971988L, 
2113718821L, 499727722L, 442602354L, 2033519032L, -124578250L, 
-1835135765L, 100025763L, 925436967L, -873047335L, -1166778011L, 
765558574L, -2068788677L, 310205529L, -688556934L, -1678485604L, 
-1311587775L, 1189368433L, -388532791L, -521986023L, 1787087010L, 
361362990L, -2133996990L, 911817731L, 763459240L, -757738169L, 
250213387L, -1964680040L, -1266837082L, -1010418619L, 1600890908L, 
-1879386027L, 661876160L, -1734779118L, 1379002485L, -629217193L, 
-1475211798L, -1610443183L, -1908022554L, 1951232228L, -1374425102L, 
655222729L, 710314856L, -538000559L, -2037615559L, 1718169658L, 
316209618L, -1453669381L, -1334606577L, 54821953L, -191547463L, 
1652037186L, 154191643L, -304880018L, 462457412L, -2020529174L, 
2046587841L, 908258543L, -1749621060L, -1251825051L, 618857180L, 
-470200381L, -121176495L, -1141536263L, 1120599134L, 1511670658L, 
714434915L, -1260783616L, -1326934930L, 1065419334L, 1000298296L, 
-1346356372L, 310412831L, 1682151859L, -35320779L, -769113580L, 
-284021418L, -1295546721L, -62910307L, -1002058388L, -1920437558L, 
-524599819L, -1825381291L, -47579082L, -1925629455L, 1997867555L, 
1926685498L, -323166901L, -1508138918L, 2028234686L, -728705281L, 
996192623L, -1143696503L, 1648995393L, 1120668409L, -300968434L, 
2009288355L, -1246743099L, 223681623L, -1895347588L, -1492895454L, 
1286588678L, 553751225L, -775142169L, 267350534L, -277877732L, 
1605857057L, 325076945L, 2098292887L, 2076512703L, 951199259L, 
846856070L, -1396850454L, -1367730560L, -1439796960L, 2094552111L, 
-1570762287L, 2041590880L, 1814629491L, 491988178L, -1682554590L, 
1702985941L, -1405678956L, 1453194094L, 201525472L, 1842617887L, 
2035655727L, -260133668L, -1176855061L, 416199211L, -1642504632L, 
-1347855835L, -299028214L, 803296908L, -1815900864L, 189398807L, 
1254029572L, 1588667924L, 1029658737L, 1028019629L, 970939705L, 
-307642112L, 1585726634L, -1024128573L, 464691779L, 1505710570L, 
-822463735L, -996946483L, 859193672L, 577318703L, 1925256212L, 
-890858965L, 1667984243L, -236050497L, -544621155L, -659814769L, 
1550948837L, -1795266710L, -1626610971L, 731966867L, -163442701L, 
961827764L, -238067329L, 2040895832L, -2027130861L, 1681597224L, 
145771336L, -406141462L, 343605354L, 149735248L, 1235010066L, 
