# fields  is a package for analysis of spatial data written for
# the R software environment .
# Copyright (C) 2016
# University Corporation for Atmospheric Research (UCAR)
# Contact: Douglas Nychka, nychka@ucar.edu,
# National Center for Atmospheric Research, PO Box 3000, Boulder, CO 80307-3000
#
# This program is free software; you can redistribute it and/or modify
# it under the terms of the GNU General Public License as published by
# the Free Software Foundation; either version 2 of the License, or
# (at your option) any later version.
# This program is distributed in the hope that it will be useful,
# but WITHOUT ANY WARRANTY; without even the implied warranty of
# MERCHANTABILITY or FITNESS FOR A PARTICULAR PURPOSE.  See the
# GNU General Public License for more details.
#
# You should have received a copy of the GNU General Public License
# along with the R software environment if not, write to the Free Software
# Foundation, Inc., 51 Franklin St, Fifth Floor, Boston, MA  02110-1301  USA
# or see http://www.r-project.org/Licenses/GPL-2    
"minitri" <- structure(list(swim = c(13.77, 14.25, 
    12.4, 13.6, 11.23, 14.6, 15.63, 13.62, 17.03, 13.1, 16.5, 
    15.57, 14.28, 16.13, 14.98, 15.65, 14.55, 13.73, 14.67, 14.63, 
    12.53, 16.52, 14.45, 17.23, 15.77, 13.53, 17.38, 16.58, 16.97, 
    12.9, 15.48, 15.6, 16.43, 17.37, 15.65, 20.17, 16.57, 15.75, 
    18.32, 16.15, 18.77, 19.55, 17.05, 15.75, 17.47, 22.18, 12.78, 
    19.05, 17, 18.65, 18.38, 18.03, 18.08, 18.22, 21.3, 17.82, 
    16, 15.3, 19.8, 16.33, 14.9, 18.08, 17, 24.77, 17.03, 21.72, 
    14.77, 17.28, 19.88, 19.75, 18.17, 20.67, 17.6, 18.07, 20.53, 
    16.78, 18.42, 21.43, 25.35, 16.37, 18.88, 20.3, 21.93, 20, 
    19.42, 16.97, 15.25, 22.52, 16.8, 17.58, 20.45, 21.78, 17.92, 
    24.83, 20.38, 20.37, 28.35, 23.95, 25.15, 18.57, 19.95, 26.22, 
    22.08, 25.77, 23.7, 26.15, 18.05, 30.7, 29.88, 30.77), bike = c(39.72, 
    39, 42.2, 39.95, 41.72, 42.25, 43.77, 42.17, 40.63, 44.68, 
    43.63, 42.78, 41.7, 45.57, 42.83, 44.52, 43.9, 45.73, 43.05, 
    44.9, 48.07, 44.93, 47.87, 45.55, 46.1, 44.6, 45.72, 44.73, 
    46.85, 49.4, 47.43, 44.52, 43.67, 47.7, 48.57, 45.78, 47.35, 
    45.63, 46.47, 47.12, 49.62, 48.5, 54.4, 49.4, 48.77, 46.97, 
    49.92, 48.98, 50.57, 49.52, 52.58, 47.62, 50.05, 51.75, 50.68, 
    52.28, 48.57, 50.38, 46.2, 49.93, 47.7, 52.68, 50.28, 46.12, 
    53.17, 51.63, 58.42, 55.3, 50.68, 51.82, 51.93, 48.82, 51.87, 
    55.4, 55.17, 53.82, 50.23, 47.92, 50.98, 51.95, 53.47, 52.5, 
    53.98, 47.05, 58.92, 52.67, 52.1, 49.72, 61.33, 58.73, 58, 
    56.23, 58.95, 55.48, 61.03, 57.37, 54.68, 57.62, 58.52, 56.7, 
    63.82, 59.07, 66.03, 60.83, 62.37, 66.87, 75, 65.38, 68.25, 
    67.35), run = c(25.02, 25.68, 24.95, 27.65, 29.25, 26.83, 
    24.8, 28.73, 29, 28.1, 25.85, 29.4, 31.33, 26.2, 30.45, 29.32, 
    31.13, 30.48, 32.32, 30.62, 29.92, 30.12, 29.7, 29.25, 30.28, 
    34.07, 31.55, 33.5, 31.03, 32.72, 32.28, 35.1, 35.13, 30.48, 
    31.5, 30.37, 32.82, 35.8, 32.82, 34.67, 30.33, 30.95, 27.57, 
    34.08, 33.13, 30.57, 37.43, 32.12, 32.93, 32.4, 29.63, 35.08, 
    32.65, 30.98, 30.22, 32.12, 38.08, 37.23, 36.95, 36.72, 40.7, 
    32.87, 36.53, 33.72, 34.45, 31.47, 31.7, 33.03, 35.68, 34.88, 
    36.57, 37.27, 37.87, 34.32, 32.1, 37.33, 39.73, 39.07, 32.12, 
    40.52, 36.77, 36.57, 33.55, 42.55, 31.48, 40.8, 43.45, 39.03, 
    34.12, 37.12, 35.03, 36.45, 38.48, 36.25, 36.57, 40.9, 37.98, 
    37.98, 37.45, 45.9, 44.18, 45.02, 42.37, 45.38, 51.8, 45.88, 
    48.18, 51.8, 57.23, 57.35)), .Names = c("swim", "bike", "run"), 
    row.names = c("  1", "  2", "  3", "  4", "  5", "  6", "  7", 
        "  8", "  9", " 10", " 11", " 12", " 13", " 14", " 15", 
        " 16", " 17", " 18", " 19", " 20", " 21", " 22", " 23", 
        " 24", " 25", " 26", " 27", " 28", " 29", " 30", " 31", 
        " 32", " 33", " 34", " 35", " 36", " 37", " 38", " 39", 
        " 40", " 41", " 42", " 43", " 44", " 45", " 46", " 47", 
        " 48", " 49", " 50", " 51", " 52", " 53", " 54", " 55", 
        " 56", " 59", " 60", " 61", " 62", " 64", " 65", " 66", 
        " 68", " 69", " 70", " 71", " 72", " 73", " 74", " 75", 
        " 76", " 77", " 78", " 79", " 80", " 81", " 82", " 83", 
        " 84", " 85", " 86", " 87", " 88", " 89", " 90", " 91", 
        " 92", " 93", " 96", " 97", " 98", "100", "102", "103", 
        "104", "105", "106", "107", "108", "109", "110", "111", 
        "112", "113", "114", "116", "117", "118", "119"), class = "data.frame")
