# fields  is a package for analysis of spatial data written for
# the R software environment .
# Copyright (C) 2016
# University Corporation for Atmospheric Research (UCAR)
# Contact: Douglas Nychka, nychka@ucar.edu,
# National Center for Atmospheric Research, PO Box 3000, Boulder, CO 80307-3000
#
# This program is free software; you can redistribute it and/or modify
# it under the terms of the GNU General Public License as published by
# the Free Software Foundation; either version 2 of the License, or
# (at your option) any later version.
# This program is distributed in the hope that it will be useful,
# but WITHOUT ANY WARRANTY; without even the implied warranty of
# MERCHANTABILITY or FITNESS FOR A PARTICULAR PURPOSE.  See the
# GNU General Public License for more details.
#
# You should have received a copy of the GNU General Public License
# along with the R software environment if not, write to the Free Software
# Foundation, Inc., 51 Franklin St, Fifth Floor, Boston, MA  02110-1301  USA
# or see http://www.r-project.org/Licenses/GPL-2    
"RMprecip" <- structure(list(x = structure(list(lon = c(-110.53, 
    -109.53, -109.55, -109.23, -110.1, -109.77, -109.4, -109.1, 
    -109.05, -110.73, -104.65, -103.15, -105.85, -108.53, -105.88, 
    -105.48, -105.52, -107.17, -102.18, -105.27, -102.45, -104.33, 
    -104.83, -106.13, -102.27, -104.22, -105.7, -102.68, -105.23, 
    -104.87, -106.12, -105.28, -104.85, -102.35, -107.52, -106.2, 
    -106.77, -107.97, -108.73, -104.7, -108.57, -107.6, -106.97, 
    -105.68, -106.35, -108.07, -104.88, -106.03, -108.97, -108.5, 
    -107.88, -102.78, -104.57, -105.32, -103.07, -102.83, -105.08, 
    -108.05, -103.8, -104.7, -104.03, -108.75, -108.93, -103.5, 
    -105.7, -107.32, -108.53, -108.58, -105.83, -105.85, -105.68, 
    -105.53, -104.7, -106.33, -105.35, -105.38, -106.97, -107.62, 
    -103.15, -107.25, -107.13, -106, -102.12, -102.3, -102.28, 
    -105.22, -102.68, -102.93, -102.25, -103.52, -105.1, -102.78, 
    -106.4, -103.48, -107.32, -105.48, -105.13, -102.62, -103.22, 
    -106.32, -103.02, -105.07, -105.95, -108.28, -107.47, -108.08, 
    -107.9, -106.75, -108.5, -106.15, -105.6, -103.83, -109.03, 
    -105.02, -108.28, -103.75, -103.7, -107.68, -107.02, -108.35, 
    -107.58, -104.65, -108.07, -104.5, -104.72, -107.1, -108.8, 
    -108.03, -107.75, -107.27, -103.7, -104.08, -104.98, -106.13, 
    -106.02, -106.43, -104.97, -102.52, -102.52, -107.23, -107.67, 
    -106.42, -102.7, -106.83, -103.2, -102.07, -102.58, -105.12, 
    -106.37, -104.12, -106.62, -107.87, -104.48, -104.33, -106.32, 
    -108.73, -107.58, -106.27, -104.8, -102.28, -105.2, -105.48, 
    -105.77, -106.78, -104.48, -102.23, -106.9, -108.73, -102.73, 
    -99.55, -99.77, -101.05, -100.95, -99.65, -101.53, -99.2, 
    -101.38, -99.63, -99.52, -99.73, -100.35, -101.07, -99.33, 
    -100.12, -99.58, -99.73, -100.42, -101.9, -99.57, -100.82, 
    -101.7, -100.48, -99.3, -99.33, -100.62, -100.45, -101.35, 
    -100.48, -99.97, -100.28, -99.4, -99.12, -101.25, -99.1, 
    -100, -101.37, -100.92, -99.57, -99.53, -99.18, -99.57, -101.38, 
    -100.33, -100.87, -100.07, -99.03, -99.9, -100.18, -99.93, 
    -99.83, -100.85, -100.52, -99.57, -99.57, -99.32, -99.3, 
    -100.23, -99.92, -101.77, -101.95, -101.18, -101.8, -101.92, 
    -100.08, -100.9, -101.75, -99.27, -100.18, -100.83, -101.77, 
    -101.77, -99.07, -101.35, -100.17, -99.88, -99.83, -99.42, 
    -101.25, -103.78, -99.87, -102.9, -99.87, -99.13, -100.18, 
    -99.47, -99.83, -101.53, -99.63, -102.08, -99.87, -103.1, 
    -99.68, -99.15, -100.17, -99.7, -103.08, -99.25, -103.42, 
    -102.43, -100.83, -100.5, -102.97, -102.28, -102.2, -99.92, 
    -101.52, -100.08, -102.17, -100.17, -101.93, -100.32, -99.22, 
    -103.88, -103.88, -100.97, -102.68, -102.7, -103.08, -99.37, 
    -101.63, -99.08, -103.67, -101.67, -101.98, -102.63, -102.63, 
    -104.03, -101.55, -99.32, -100.6, -100.68, -100.22, -101.68, 
    -99.4, -103.68, -100.4, -101.33, -99.13, -99.33, -100.7, 
    -100.75, -99.83, -101.72, -99.5, -102.33, -102.43, -101.12, 
    -101.35, -103.32, -100.25, -99.3, -100.65, -102.47, -103.6, 
    -102.98, -99.73, -100.38, -101.23, -99.38, -101.02, -100.97, 
    -100.68, -100.55, -101.17, -101.38, -100.73, -100.12, -104.33, 
    -106.43, -106.62, -106.07, -103.17, -108, -104.1, -105.25, 
    -107.97, -106.45, -105.6, -107.97, -105.38, -106.58, -104.95, 
    -106.32, -104.18, -106.63, -106.97, -107.52, -105.05, -107, 
    -105.27, -108.35, -106.18, -106.73, -106.08, -108.4, -108.78, 
    -105.43, -106.38, -105.77, -107.9, -103.62, -106.68, -107.4, 
    -104.37, -105.15, -105.2, -107.02, -106.3, -107.57, -104.58, 
    -103.37, -108.45, -103.92, -107.62, -104.27, -105.05, -107.87, 
    -103.73, -105.68, -104.43, -104.45, -105.4, -104.2, -103.33, 
    -106.37, -105.97, -108.73, -104.58, -105.97, -107.47, -105.57, 
    -106.58, -107.18, -105.97, -103.68, -104.93, -105.37, -106.77, 
    -108.78, -99.77, -100.53, -102.48, -99.62, -99.38, -99.8, 
    -99.62, -99.12, -100.05, -101.62, -99.4, -99.05, -101.22, 
    -102.97, -99.9, -99.35, -99.5, -99.17, -102.73, -99.63, -100.87, 
    -99.28, -99.38, -99.07, -103.65, -103.82, -103.92, -99.98, 
    -103.32, -103.82, -101.02, -99.32, -101.87, -103.6, -103.72, 
    -103.78, -101.52, -101.23, -103.82, -102.53, -103.47, -100.67, 
    -99.07, -99.43, -101.27, -103.18, -99.47, -99.45, -101.87, 
    -103.58, -103.47, -101.95, -99.87, -101.33, -102.17, -103.77, 
    -101.5, -102.47, -101.68, -102.72, -101.15, -101.65, -100.67, 
    -100.6, -103.45, -100.7, -103.45, -100.42, -103.23, -100.07, 
    -103.27, -99.08, -103.5, -101.6, -100.28, -102.13, -102.45, 
    -100.17, -103.1, -103.28, -102.55, -103.78, -99.45, -102.43, 
    -99.87, -100.48, -101.7, -100.5, -101.45, -102.25, -103, 
    -100.37, -101.37, -102.25, -102.55, -100.32, -101.97, -100.13, 
    -101.4, -102.4, -100.02, -100.28, -100.6, -100.63, -101.47, 
    -100.6, -101.38, -100.8, -100.82, -100.97, -100.25, -101.2, 
    -102.08, -109.07, -110.27, -109.62, -109.48, -109.55, -110.73, 
    -109.83, -109.75, -109.4, -109.08, -109.3, -110.4, -109.42, 
    -109.87, -110.17, -110.17, -110.72, -110.87, -109.07, -109.37, 
    -109.22, -109.67, -109.87, -109.55, -109.33, -110.07, -109.98, 
    -110.05, -109.68, -110.8, -109.98, -109.52, -110.68, -110.92, 
    -104.1, -104.65, -107.65, -108.05, -106.38, -110.93, -110.12, 
    -106.73, -108.52, -107.73, -110.43, -108.2, -106.68, -109.18, 
    -107.53, -109.28, -104.32, -106.33, -106.13, -104.82, -104.82, 
    -110.03, -109.08, -106.38, -109.07, -108.93, -104.2, -110.17, 
    -107.27, -108.6, -104.7, -105.12, -108.93, -105.4, -105.38, 
    -109.63, -104.98, -105.87, -106.42, -108.37, -106.62, -110.95, 
    -109.42, -107.48, -105.47, -105.88, -108.05, -108.95, -105.17, 
    -104.6, -110.77, -107.83, -106.63, -110.53, -110.2, -104.17, 
    -110.4, -108.73, -105.68, -105.62, -106.28, -106.83, -108.38, 
    -104.48, -106.2, -104.93, -110.72, -110.58, -110.35, -107.47, 
    -104.22, -110.83, -108.68, -104.48, -104.15, -109.87, -107, 
    -108.75, -107.92, -107.2, -104.28, -108.38, -104.93, -109.07, 
    -110.97, -106.82, -106.97, -106.83, -108.12, -110.67, -108.8, 
    -104.35, -108.98, -105.38, -107.42, -107.32, -108.2, -104.22, 
    -110.42, -104.62, -104.77, -107.98, -105.33, -104.95, -107.97, 
    -107.97, -110.7, -104.3, -104.77, -107.65, -106.22, -99.97, 
    -99.85, -100.73, -108.25, -99.37, -99.5, -100.98, -109.37, 
    -110.07, -106.17, -100.28, -107.8, -99.92, -104.433, -105.867, 
    -105.583, -105.82, -105.569, -105.887, -105.645, -105.544, 
    -105.761, -105.2, -105.067, -105.25, -105.664, -106.983, 
    -106.317, -106.083, -106.933, -106.233, -106.5, -106.367, 
    -106.9, -106.283, -106.781, -106.094, -106.67, -106.046, 
    -106.969, -106.677, -106.612, -106.608, -106.615, -106.542, 
    -106.59, -106.953, -106.548, -106.657, -106.321, -106.263, 
    -106.392, -107.133, -107.583, -107.85, -107.433, -107.533, 
