.Random.seed <-
c(403L, 556L, 547201776L, 225123747L, -1821432299L, -563462625L, 
1593084386L, -1015648900L, 801876844L, 1373980522L, 1374595824L, 
908785682L, 1240392665L, 216768813L, -1808218796L, -2010411075L, 
481269336L, 1226619336L, -609686412L, -928573169L, -1517616425L, 
-907677075L, -975932869L, 2102030490L, -904903779L, 1661059489L, 
1171205273L, 680241064L, -1635283033L, 146211983L, -1572470669L, 
-212068751L, 855015891L, 1474788957L, 893906600L, 1437998552L, 
18711371L, -1865913336L, 588135841L, 734593127L, 775300287L, 
1796590010L, -152535174L, 1172777959L, -1413595376L, 1938201499L, 
1795007529L, -1532561726L, 947887549L, -237940933L, 1051713720L, 
-1279359480L, -253692347L, -1681307581L, 1406497355L, 423843788L, 
-618344287L, -67933769L, -2089256024L, -304478969L, -109282952L, 
212034741L, 429851569L, -1942445526L, -1795790695L, -1608106293L, 
-1077956419L, -547563539L, 1957033544L, 1413741877L, -960112813L, 
-2147270898L, -1322210892L, -1029392994L, 720486803L, 613462984L, 
848281533L, -175804583L, -1336667564L, 1586040920L, 189315949L, 
-2115567494L, 1272099028L, 46384665L, 240584714L, -1647825346L, 
-1128946771L, 1350325742L, -1649736821L, -563654952L, -1089058041L, 
1803896755L, -34807267L, -1032273471L, -62880846L, 1440057255L, 
939909307L, -802016198L, 121013110L, -1948934309L, -1205950700L, 
-1643071407L, 1289032992L, -272201610L, 1406748988L, 655948727L, 
1118610574L, 508242836L, 1318893701L, -704706011L, -520080722L, 
904915677L, 554694612L, -1870280907L, -2094602616L, 1283879945L, 
890295336L, -1025045674L, 1083384127L, 1613548664L, 1516526422L, 
1241989866L, -1419749916L, -304827007L, -1370037592L, 666345441L, 
1793897022L, -18245898L, 1108586902L, -1600171575L, 540792656L, 
-1962237903L, -1711067647L, -1071810047L, 1975135040L, 283551632L, 
-1950132688L, -1813726440L, -1394041819L, 418843542L, -1710047L, 
882925540L, 1699341556L, 1425244425L, 1816595409L, -1152954668L, 
-848334624L, 1576007216L, 689662632L, -788837836L, 543426501L, 
292530213L, -2126953L, -1387175932L, 700660701L, 544443833L, 
-757772858L, 1932356444L, -2078831746L, 1758692989L, 271278314L, 
-249338814L, -2029541809L, -338989669L, 759016410L, 1428233163L, 
-1631672351L, 1281168923L, -1035797231L, -1845066019L, 1405544514L, 
458792275L, 214582123L, -941452519L, -1014262632L, -1408271380L, 
-1365536856L, -474536080L, -1900475937L, 728114478L, -1395965169L, 
-460594868L, 215886448L, 2125077697L, 745386027L, -1841621088L, 
-1427263601L, 2126975043L, -792631963L, -1013458824L, -1722197450L, 
1166623066L, -667022007L, -1855870839L, -75937057L, -1866304517L, 
805556664L, -1305115461L, -901717492L, -715431979L, -630358387L, 
-284943300L, 922608850L, 652093065L, -511434738L, -150004617L, 
-1236916888L, -614348733L, -1680415847L, 478347734L, -1330772479L, 
-873730319L, 1230712615L, -1484060749L, 1223747033L, 80907182L, 
1897635407L, -520255669L, 919832179L, 854326141L, -188879467L, 
1758140596L, -1150494054L, -2016774226L, 1427571139L, 1537774133L, 
-1013277315L, -898062981L, 177851335L, 331331416L, -1549185499L, 
-2077201012L, -1211798829L, 1380294865L, 2126446588L, -733564113L, 
-1140059322L, 1596627638L, -174810652L, 665827254L, -1770620776L, 
-1027911129L, -46717492L, 150074950L, 1586847102L, -1734716892L, 
1683938834L, -2035818293L, -964276471L, 536117582L, -1107615240L, 
243954547L, 867629547L, 323804801L, 834896157L, -1767371948L, 
892927340L, -1735582525L, -1167092304L, -2091327914L, -1436289843L, 
321116548L, 218369961L, 2008892531L, 1748647983L, -1892621130L, 
1410805090L, 312303401L, -128120835L, 414993058L, -2138187256L, 
1480978936L, 2116564037L, 231720373L, -873482152L, -919795600L, 
943712772L, 147078065L, 669263699L, 287240749L, 1714542988L, 
1677597206L, 672107528L, 980212989L, -1900592837L, 747764035L, 
982556010L, 1096262287L, -514876135L, -1476014540L, 1923698961L, 
-888899198L, -562807902L, -683498470L, -1151960964L, 1956066264L, 
1616868662L, 1306044658L, -277905045L, 1568615201L, 1837181558L, 
-1920974088L, 395200300L, 1713018338L, 336918353L, 2108802745L, 
1585456658L, -77970646L, -1845080985L, -492179439L, -847961557L, 
138597782L, 1055134854L, -905020841L, -1989749741L, -392044851L, 
-533215826L, -1480355090L, 1030877668L, -961890309L, -1450434032L, 
-938414277L, -1675249255L, 1422498150L, 1185299783L, 1799660517L, 
7014548L, -1002913576L, 1042742415L, -143812255L, -520087899L, 
568182816L, 383083163L, -920894472L, -1759477879L, 479853262L, 
1460973481L, 594875261L, -1558228167L, 1334997155L, 1746939582L, 
956294154L, 933355832L, 938341266L, 836305790L, -773791572L, 
-255099617L, 94598871L, 1475340223L, -229325869L, -910459694L, 
294776079L, -1430569539L, -71693273L, -1380166056L, -877562491L, 
1934776948L, 1024010880L, -1258521901L, -430567942L, 221641800L, 
740772051L, 348661248L, -1353072414L, 301255242L, 937133464L, 
911967867L, 428384278L, -1715238566L, 1671127245L, 686347775L, 
-569916176L, -218461197L, -1297459515L, 1808080844L, 889988697L, 
68691340L, 1478563666L, 422426010L, -564129422L, 1513395781L, 
1596483970L, 1750227012L, 630680301L, 1756321186L, 1507503297L, 
-847487827L, -1526189446L, -1577673922L, -406807686L, 1010068616L, 
291596584L, 1203261777L, -1890271507L, -72472990L, -1536547617L, 
860472050L, -1840595696L, 255290575L, -1602998031L, -1301306381L, 
150291658L, 608279725L, 232760490L, -1903194695L, -412347513L, 
-98931380L, -1016985902L, -380537482L, 508109180L, -594423687L, 
1116804702L, -1735122320L, 1666793096L, 371327489L, 831701129L, 
-538103202L, -1521469301L, -291539614L, -97700591L, -1552316568L, 
1434255978L, -799364889L, -594287591L, -1633234516L, 109992084L, 
-539896309L, -1665316623L, 1010009125L, 1143477347L, 1859570731L, 
-1353243192L, 23415281L, 150871881L, -1371620221L, -1656416182L, 
-938471165L, -1771307216L, -1875510874L, -1561090665L, -1606119134L, 
-484807406L, -812559121L, -2048854004L, -44287289L, -83705303L, 
-576747383L, -1688531211L, 1510940327L, -1024366756L, -144340347L, 
1266914326L, -2000536873L, -1806318469L, -1590994675L, -39978L, 
1272715522L, -1821850361L, -1155203408L, -733801670L, -276063621L, 
-365539713L, -1000271915L, 339611839L, -380282322L, -1413641563L, 
-1306456855L, 672311249L, 2050684757L, 1225387601L, 1556793363L, 
-1555956409L, -1635113254L, -310602961L, -1273400102L, -1484459303L, 
-3349508L, 710307195L, 1832124581L, -1611925097L, -1802262586L, 
1402689929L, -926015759L, 1212200797L, 1208637042L, -1044531936L, 
-1766104250L, -1726481339L, 2032114692L, -1982536513L, 325032431L, 
1155275057L, 1530645685L, -990661287L, -34886238L, 1003262295L, 
1550871721L, 1591209431L, -1559508945L, -1724427047L, 1340794100L, 
-1909154842L, 152916888L, 2040264760L, 935871525L, 791362025L, 
-1263079842L, 348122776L, 838417544L, 1228788225L, -2103449767L, 
-35468899L, -131937489L, 894707673L, -1252489109L, 1083238836L, 
2053866205L, 638557507L, -1092084338L, -848523395L, 391829844L, 
-459908583L, -1350607982L, 1130202712L, 1845424066L, -107208723L, 
-2024925464L, -977190478L, -1878769080L, -1822443247L, -1686499239L, 
-27513285L, -1061427191L, -1535408447L, 2140983691L, -909428273L, 
341516414L, 285838029L, -693100736L, -866623404L, 1856644018L, 
-1107501689L, -660115427L, -2082095784L, -1925783943L, 1999406209L, 
1095717230L, 1058377099L, 1389952573L, 1798354015L, -1140361957L, 
219547597L, 2147363931L, 1552553650L, 679077544L, -832393498L, 
1388359674L, 734129160L, 1402344622L, 1262114507L, 768507430L, 
1291491248L, -1274980184L, 730171749L, 1544879362L, 1078119445L, 
1722409203L, -2066185218L, -772834249L, 853352542L, 476847650L, 
1405600352L, 106468710L, 312717666L, 1020346905L, 60065571L, 
210687961L, 24987136L, 689348054L, -2034279524L, -1000607461L, 
-1939692307L, -1863703049L, -1143274238L, -1946919529L, -1673041810L, 
-873481462L, 1103535042L, -570083059L, -343452532L, -1380353040L, 
1521177737L, 609262640L, 726472988L, 436195777L, -325461138L, 
-613273080L, -1837442048L, -1061826261L, -538544412L, 1104943412L, 
752362372L, -1191468355L, -1645160348L, 830323458L, 260990801L, 
