.Random.seed <-
c(403L, 442L, 342158278L, -1800935911L, -1314956589L, 25785568L, 
-1641184039L, -1562316609L, -1012092323L, 546603234L, 515718102L, 
1251897329L, 1427717454L, 528666552L, 87621825L, 2085343564L, 
1327960880L, -24473847L, 1860316430L, -1880046368L, 1089390909L, 
119763674L, 1039135225L, 292240488L, -635346453L, -1187376140L, 
-1399273804L, -328775048L, -620297377L, -77349056L, 1726132110L, 
-2035221140L, 2013397151L, -1271891205L, -1878758879L, -1605160874L, 
1328522435L, 1941400211L, -2000042126L, -2105316271L, 1541732619L, 
-403562054L, 1702320265L, -1933261648L, 2099581096L, 1905284896L, 
1787921724L, 575209450L, -2005992271L, -1080635708L, 241769079L, 
1888389227L, -244113955L, 333538501L, 5565205L, 557733123L, -1544219208L, 
1760710255L, 1650426844L, -1751208176L, -1700436841L, 693100350L, 
-38613277L, -268755646L, 1713756421L, -18197901L, -355933798L, 
-1257891047L, 1107097681L, -1214238087L, -1918037768L, 137685994L, 
-1810174111L, -1655390469L, 1139803870L, -1707171804L, -1076714083L, 
-838659458L, -1160008022L, -388807317L, -671536971L, 805862273L, 
915276723L, -1092528296L, 2096080626L, 1590167034L, -1634190297L, 
-2074672868L, -2039802576L, -1782956471L, -1179360449L, 1789801315L, 
-654999236L, 1478441825L, -971793218L, 1189278332L, 445015416L, 
-327525441L, -2025954379L, -506324649L, 1982510315L, -446223528L, 
771141122L, 846771186L, -1828268228L, 569432527L, -1310342862L, 
1082085811L, 1157709750L, -1434792239L, -580222298L, -207624632L, 
-966355097L, 1937549440L, 1268225263L, 63709861L, -82828677L, 
-628003169L, 777456471L, 123851793L, 245937969L, 1952226324L, 
-1485848512L, -1367171780L, 210180316L, -1701590689L, -2005068065L, 
-2069228862L, -1864225509L, -44277090L, -1482752572L, 623164093L, 
1188360064L, -1557776438L, 755316532L, -485701182L, -913797435L, 
1223983136L, -1780023294L, 701389232L, 1372291081L, 1631726634L, 
-2008276736L, 1135376250L, 177275857L, -191394637L, -515474171L, 
1291342680L, -893182032L, -2059388069L, -1391848258L, -1693008090L, 
889199273L, -405437975L, -2082953724L, -990155655L, -1862372155L, 
-1152431777L, -1650364780L, -1035275194L, 635548242L, -179810682L, 
781381283L, -1618326636L, -1684005654L, 666155424L, -1845032398L, 
2080236858L, -2016846897L, 1565102937L, -1071158032L, -221804995L, 
-523873849L, -669850596L, -1194141713L, -1922794392L, -1575500152L, 
1336717103L, 210638517L, 240420490L, 60172504L, -1178844593L, 
-123900804L, 1161907762L, 996991238L, 1168691650L, -1176824846L, 
-584848143L, 144505081L, 2145150973L, 1895957652L, 1163214227L, 
863711115L, -12114998L, 593099891L, -1166035894L, -561923645L, 
-1706708493L, 206767230L, -1116939959L, -1973219917L, 1261677492L, 
-1314573485L, 1183283018L, -46228317L, 1288244022L, -1563449617L, 
-523830305L, 1885451991L, -472586942L, 1967653723L, -1364608354L, 
1224289530L, 765792252L, -772975387L, -133898863L, -765367905L, 
-259216532L, 804011574L, 1427163194L, 1790773043L, -1431065658L, 
700406319L, 91737550L, -1987029337L, 326606182L, 1878052015L, 
-1011109073L, -1165739424L, 467416765L, -1217096670L, -592174021L, 
588535674L, -652531911L, 27340167L, 1410375060L, -945711121L, 
1759481514L, -1805880999L, -1216574391L, 3983699L, -715497914L, 
1254539487L, 166685759L, -1518510314L, 335878088L, 96273199L, 
-1831776911L, -114497196L, 1494182786L, 824972903L, 1289466860L, 
1689454334L, -459472179L, 378095702L, 1301875218L, 527255083L, 
1009479956L, 914169356L, -493939841L, -1915708902L, -1939135096L, 
1860068777L, -1120348410L, -871412802L, -428925961L, 1445296232L, 
-1347472150L, -1986967310L, -1606474616L, -115781696L, 552643350L, 
-1119823146L, -1116614457L, 2025998073L, 1582347232L, 580186423L, 
-1214657273L, 2060696638L, 99696153L, 837849953L, 3926295L, 1103715240L, 
256412764L, -2095868694L, 314537007L, 149289285L, -1894430636L, 
-1049279551L, -1912694083L, 1493516142L, 392391952L, 1077637128L, 
-2101774881L, 2004918480L, 371411152L, -1796421926L, 959230823L, 
679899981L, -1447608951L, -901541281L, 641965859L, -135289202L, 
-1387386429L, -1629244497L, -1968721704L, -665851742L, -1942145259L, 
-907799665L, 1182186935L, 408550909L, -922820848L, -1373356975L, 
-2048095454L, -1192784953L, 711300570L, -2025589638L, -213594870L, 
335270697L, 1440625219L, 295566893L, -1987622399L, -1118339223L, 
-649657739L, 1439006546L, -236128133L, -1328711004L, 913999276L, 
781161951L, 193720616L, -2114563083L, 698418735L, 346740052L, 
-1912264704L, -576214338L, 1102563966L, 1418858275L, 1156948676L, 
-857533359L, -175809721L, -1894475877L, -778298476L, 625597483L, 
1090439290L, -998321881L, -488811950L, 1354001586L, -1746335564L, 
-1211668245L, 1981849900L, -771277438L, 938837575L, 418265964L, 
1642227753L, -231378928L, 893712447L, 1777772364L, 1620852570L, 
269945663L, -1792121218L, -1656231605L, 1022395733L, -1466343658L, 
1777740398L, -1940285562L, -1141387225L, -1415969012L, 1241593069L, 
754304334L, -131966831L, -1717994082L, -1345443873L, -651056295L, 
143944555L, 828344023L, 1406637367L, -234668480L, 379658157L, 
-1031818378L, -1748457236L, 241944415L, 1733000593L, 1334961835L, 
-664627717L, 1974134593L, 434181628L, -939448927L, 2091522454L, 
-413428942L, 66429170L, -1287535546L, -1703699538L, 1997741366L, 
53935817L, -1501357782L, -1785804405L, -1471695414L, -1631070761L, 
-1271031925L, 783374540L, -1450865625L, -1666712055L, 788705183L, 
608282141L, 111444438L, -1288044982L, -1324578224L, 1433700370L, 
372112823L, -878085614L, 968507994L, -85856223L, 1821318959L, 
-2096323760L, 15090451L, -2062031336L, -1673665333L, 1205525844L, 
770199925L, 1091695692L, -1396054331L, 540774905L, 1884665689L, 
-21964871L, 972645777L, -172252420L, 640410729L, -102887225L, 
1055876651L, 479324314L, -1142424942L, -1613005523L, 1668069232L, 
1924022911L, -1452745528L, -2072131124L, -123478556L, -1350177065L, 
1513640515L, -1371241480L, -1861670922L, 1518685172L, -1771477844L, 
445153443L, 901609844L, 328972892L, 356550623L, -1890775221L, 
490789150L, 2028787671L, 1260010941L, 1300936658L, -351391678L, 
-766823036L, -379636594L, -191699617L, -2059504150L, 699581628L, 
-1989330656L, -190530866L, -377132726L, -1607036515L, -558338298L, 
-733028691L, -1369880005L, -810376371L, 269956784L, 1380179721L, 
475998080L, -1659656771L, -908117935L, 1165829008L, -1147447996L, 
1651543581L, 616564862L, -2100771841L, -1442163577L, -489460956L, 
817262135L, -713450460L, 390211096L, 249729168L, 423735967L, 
-1979293875L, -1038450887L, -1227138997L, 1624606530L, -914063926L, 
632968791L, 1215389140L, 513860829L, -39241725L, -836356826L, 
-869830066L, 940119645L, 819545318L, -1488436796L, 927986862L, 
1363015464L, 1586833499L, -1546381173L, 667056104L, -1122606917L, 
746582864L, -2074236939L, 715045736L, 1671822777L, -1251499299L, 
-568816386L, -1220573606L, -1108827666L, -935288919L, -1789377874L, 
-518976244L, 627813194L, -1940248672L, 337396300L, 440365857L, 
298200780L, -1335619438L, 2001247946L, -1625877644L, -673309291L, 
1800786528L, 1844737569L, 665034604L, -1600690489L, -1785195112L, 
1880431468L, -1455242719L, -742805761L, 256570055L, -421274603L, 
-1225799106L, -1224526064L, 1599834047L, -1090411222L, -888004902L, 
1549637000L, 2007913467L, 1024628396L, 477566269L, -860806694L, 
1281553300L, -1285380627L, 250822070L, 1006285944L, 1612055081L, 
52146708L, 1142468449L, -1930005323L, 2097668620L, 42800123L, 
1103423513L, 1077423369L, -1573752391L, -460507054L, 345548686L, 
960496603L, -1951168342L, 891206832L, -438893716L, -1004916824L, 
823486128L, -1395408325L, -1934899034L, -967407416L, 2051245959L, 
-48984030L, -572214568L, -603697224L, -861280068L, -2034094782L, 
-1260733538L, 182344547L, 1869200186L, 1780483897L, -1529663248L, 
2146609035L, 115692072L, -1172003263L, -1567506819L, 1700924583L, 
1691714241L, 1284064606L, 1158952540L, 1931832315L, -1802739176L, 
-531566404L, -236948347L, 590918374L, 1336169091L, -1237477204L, 
