.Random.seed <-
c(403L, 10L, 1518734911L, -348056811L, -564170708L, -1543934L, 
-210814499L, -2122430249L, -1611353154L, -1329310216L, -842305061L, 
-461299655L, -510396024L, 916460854L, -1569124495L, 168861091L, 
890265842L, -1731167164L, 1360971527L, -771561763L, 753747924L, 
1992906490L, -1095103931L, 916744863L, -2033170394L, -936305488L, 
1132170579L, 517257329L, 645932448L, -1982408386L, -1230845879L, 
-1499579141L, -906668854L, -1725281748L, 1584221743L, 357191397L, 
-1395244132L, -1507768846L, 418701421L, 1267624359L, 1463213006L, 
-834789080L, 78005035L, -1902550711L, 24237656L, -461838586L, 
1307640545L, -1787861389L, -637686046L, 1439167060L, 822451031L, 
1103372109L, 625705700L, 1674537674L, -1596316875L, 336685455L, 
497122966L, 1944706624L, 1157793539L, -356532447L, 1115818000L, 
-360706066L, 386248601L, -1045948373L, -147636966L, 981864412L, 
1489064415L, -617400907L, 1122644812L, -1265544798L, -933920515L, 
-435884553L, -355738850L, -1923471912L, -1942331589L, -1332799271L, 
-1735904152L, -882382442L, 1364834577L, 1725971139L, 1053086418L, 
-2053573788L, -1050372441L, 1785290749L, 1441208820L, 1883768538L, 
-1670326235L, -1295592129L, 2103933638L, 973166416L, 747808627L, 
-1865291375L, 2069224384L, 2051755422L, -963928215L, -540189797L, 
751108778L, 1856580812L, -1094470257L, -492203579L, 532714876L, 
-1163215406L, 1085131085L, -490464249L, -1694245906L, -2142190904L, 
1642675659L, -1439401943L, 1195826808L, -1399358554L, 1259220417L, 
669952595L, -1395171070L, -1410209740L, 780317111L, -2123131475L, 
1797033668L, 1463395050L, -1377118891L, -1755886865L, 1512470774L, 
-269641696L, -1088861725L, 454711937L, 486503664L, 1868573582L, 
-1627511559L, 188116619L, 1367604922L, -84512324L, -901496065L, 
1609840213L, 1085657452L, 318820802L, 1284344349L, 2125329047L, 
1512741886L, -17197128L, -387028069L, -2034273799L, -1017749176L, 
-909968266L, 834095537L, 863983587L, 446424242L, 1132062980L, 
1851806279L, 710612253L, -1185090668L, -266074310L, -976131195L, 
1166073951L, -66690330L, 867641712L, -1670180205L, -2140443855L, 
940276192L, 1454841470L, -522271479L, 1302951739L, 1377603338L, 
438775532L, -1169949841L, 343633061L, -2014179748L, -559282638L, 
-1326574291L, 48522215L, 746242830L, -1644370712L, 2015141611L, 
-1879265399L, 373041944L, 333356614L, -50008415L, -1469206221L, 
-771030878L, -136392812L, 590691863L, -1047229939L, 2113093412L, 
1580624650L, 1029514869L, -469436977L, 142384854L, -1092500864L, 
-1860129597L, 1884572257L, 2113782480L, -445639634L, 1628846553L, 
-514423317L, 1139527770L, -890994148L, -1915276513L, -1343273099L, 
-1233711604L, -26036254L, 1855331517L, -1642833097L, -395951138L, 
-45170408L, 1831167099L, 1793374745L, 1839565480L, 570957910L, 
-1822606127L, 778709123L, 886840082L, 274054820L, -19871129L, 
-878820419L, -773915340L, -629688678L, 957146341L, -606546305L, 
1260724230L, -1742470256L, 374926899L, -1170285103L, 1393622912L, 
710111838L, 1576290729L, -1963710373L, 1151242346L, 1937424652L, 
87464783L, 491268101L, -420931908L, -1483259896L, -1830126150L, 
381830608L, -834036756L, 1222819732L, -562654254L, 1858578272L, 
-741098164L, 1835646240L, -176757886L, 76051176L, 1737426156L, 
50520636L, 665076594L, -874456464L, -61542364L, -1917632712L, 
-1595038566L, -942056752L, 193956028L, 788346516L, 1014632066L, 
1016093888L, -1651838660L, -1167431536L, 208445986L, -828449272L, 
-1242441460L, 163957404L, -2095536622L, 1835861376L, -752552428L, 
-1896452568L, 1863595322L, 1879865296L, -121478548L, -1384386764L, 
125491858L, -830711456L, -901936820L, -747626528L, -401737822L, 
-538398808L, -1537350772L, -678422852L, -1474643086L, 1349064944L, 
1439731780L, -859210408L, 28738618L, -1251886224L, 958606396L, 
1813496596L, 286007746L, -641597216L, 1687504764L, -1480526128L, 
-2071394654L, -649360344L, -741437172L, -1897550916L, -1054065358L, 
720861120L, 6156852L, -901841976L, -1489627974L, -1472544880L, 
-1884885524L, 1831006292L, -1987228014L, 36410144L, -934386228L, 
230603744L, -332981566L, 2101381672L, -28399956L, -1308267844L, 
1156762098L, -713336528L, -530383708L, 866613944L, 673633114L, 
-57625200L, 380830076L, 997647636L, -837971646L, -506266880L, 
1595493308L, -1087818928L, -1618994910L, -1126908600L, 1892800524L, 
863436892L, -902914862L, -1442580480L, 314981204L, 1191942632L, 
-1136472070L, -766865712L, -1067379412L, -1945353996L, -1961379950L, 
1807785056L, -1956287220L, -1689305376L, -1882555038L, -910925144L, 
-579827124L, -35059844L, 267815730L, 62551664L, -882279100L, 
-1732486184L, -358514566L, -365275600L, 933659324L, 1619339092L, 
-2136796606L, -1393163360L, -241704772L, 1054833104L, 30401890L, 
-767824920L, 869715916L, 1807267580L, 1577578482L, -1254384512L, 
-826115852L, 1746986120L, 917046586L, -1760513200L, 1959410796L, 
-859500396L, 1517500754L, -509278496L, -810917684L, 1252315296L, 
-1663184510L, 432345320L, -942796564L, -1136086980L, 1366175858L, 
-766502800L, 858200612L, -152456648L, 1008542234L, 1045965008L, 
-316631492L, 1439872148L, 1193567362L, 408178624L, 708347196L, 
1969452688L, -1679471582L, -1897428984L, 620270732L, 660928540L, 
2119181458L, -796611456L, 665975828L, 1849606952L, 333302842L, 
1775176912L, -1127510932L, 1868969652L, 1297309714L, -1849364512L, 
-710413364L, -917080608L, -128091102L, -1758087896L, 614113548L, 
472591932L, -2132314894L, 66033904L, -60299452L, -921325480L, 
-1050445254L, -1458657040L, 1499542204L, -832404972L, -1964819262L, 
-861239712L, -593332868L, 279330000L, 1913875490L, -220497752L, 
-1050632820L, -104597060L, -1936607182L, -1637160128L, -1595410764L, 
1384608072L, -1543707974L, 1066006288L, -1630942996L, -851912620L, 
-2122576110L, 932753824L, -361115700L, -2054785184L, 1264788674L, 
-282366424L, 1395771820L, 1281983292L, 880415602L, -2144823504L, 
1330022436L, 1971281464L, -626195750L, 1762842512L, -88814340L, 
-2078120556L, -820841662L, -584222208L, -1566140356L, -679855536L, 
-537763678L, -501365944L, 1257673228L, -176803108L, -825005998L, 
-1943954304L, 866070356L, -1884520472L, 1941465850L, 1932148560L, 
-2003596362L, 990838851L, 406649221L, 2057505314L, 1378967824L, 
453492921L, 254256491L, 1214004316L, 2029015434L, 1703900543L, 
530954441L, -1618461346L, 266075660L, -757665315L, -643501849L, 
604669200L, -1916285906L, 2029114075L, -175193155L, -1898291926L, 
1959092680L, -1751441679L, 1048227939L, 1950647396L, -690886766L, 
-1307407257L, -1338276815L, 1187925366L, 913279636L, 982366373L, 
602242479L, 1136518760L, -1583407546L, -192013325L, 797592405L, 
769451314L, -1419351808L, -1243909655L, -1509252005L, 1013644972L, 
-949987142L, 1560801903L, -913842183L, 756506254L, -85536932L, 
2047792077L, 1696576311L, -832599616L, -547438946L, -1316952213L, 
-1090674963L, -1078228134L, 54994968L, -490519167L, -441470157L, 
-732937900L, -2059574430L, 652042231L, -1283063743L, 166061254L, 
-1755725308L, 1322487221L, 98513567L, -848223496L, -1876191530L, 
418268003L, -265262299L, 1954601154L, 790820272L, 816887257L, 
154338123L, 590004668L, 2146845162L, 1174607391L, 18982057L, 
1357503550L, -44235476L, -353247363L, -949117497L, 274270384L, 
787519182L, -741458949L, -701268899L, -1886473334L, 1724822440L, 
1757683985L, -1158420477L, -60318972L, -885078222L, 1685128583L, 
-1593873455L, -1237256874L, 1275030324L, 222062149L, -786935153L, 
-326018040L, 2050971686L, 397334739L, -1747842507L, 665758098L, 
-513073824L, 721777865L, 777005051L, 1483065292L, -792774054L, 
1391064911L, -902076903L, 621577262L, -1962878404L, -1606658131L, 
650772567L, 1968461216L, -1369622786L, 1637639627L, -1254042675L, 
-582609158L, 1608498488L, 1987741409L, -1591277165L, 1350799796L, 
409588418L, -1429228841L, -1099443423L, -1167404314L, 1354953700L, 
-594750699L, -1214956737L, 1005244120L, 349407990L, -1247259389L, 
-1406403003L, -742832542L, -772104752L, -265348359L, -670140373L, 
875366300L, 1477818314L, 1685016767L, 826401289L, 2070563614L, 
