.Random.seed <-
c(403L, 10L, 1045538143L, 4476390L, -1654381456L, -554420333L, 
-1793359823L, 1749503712L, -1818990722L, -1539891703L, -1700219333L, 
2123909130L, 171489260L, 2114649199L, 1690391461L, -496389284L, 
1675247410L, -2096157139L, 1314710759L, -884480498L, 1145256936L, 
-1564375573L, -2111730039L, 1753374232L, -280799930L, -906017887L, 
1137618483L, -79494238L, 1281398420L, -1867057897L, -1853598963L, 
90079780L, -1953052150L, -1745702027L, 59938511L, 200260054L, 
-2121443968L, -1753395773L, -1727779999L, -231296560L, -45504210L, 
-805146407L, -521237781L, -380004518L, 2031718684L, 1603450911L, 
-1681079179L, -524279540L, -266507038L, 1043162557L, -1664536009L, 
1369481438L, 1614777368L, -774409349L, 1086931737L, 1149214632L, 
1206927190L, 759318481L, 906007427L, 1501140498L, 1698984356L, 
310011239L, 251497149L, 142543412L, 1564463514L, -1098076699L, 
-45799041L, 787464454L, -1586201968L, 1159310131L, 582979793L, 
-1839201664L, -947571874L, 831070377L, 1945396059L, -1421717142L, 
-1825377268L, 1548522575L, 582542597L, -119093828L, 1393250450L, 
-127368307L, -1704447033L, 966232238L, 103418120L, -830179573L, 
-1149890071L, -867461448L, -1397153434L, -918150655L, -1869636461L, 
-1882896574L, -382166796L, 132437239L, -685937427L, 477020036L, 
-23277142L, 1998423829L, 1518310831L, -1791263306L, 12469216L, 
975653667L, 1965730881L, -1990615248L, -1019572914L, 1418694585L, 
481790411L, -744166790L, 323411836L, -563105857L, -391473003L, 
851805868L, -790211454L, -2022026147L, -875168937L, -50141634L, 
-409359752L, 1868708187L, 1805318329L, 1917630728L, 205581238L, 
-87119631L, -1454489821L, -896030350L, -1530733628L, 167958407L, 
-1629422243L, -2046127276L, 1657244026L, -621673275L, -2066106849L, 
559227302L, 110023472L, 1051206099L, -82671631L, -1504354016L, 
851115966L, -1819832375L, -1010172037L, 525763914L, -1580789332L, 
1909427375L, 1732974181L, -1375179236L, -646578062L, 1727764205L, 
-279700697L, 1101027150L, -1978769496L, 1347308459L, 1388857545L, 
2140279000L, -1906815610L, -1014029215L, 360605171L, 1973888098L, 
264921812L, -127720489L, 1607023053L, -1302270620L, 1156270410L, 
-1383657291L, 808581135L, 203608342L, -1969411136L, -1574869117L, 
-741505631L, -1291826800L, -441568658L, 1264903193L, -201975637L, 
-799282022L, 311962716L, 2006235487L, 441551669L, 927174348L, 
1592785954L, 1247526525L, -588872841L, 1473911966L, 1450027864L, 
197693115L, -1196363687L, -1011354648L, 1658377750L, 1103640977L, 
-1505732029L, 775018834L, 1430769124L, -1919151065L, -598409091L, 
1693961588L, -669179558L, -1152563291L, 654108607L, -2000397242L, 
1976519376L, -822479629L, -57355759L, -1201888192L, 806995998L, 
-654526743L, -105978853L, -1156961238L, -64106676L, -51784433L, 
1255659589L, 848019964L, -164736942L, 1780439501L, 820702087L, 
-256844178L, 1459523144L, -859330485L, 149217705L, -1259676424L, 
-498907098L, -226821823L, 1833834195L, 472317570L, -311499596L, 
1258470455L, 1119551277L, -1770439612L, -169107094L, -755687979L, 
1554856815L, -746503562L, 1260819872L, 52283522L, -1125527616L, 
-423765700L, 994326160L, -1479499742L, -334276600L, -1907553140L, 
1622610972L, -2006127982L, -1156894592L, 276427796L, -38975192L, 
1674177082L, 912897232L, 2068296812L, 463339188L, 831899666L, 
1780033504L, 912954316L, 180375008L, -89357790L, -1899479768L, 
-831179508L, 726609468L, 273064178L, 960442096L, 160386884L, 
1095679576L, -1328276934L, -697344272L, -854241092L, 1309549076L, 
1231463618L, -1933265824L, -248783492L, 2100920528L, -1384860638L, 
1052176040L, -550288500L, 1307631036L, -1385673678L, 1133406016L, 
433058996L, -1843730616L, -46204230L, 1110662928L, -789222164L, 
-2030889900L, -1657286894L, -2120710240L, 184652748L, 1626243936L, 
817239234L, -130197976L, 1507636652L, -2080830660L, 1294112626L, 
-1726081232L, 282465828L, -141773768L, 1792381146L, -961747568L, 
54520572L, 1662886804L, -1052891326L, -1956180480L, -1740007876L, 
-1269409200L, 60630690L, 166347592L, -575278580L, -1666422564L, 
1693395538L, 517804160L, -1928090796L, -1263733272L, 2033434362L, 
531491664L, 2053807148L, 102017396L, -2077108590L, -1553346976L, 
1803118220L, 544393056L, -2041435422L, 1565454504L, -1854657332L, 
616628732L, -1541697614L, 1684081136L, -1294445116L, -1804346536L, 
-922161286L, -135920208L, -2103515716L, -261364652L, 898799554L, 
1617213216L, 758279100L, -594868656L, 545769954L, 536315240L, 
-358843060L, -915966724L, 1270508274L, 122520320L, 2093543028L, 
2030416904L, -1953855046L, -110029872L, -456088084L, 366808980L, 
-30400814L, 1599068768L, -322159284L, -184471264L, 1172131458L, 
-2102598168L, 58917868L, 415349308L, -1557920142L, 651500400L, 
-1786392284L, -816090568L, -24872550L, 251743696L, 1332874684L, 
354800788L, -1919960958L, -1625735744L, 1576267580L, -54452080L, 
-1345443038L, 1762511368L, 2033420556L, 1682057628L, -1188861422L, 
-1434005632L, -1991259372L, -1414708952L, 1186416698L, 289520592L, 
-2132447636L, -633892300L, -2131040622L, -686768800L, -2076260020L, 
-1573874720L, 1803387298L, -575858264L, -1209706868L, 727694780L, 
407769714L, -775050256L, 1811628612L, 2078666840L, 2108171322L, 
2133447792L, 313353276L, 1735968020L, 1123273410L, -1580304672L, 
-1939862404L, 542149328L, -726595166L, 936623144L, -1255512308L, 
-706998852L, -2050275534L, 1707740864L, 1088778292L, -421507384L, 
943573178L, -35364208L, 1498201836L, -104990124L, -467161454L, 
-1590047456L, 1656604108L, -1646645536L, -1014332222L, 1089043496L, 
364671916L, -2055360836L, -181233678L, -1037510096L, 206357412L, 
2135363000L, -1660792998L, -1394007920L, -151187588L, 944182548L, 
985762114L, 2065519872L, 473473468L, 169428304L, -2133995230L, 
2062561864L, 794444812L, 1118966364L, -79911470L, 1547468288L, 
-1862633132L, 1995795688L, 1584142586L, -933135664L, -188989652L, 
-1652734732L, 885169554L, 834859360L, 1658818572L, 513648864L, 
2084918882L, 1044517032L, -131743668L, 167827324L, 1425222962L, 
-1856360848L, -953272508L, -426316840L, 36300666L, 1227646000L, 
-1287379012L, 1086356052L, 662632514L, 1713399456L, 1065292476L, 
-1531124431L, -724050525L, 1286842788L, 1329015890L, 227694503L, 
-1285135375L, 2006980406L, 1303704532L, 935958885L, -1271011985L, 
-2067515480L, -1725842170L, -1682799565L, 1016685205L, -162721038L, 
1821596480L, -746508119L, 1739502875L, -1911532820L, 1085181690L, 
504413999L, -330039495L, 920371534L, 57761692L, -1641542387L, 
1885296503L, -244067456L, 1135512030L, 1312353963L, -604081747L, 
941245978L, 1107548376L, -2016139967L, -1456271885L, 1568439316L, 
1602650530L, 855963319L, 751083649L, 1737644166L, 865938628L, 
1889896949L, 229106783L, -1228745032L, -811321450L, 930139555L, 
1310003557L, 1927288962L, -663350800L, 1934469017L, -707755637L, 
-31376260L, 1707595434L, -1199550241L, -827902359L, -1340644226L, 
-1701385108L, -1602130755L, -1307220601L, -1234468496L, -1458375666L, 
-34666181L, -1792190947L, -223302966L, 1847387624L, 421735121L, 
-1120471357L, 591936964L, -1501226382L, -686062777L, 1862220561L, 
521905814L, -1641169932L, -785349243L, 1828903119L, 1001746888L, 
-2131169178L, -1859803501L, 1400452597L, -1760852014L, 124032032L, 
174786057L, -1619599557L, -127118708L, 2117109530L, 1201097103L, 
2030823129L, 731588974L, 511718652L, 402345581L, 2122385943L, 
44842976L, -10060866L, 1784928651L, -497595891L, 1951409722L, 
-1183543688L, -1138596319L, 545028307L, -765851660L, -1613705086L, 
-926234345L, 1897742305L, 74291494L, -1714620380L, -823387435L, 
266872447L, -1639209192L, 2105353782L, 1421506755L, -512125691L, 
1230625954L, 962675344L, 143543865L, 4681451L, 1248473052L, -1973112310L, 
-204942081L, -494206647L, -1314589986L, 635429004L, 750073949L, 
1392457319L, 464136080L, -1071043666L, 557355611L, 1831685693L, 
-886730582L, 493990216L, 236631409L, -822017309L, -1724315164L, 
-171580142L, 178084071L, 1752424113L, -1920482058L, 303380244L, 
1861451813L, -800991953L, 1480407784L, -1409992762L, -1536120205L, 
1871510741L, 1743781554L, -110975360L, 1248726633L, -339717413L, 
