.Random.seed <-
c(403L, 10L, -2064418419L, 2091999687L, -57212242L, -1658615032L, 
-158680821L, -1452701719L, -1915330376L, 1621444454L, 1703306241L, 
-2020912493L, -2098301630L, 491051764L, -1475336457L, -857708819L, 
1132228996L, 586153898L, -2111404779L, -155340881L, 191029174L, 
397526496L, 1504861475L, -41455039L, 1931025712L, 1998436174L, 
6872505L, -1508016181L, 1701229690L, 779003260L, -1647526465L, 
1948777109L, 1792338092L, -1588530558L, 670546525L, -965956265L, 
-1844129730L, -308206472L, -453218469L, -1527539015L, -1789413624L, 
92966326L, 30921457L, -1515317981L, -1294119054L, -177627708L, 
-1161550457L, 287303517L, 322840916L, 1555803002L, -400422203L, 
874421279L, 927476646L, 279686448L, -1734766637L, 1523416561L, 
-1015035104L, 1858921918L, -418783799L, -1371995781L, 1194510154L, 
-1498818644L, 1741151919L, -1399694235L, 816811036L, 586523250L, 
583472365L, 1190006055L, 2117974350L, 720722344L, -1398022741L, 
-655460663L, 1316056792L, 2086859654L, 636610145L, 508157939L, 
509629026L, -933976876L, 196068823L, 199110605L, -287102108L, 
1131573066L, 498087605L, 804236815L, 1976663830L, -1302779456L, 
-88688253L, -827113567L, -1713639536L, -1540434834L, 841982489L, 
487058091L, -496603494L, 1853876828L, 884586335L, -156415691L, 
-1995527988L, 2080330274L, 486984829L, 400110967L, 493845150L, 
552606040L, 1744167099L, -888463783L, -535892504L, -1558169578L, 
658670481L, -63099837L, -1773042862L, 589727716L, -1175488985L, 
-2029531523L, -782012556L, -571800742L, -1448348251L, 1234383295L, 
392903238L, -223029040L, 156316403L, -100817903L, 1202041408L, 
151627294L, 2130637033L, 764678683L, -983174614L, -1911646900L, 
-46139633L, 2117581381L, 640183292L, 839119442L, 84234189L, -909948537L, 
-29868946L, -941816760L, 914595403L, 490771369L, -1904207112L, 
-1356861914L, 844498753L, -407909165L, 56742018L, 139374260L, 
199445047L, 1848922413L, 1280500292L, -1569276054L, -97776683L, 
-1836167825L, 1247541366L, -1348037728L, -640973725L, 115216641L, 
-435217296L, -689924082L, 463431801L, 2112317451L, 176965946L, 
-680667076L, -1264185473L, 1490371797L, 1286232300L, 1071092290L, 
672707997L, 1146400791L, 736093566L, -1168557256L, 646218779L, 
-1585750663L, 1261710280L, -1267615754L, 1590237745L, 855247971L, 
1234826290L, -1049128572L, -137816121L, -892069219L, 2074208788L, 
1286539450L, -1139616507L, 1677786847L, 1625490278L, 603775728L, 
-976616941L, -890295375L, -186034592L, 372659198L, -461190263L, 
736500923L, 753703050L, -1830024340L, 477671663L, -224371931L, 
1938965980L, 1025385394L, 694291117L, -943365529L, -565919346L, 
1411941992L, 1348514411L, -268071927L, -999673192L, -2046278202L, 
-568048351L, 1141204403L, 894775586L, -358446316L, -777145449L, 
1780202381L, -384874844L, 899852426L, 1824706293L, 1068912975L, 
1925357142L, -431586048L, 96034883L, -139193375L, 1050159952L, 
-1364116050L, 1421071193L, 185538923L, 895123674L, 1897605532L, 
-157796961L, 1918863349L, 646874764L, 104051554L, 1269586749L, 
546229175L, -1609007010L, 219387252L, 240606866L, 393394784L, 
-999665012L, 1982917472L, -450972958L, 1793906856L, 32919756L, 
-1008123396L, -634585166L, 1809290736L, 876916164L, 1669625688L, 
-865870982L, -1916617296L, 478839228L, 132980820L, -212700222L, 
-1713872096L, 1674368956L, -188173744L, -1818645022L, -1247350424L, 
1695731020L, -1594318596L, -1988459790L, -952848640L, 597098100L, 
1665941512L, 358298042L, -1045213232L, -6534676L, -199514220L, 
-996961582L, 389611104L, -297786036L, 1954891040L, -1954272638L, 
1264130536L, 136609772L, -1860188612L, -570112398L, 1812114288L, 
-17684188L, 192127544L, 1599101338L, -882607664L, 2040948156L, 
2047744148L, 523990146L, -863459904L, 350784316L, 2035362960L, 
1554406178L, 569292296L, 962323724L, 1906832796L, -1199002094L, 
-6243456L, -138292460L, -2087816920L, -679197638L, -1578472496L, 
144415340L, -252325324L, 1832606354L, -1607113376L, 656693580L, 
468592608L, -743656030L, -1129040472L, 149935756L, -1744077380L, 
1398263410L, -569347088L, -1636929980L, -1052053416L, 1100445754L, 
969039984L, 1983977532L, -368762604L, 1496359618L, -1110874400L, 
-1639892868L, 2052503248L, -568641118L, 1678682152L, -1499985140L, 
-32650820L, 653693746L, 105577152L, 506358836L, -1238176056L, 
-1838172998L, 1150441104L, 1790729964L, -1020540332L, 229487250L, 
-428099296L, 1458946508L, -1715690784L, -256937790L, 1944267816L, 
-1296459860L, -336454980L, -1800385550L, 6829616L, 242171812L, 
440667576L, -1766111398L, 1484525712L, -1170637956L, 996761876L, 
1354004802L, -498810624L, -682422852L, -1515069104L, -1570973406L, 
-831333816L, 1930604556L, -1709713828L, 891767250L, 1669330432L, 
-1540459180L, 1677454568L, 821608698L, -1623251248L, 1702153004L, 
-1913679628L, -936666734L, 220478816L, -1229550580L, -1094664992L, 
522723938L, 1730151592L, -1717601204L, -1785718916L, -852813518L, 
-76164496L, 1668993860L, -743050280L, 1237386106L, -1818097616L, 
-1370460228L, 1738711636L, -1702571966L, -990155104L, -1908874564L, 
1752812496L, 1526570338L, 503111400L, -326157108L, -1726934532L, 
1365523954L, -1257864064L, -483407372L, 1748621960L, 1465043770L, 
-194081456L, 1759587436L, -1380145772L, 1600815186L, -615350816L, 
-793299764L, -118874464L, -434056830L, -984663832L, -1097041172L, 
-1490016964L, 1198149746L, -2050567568L, -1592751580L, 609851448L, 
-51664614L, -2112961328L, 1274251580L, 2084037524L, 462813058L, 
-54228032L, 651888188L, 278798736L, -1508567006L, 23930120L, 
5691532L, 1616645916L, 1460368530L, -177515136L, -1462956012L, 
-1827662040L, -1852348870L, -722505264L, 1035188588L, -2035616844L, 
-1572484590L, 2118494176L, 1464986060L, -337266464L, -1471378398L, 
985715496L, -897246708L, 1576010556L, 1983815666L, -1818217744L, 
-101770684L, 1047227992L, 1643910970L, 151416816L, 557654716L, 
-1841949420L, 2120539330L, -544035744L, -902384260L, -461844528L, 
-112893662L, -880847192L, -668403828L, -549980996L, 1584565042L, 
-1006139840L, 741528756L, 1446134856L, 510985658L, -143562224L, 
1546943724L, -1610776236L, 1160966930L, 1177456032L, 485110304L, 
-1360942071L, 1066381627L, 1794266252L, 2033951002L, 1432016783L, 
637495513L, -1680480402L, -2084921604L, 1733876845L, 904833047L, 
-189902368L, 1721736638L, 2017829771L, -619867123L, -1220398022L, 
1854829688L, 1772511265L, -1324537133L, -347805196L, -1391471998L, 
1878273815L, -233232927L, -85239002L, -735046108L, 1017729237L, 
-174460801L, -122444520L, 1547508790L, -404258109L, -414208251L, 
1445667490L, -1757343600L, 1013506105L, 1148932331L, 2094154204L, 
1217841162L, 1953609471L, 200959817L, -1613275938L, -923155828L, 
1997719133L, 612551783L, 1558126992L, 881721774L, -2057800613L, 
-940399555L, -55612758L, 2044942152L, -943662223L, -1946608413L, 
-126143516L, 1841586962L, -1515016473L, 179214513L, -215049482L, 
1070513428L, 168157733L, -626299089L, 1983664360L, -1600638522L, 
1971380339L, -609957163L, -2118510414L, -1971499904L, -1709584279L, 
-1226994469L, -399491028L, 1220280378L, 1175322351L, -37531271L, 
-1335083506L, -1870954532L, -1099974579L, -770090057L, 96535872L, 
-2093333474L, -1187896597L, 251120237L, -152036646L, -738262376L, 
-997162751L, -530864461L, 634565076L, 737747170L, 1836996983L, 
2038696129L, 1820791878L, -746947708L, -1864323787L, 299571999L, 
-317723016L, -82799786L, 1241160163L, 1915695013L, -576573886L, 
-1824222160L, -1141331879L, -3996213L, -1198569924L, -204490646L, 
1487438495L, 569921321L, 759657406L, -2119187796L, 76951549L, 
276281159L, -1826408400L, 98898254L, 281106811L, 1758174941L, 
11671306L, 1142730280L, -710658415L, -431972733L, 25599876L, 
-1267477070L, 826391303L, -1940262575L, -1295988522L, -783800908L, 
-2096176699L, 670331151L, 2105749384L, 2017066662L, -833294765L, 
-429240395L, -1789330158L, -569022752L, 1705589577L, 710612347L, 
306790476L, -1813849638L, -1899392049L, 507215257L, 433014190L, 
-2121559364L, 297235245L, -1720016681L, -72734432L, -753979778L, 
-1606199221L, -1970634163L, 1235542138L, 435089592L, 365691489L, 
-43386861L, 1972147764L, 50389058L, -1591386025L, 1599148961L, 
