.Random.seed <-
c(403L, 10L, 487342646L, 1109990001L, -751820637L, 789178866L, 
-2044737212L, -1104616953L, 1021308893L, 1125054676L, 123029498L, 
-666878139L, 346893215L, 925638950L, 496308656L, -1524479405L, 
1817326961L, -933227360L, -1876052930L, -1088373943L, -199300613L, 
-352825910L, -1291402452L, -1022137553L, -295357979L, 1024572572L, 
-1790879502L, 1230131565L, -1900863833L, 175132878L, -1312211416L, 
1051084331L, -1557492663L, -768996008L, -1228884986L, 1261860321L, 
215342963L, 1309686754L, -292039852L, 693763671L, -1942231475L, 
926996964L, 1969550282L, -814778827L, -1225859953L, 447919510L, 
-724711104L, -287095805L, 247248417L, -2096783088L, -199029010L, 
-978324839L, -1492989141L, -1470376422L, -1481409316L, 1910583519L, 
2051399349L, -1066166196L, 483714210L, -407129091L, -233508617L, 
890443294L, 170240216L, 902487099L, 322725337L, 1219412840L, 
-1495421290L, -348403695L, -1378784829L, -910420526L, 841243748L, 
642984871L, -809941763L, 364060916L, 1895127002L, 843811621L, 
101440063L, 1107141062L, -2018503088L, -377181581L, 1997737617L, 
-996436288L, 1045840030L, -1098355607L, -315590501L, -440583766L, 
1939644876L, -2109895537L, 28001477L, -407665540L, 467859666L, 
-689874867L, 144625927L, -1130978066L, 2031128008L, 252048075L, 
-1899807959L, -1863754888L, 997236902L, 844012225L, 1875004243L, 
1168603138L, 2070943028L, 596893367L, -195427667L, 691196868L, 
-1188152342L, -1721170859L, -650257937L, 1046774262L, 1269602080L, 
1941702883L, -1042801279L, 548404208L, -1842929010L, -406186503L, 
-1366030453L, 1171166138L, -706843972L, 140632575L, 814051157L, 
928442476L, 224156866L, -1567181027L, 991358359L, 2027605246L, 
943183544L, 1796679835L, -134002951L, 1419233352L, -1072186506L, 
-287711567L, 874991331L, -339862094L, 1691895300L, -1678459577L, 
748058653L, 1104191124L, 2134758970L, -903399291L, -1702580897L, 
-1994390042L, 365591664L, -1555439725L, 187529265L, 1229485792L, 
753647486L, 2124871177L, -86467013L, -1565753334L, 1464115180L, 
-536685457L, 268184485L, -1247868068L, 356407090L, -481122771L, 
-1520866073L, -988103154L, -1220148248L, -63267349L, -988723575L, 
1159755288L, 1993915718L, 76929953L, -1428384205L, -174306398L, 
1352334996L, 1246305559L, 428968717L, 1847515684L, -1413627382L, 
-1351820427L, 2104082127L, 886493654L, -523649664L, 1134212547L, 
-874065055L, -761108016L, -1296555730L, -1114191655L, -1301626133L, 
541478746L, 1605351708L, 2105184287L, -683230091L, 1264281868L, 
-1216912158L, -6689347L, 1023023671L, 389228766L, -181533672L, 
-1475601541L, 1778977561L, 205273000L, 1917687638L, 1427394513L, 
-1803367549L, 1037217298L, 1629587876L, -1098633881L, -151760195L, 
-594390476L, 1574488474L, 175846885L, -2023304833L, 151288070L, 
1030988432L, -1087282381L, 1626929361L, 182254208L, 144722782L, 
1497995433L, -325321893L, 1777592682L, -990225396L, -1284457393L, 
-807473915L, -961212996L, 636823698L, -1818752115L, -1102107705L, 
336392366L, -1454112504L, -1949065461L, -902911511L, 1767796408L, 
-1161234074L, -1162364415L, 817345683L, 1772005612L, -515078084L, 
-1517764750L, -1480077712L, -284443612L, 60264248L, 1740536986L, 
-1360870704L, 129929404L, 1330085524L, 398290562L, -1568522048L, 
922478396L, 1556508816L, 1188609570L, 876571656L, -186864372L, 
1252179100L, -646680046L, 398611328L, -1928452588L, 1608564264L, 
-634372806L, -491213360L, -1284032404L, -313817804L, -1556231534L, 
-2094825632L, -1373515956L, -192833568L, -2032546910L, 1296055208L, 
-1792677492L, -741659460L, 1956626802L, -470181648L, -1264838588L, 
-1887427240L, -1530492358L, -1281323152L, 1478052924L, 1175450388L, 
-1832815166L, -1934983456L, -152441988L, 956531408L, 982326434L, 
570171432L, -2051655412L, 1553038268L, -2124780238L, 718676416L, 
-219555276L, -1307512888L, 1316089018L, 2132734352L, 407081452L, 
758703700L, -718228334L, -1611447520L, 1093378508L, -1257953824L, 
527652546L, -977717208L, -1722054996L, 612389052L, -2094604814L, 
872836400L, 230073508L, -1488360776L, -1601463974L, -233281136L, 
105666428L, -1668232940L, 754319170L, -1575137536L, -1857801284L, 
500646736L, 2024173346L, 914060616L, 1993076236L, 825550940L, 
-455561006L, 1969790464L, 1143923028L, 1017662952L, 1748610042L, 
246807760L, 1603606828L, 60700404L, 2016419218L, 225210464L, 
1150514444L, -115774752L, -1393652382L, 1858478760L, 307358284L, 
-2144930436L, 680470834L, -1242006416L, 1063643972L, -1688010280L, 
-1256725382L, -1765038544L, -1025006916L, 1995346772L, -2068160446L, 
-458864224L, 1114085052L, -2097836592L, -2143703710L, -1858181144L, 
-1533976628L, 788660988L, -919403022L, -1567605632L, -1079650060L, 
-1375061368L, 1245195066L, -1004128432L, 492829292L, 311380116L, 
674005330L, -339319072L, 1241585356L, -1945266016L, -1487300734L, 
-2075621656L, -1737130260L, 1735024700L, 1206937202L, 1784509552L, 
1826134564L, 1291970616L, 873263130L, -864655664L, 1323719740L, 
1341807764L, -1654863742L, 2071625664L, 1700710716L, 1406625424L, 
2125455394L, -1021347832L, 845159564L, -692464612L, -272119150L, 
766005376L, 1046897684L, 181221672L, 2080578106L, 652834000L, 
1918407788L, 852373172L, -125155310L, 603457504L, -313236532L, 
177143264L, -1531723230L, -1465701080L, 741221644L, -387916228L, 
-939683598L, 2065682160L, 824536900L, -2116092328L, 234179130L, 
-2069631248L, -811134788L, 1854378516L, 110466242L, -1396493216L, 
-671810180L, -1010315056L, -259865566L, 808640168L, -898563188L, 
921341372L, -541623246L, -984275136L, 985375924L, -264804536L, 
-1864234310L, -1599193328L, -675652372L, 246269012L, 427749138L, 
-819218528L, -382938164L, 1511273312L, 1188676802L, -659876312L, 
1724208556L, -361223364L, -1523304590L, -1282681040L, 2090833444L, 
1070867512L, -821247782L, 1484363152L, 1852553980L, -444197996L, 
-1768302782L, -1295327744L, 1120077372L, 994396752L, 1789580962L, 
-1924512952L, 481997324L, -237635364L, -1074415022L, -1722036096L, 
-1052685484L, 69281256L, -1037615366L, 728501072L, 1301687340L, 
1775683956L, -1156254062L, -551104928L, -1113577844L, 1204975456L, 
-526443806L, -650628952L, -1005732660L, 1838375420L, 1989328818L, 
-1462923682L, -551285492L, 824580317L, -748276249L, 1830235664L, 
1413931822L, -537892901L, -1995556675L, -446746070L, 1855823560L, 
-726430735L, -577069725L, -2009164444L, 1240160402L, -136106649L, 
1499707185L, 1214409846L, 572609940L, 1292091813L, 310958767L, 
1523624808L, 531928902L, 836062963L, -1126469547L, 1875029042L, 
-90584576L, 1788242665L, -399355557L, 2105506732L, -1646676038L, 
1782645103L, 968297209L, 1693041550L, -1344147876L, -1332470579L, 
-1235917769L, 213331648L, -1843357282L, 1574765163L, -764245523L, 
-952911782L, 765986584L, 992398465L, -802268621L, 1600284756L, 
262679650L, -1920056585L, 147434817L, 1506220998L, 2085349636L, 
593496245L, 2067068831L, 1174804472L, -1294186026L, -115879837L, 
1756759077L, -47131710L, 11643056L, 1927398617L, -1136131509L, 
-124534596L, -857180438L, -2059999457L, -1962911831L, 1694228798L, 
1643153452L, 885184125L, 1617164487L, -2024557136L, -1895559218L, 
538187003L, -610122915L, -699840374L, -40692056L, -137364975L, 
-377664765L, 1213652484L, 1419103794L, -109711737L, 1291789009L, 
-2084129706L, 153091124L, 52469573L, 191243663L, -1312348920L, 
1800419110L, -97134637L, 1350752565L, -496545646L, 379261024L, 
-1617836599L, 2098699515L, -1757375796L, -1792428198L, 1241236047L, 
120710937L, -42135250L, -1098894532L, -665216851L, -1141916841L, 
-484233568L, -1436522498L, 1041362635L, -109395763L, 1101546490L, 
1295265848L, 1988069857L, -1092734317L, -796911436L, -244823614L, 
91091415L, -1947509215L, 2012124646L, 1122200804L, 1309660181L, 
-1735785409L, 839732184L, -1542873610L, -1998840317L, -516138683L, 
-8290974L, 297705168L, -1674954247L, -1193719509L, -969395556L, 
-1648142134L, 1022251455L, -1485392631L, 1412380190L, 626191308L, 
-324277859L, 1817371687L, -2131613104L, 200234734L, -2035159141L, 
