.Random.seed <-
c(403L, 10L, -87866274L, 1190237097L, -764392869L, 996765290L, 
178426636L, 518108495L, 797634053L, -1897212740L, -998816366L, 
1232281229L, -1237404473L, -165572178L, 1895136264L, 81571851L, 
-1426045719L, 1860019128L, -1822167962L, 2045742337L, -379679853L, 
1508609090L, 727413748L, 736247287L, 1288184301L, 1512673924L, 
184042666L, -843648491L, 880610991L, 192982198L, -1795597600L, 
-201783773L, -755791551L, -369994704L, 1140428366L, -1789371719L, 
104857291L, -1053595782L, -926953860L, -594556225L, -557847659L, 
2067467180L, 994779522L, -603101347L, 1356450391L, -331366082L, 
-1076346504L, -639272357L, 1179372985L, 1062465544L, -1128672586L, 
689678833L, 1302372387L, -1003364238L, -666500412L, -629033849L, 
-1789130659L, 159960660L, 359705722L, 593835973L, 1177352479L, 
-1521485658L, 391125552L, 2081464531L, 1630416625L, -75985376L, 
1831008446L, 218553545L, 768513659L, 1496618058L, 847641772L, 
296594351L, -2020946075L, -195517156L, -1457787534L, -387947027L, 
733637159L, -1602696626L, 1574538920L, 1861043371L, 610788809L, 
558442968L, 633897094L, 1203998049L, -34111245L, 1240149858L, 
1594378708L, 1064238295L, -477839667L, -827132316L, -1009978294L, 
-1338261067L, 1372802319L, 1105701398L, 1240982720L, 1132880515L, 
267677345L, 2055331984L, 379079534L, 885986585L, 1680237995L, 
819766170L, 1980005212L, 553982559L, -285851083L, 354355660L, 
49578274L, -191544451L, 1079631991L, -345086562L, -825467816L, 
-577697349L, 2138689369L, -1922224920L, -2007665386L, -1404295535L, 
-739349693L, -792938926L, 808720612L, -1060844761L, -1764475011L, 
1368527476L, -270332838L, 1773868197L, 923545279L, -2002365114L, 
857332688L, 12613107L, -205487855L, 999656768L, -464925410L, 
-248710679L, 1751169819L, 1684350250L, 1809022540L, 1921960463L, 
533073221L, 691097340L, 1191486802L, -285947187L, 1937662599L, 
1022403950L, -816488632L, -495228085L, -1054584151L, 1428756472L, 
2034972454L, 193718337L, 1634601427L, -404888702L, -1537833036L, 
-383803593L, -1974569427L, 715278148L, 1472017514L, -576295211L, 
-1957894033L, -1757992586L, 747655840L, 1531854691L, -79670271L, 
-2002788496L, -882944242L, -337374855L, -926440181L, 612695610L, 
93484348L, 72202879L, 1013948885L, 1392426988L, -1381998270L, 
-1757127011L, -141395177L, -892802434L, 227031608L, -474972901L, 
-55498119L, 755328712L, 581500662L, -1290627279L, 2084818787L, 
1015506226L, -527157628L, -488185145L, 469156253L, 556909844L, 
2103315386L, -590922235L, 348454879L, -759761306L, -2084625936L, 
-2041565421L, 1849749681L, -166784160L, 1773109502L, -239734647L, 
175611835L, 1460414858L, 319445100L, 955578863L, -816893403L, 
-1201248548L, -1749451598L, -1394012243L, 553341799L, 469708942L, 
-726938264L, -1166963349L, 960388873L, -631377512L, 961517766L, 
-2010338783L, -1790594381L, -1503231966L, -1702684140L, 1344593559L, 
131076237L, -1592973916L, 1886381962L, -1284832267L, 276408911L, 
-254071466L, -1865218048L, -713828029L, -5303071L, 1904619088L, 
-551079250L, -1512745383L, -1464918421L, -269640180L, -300556580L, 
-752680878L, -1239654272L, 53287764L, -1109548056L, 1084162810L, 
695525200L, -987873236L, -329674380L, -705252718L, 989676128L, 
1473889420L, -2123991712L, -342447902L, -1187544920L, -744322356L, 
-1286019588L, -807215182L, -1445644304L, 554845636L, -663070376L, 
167540090L, -454343248L, 113240508L, 1929116244L, 481193410L, 
-1035453664L, -2015433796L, 651625552L, -1236279326L, 1629504360L, 
232261452L, 1098988284L, 1326029554L, 535163136L, -1287711628L, 
248412680L, -1604531782L, -1526826544L, 1392610284L, 1038469012L, 
747457746L, 1413351520L, -1768218292L, 401041184L, 1783179906L, 
-1390974488L, -269675540L, -98992580L, 889346674L, 1185996656L, 
-1055526620L, 2096475704L, -1064837734L, -1876150832L, 5755324L, 
-1784331628L, 1030755970L, 1299485120L, 1964859196L, -864684400L, 
1232745250L, 1287824904L, 1659008780L, -1606453348L, 1217200146L, 
-602414208L, 2110127892L, -225556184L, -1648549830L, 1744934864L, 
-823637396L, 1969196084L, 82080914L, 1842527584L, 1336627532L, 
-858117664L, 1772003234L, -299307096L, 568521868L, -1356442692L, 
-900843406L, -1770269712L, 1328201796L, -799919016L, -1443606470L, 
271753328L, -1595387332L, 242236180L, 2012929730L, -411640096L, 
1219908732L, -757153584L, 73929634L, -1742400984L, 1546626316L, 
-1224639556L, 220235058L, -1118401344L, 1480425012L, -1772472632L, 
-2053761350L, -118865776L, 209418988L, 427420244L, 1235824274L, 
1297783584L, -1888785460L, 215465184L, 490695362L, 2062802984L, 
-423949396L, 90208956L, -916265486L, 1036666416L, 51703716L, 
1291339192L, -1226072230L, -1499031408L, -1601688708L, -1069358316L, 
1313431874L, 1612907264L, 2062102460L, -1090391216L, -828246750L, 
-323051960L, -1577424884L, 2104184924L, 107805138L, -1131202048L, 
1543807316L, -422599448L, 493772026L, -828975408L, 1196363052L, 
190720244L, 744945042L, -662038176L, -2070333428L, 4390624L, 
-1953351070L, -1945198936L, 2080888396L, -705709188L, 1019835698L, 
1132609136L, -1729250492L, 283169752L, -1327652998L, -418860496L, 
1587268540L, 1268802132L, -1041183678L, 1150539936L, 550978236L, 
-1030496816L, -382773406L, 2028196584L, -704584500L, 661220860L, 
-1692919310L, -1103645056L, 68871668L, -1489300856L, 708069178L, 
-1296621744L, -1695363988L, 593685908L, -260895662L, 1780505056L, 
910578892L, 1952313504L, -1280972414L, -1853720344L, 1817797356L, 
1922790716L, 2144685170L, -1565522832L, -37131228L, 538304568L, 
2035223322L, -1330742064L, 1759132476L, 1679304596L, 576647042L, 
1462670784L, -1919999428L, 254343568L, 735173154L, 1375481096L, 
768055948L, 1134278428L, 1249562770L, -1999445632L, 1170031124L, 
-1232338136L, -846715334L, 1222736336L, -1805093524L, 1076007860L, 
1135361042L, -271207968L, -2043509812L, 1595896032L, 605284386L, 
608607528L, 281490956L, 859448124L, -1046473742L, 2034065136L, 
-504346044L, -1885925800L, 2970426L, 2113081840L, 1069637308L, 
233553172L, 244498114L, 1862533216L, -616249476L, 32316368L, 
-935527134L, -2036693336L, -597693556L, 1060338876L, -158341326L, 
1888427926L, -1764056332L, 163038341L, -64374321L, -1739412280L, 
-164684442L, -1173717101L, 2146607349L, 1103259858L, -1421830368L, 
1984845577L, 1915748411L, -171526772L, -1982305254L, 845250703L, 
-1726523431L, 906262638L, -1070466052L, 156854637L, -696294633L, 
-1903803680L, -1331117890L, -1397805429L, -1890552563L, -1465124550L, 
1150388600L, -1411011807L, -1391756333L, 449577716L, 535489410L, 
1155521047L, 2122774753L, -549218778L, 515673892L, -897597483L, 
1259456383L, 249868824L, 1160622390L, 414031811L, -393945595L, 
-359002718L, 2078036368L, -1959089863L, 528575979L, 174378716L, 
567982858L, -593431041L, -725398455L, 210365918L, -1380729460L, 
-816559779L, 1136402791L, 712565392L, 351173806L, 50343259L, 
-1690676931L, -240862294L, -1556698040L, -1039412111L, 337617379L, 
-1870676764L, -703158254L, -611071001L, 1894265777L, -695759370L, 
-682446828L, -1407770843L, -1386624977L, -72183320L, -413243706L, 
1051125619L, 1581154261L, 1767346L, 129593728L, -1503426199L, 
671260123L, -861055700L, -1654005958L, -135687697L, -1834785671L, 
-448538866L, -545123620L, 1602007373L, -1358238537L, -1458620864L, 
-85698786L, 715320811L, 1631195501L, 535932890L, 1685092760L, 
-2033186815L, -274634317L, -1847664428L, -481565214L, -1310396297L, 
-383937087L, -1808548026L, -1815426428L, -730008523L, -287755233L, 
-294874248L, -2017863082L, 1337468643L, -234356571L, -506015422L, 
1064621872L, -222452903L, 831645899L, 567941436L, 1545327978L, 
-1163829345L, 1914759721L, 758232254L, 966913452L, 44798717L, 
1508466247L, -892076752L, 1865813582L, 501710459L, -247951907L, 
2088266762L, -1529246424L, -200440943L, 1450694019L, -2068385148L, 
-528568142L, 1687457799L, -1360917423L, 1364696022L, 1034429108L, 
-484146491L, -1432886257L, -1170766712L, -1736137306L, -167121581L, 
-1980012875L, -1418208238L, 1707507168L, -1811128247L, -2064169349L, 
