.Random.seed <-
c(403L, 10L, -517391362L, -715078775L, 1973904571L, -194723702L, 
620790636L, -1816786705L, 1222673189L, 1546259932L, -1359389774L, 
735249069L, -845972889L, -944928370L, 671260264L, -442750357L, 
-875871223L, 555293336L, -1942889018L, 1858895137L, 477883827L, 
354674978L, -1227029740L, -326034537L, 1690338189L, -1999552860L, 
661385354L, 1097725685L, -340555441L, 648570454L, 444767488L, 
1569908803L, 636210145L, 1518146384L, -186579538L, -93074599L, 
182608235L, 359057626L, 198091164L, 773950879L, -3874827L, 2027146892L, 
-542577822L, 1674658621L, 1596781495L, 280262750L, 907392408L, 
-990068485L, 2111356057L, 318889256L, -2115621930L, 141979729L, 
-1621212413L, 1652535954L, -580370396L, 103673575L, -120552643L, 
29539252L, 1790076954L, 1783749477L, -605600257L, -1752872826L, 
-2046069744L, 1516578483L, 748918097L, -1618883328L, -549300258L, 
1213977641L, 277296091L, -1463867158L, -655677812L, -2030167601L, 
1880821125L, 1779545660L, 147315474L, -450217971L, -126301369L, 
952131886L, 14289032L, -1630827125L, 1019295081L, -717908168L, 
874944998L, -721412735L, 361238803L, 1793486530L, -2056877708L, 
-733220489L, -604200339L, -250434300L, 1362708522L, -1833579L, 
-1786680785L, 770979638L, -280451232L, -685478493L, 1515325121L, 
728153776L, -1596343858L, -1343582919L, 125018443L, -167353606L, 
-1267960836L, 695415871L, -1051980523L, 326759980L, 794336002L, 
516261853L, -489442601L, 435375550L, 591423480L, -52665381L, 
-577331655L, 1139550088L, -3082442L, -229972623L, 164290467L, 
30279410L, -1754108348L, -1604046585L, -1951397667L, 1358257620L, 
-1684049670L, -134690747L, 611078303L, -669591002L, 1980288688L, 
-1456360621L, 616537713L, 408806304L, -1064000706L, 937052745L, 
399417083L, 2129411786L, -162717652L, -1144612817L, 1248782565L, 
-1951612516L, -153089038L, -395602323L, 694739879L, 145145294L, 
-584746200L, 974606635L, 673024841L, 798920792L, -336739066L, 
343052513L, 1159309427L, 1551025378L, 2072704084L, 1221998935L, 
1518967117L, 1434582244L, 411590858L, -127726283L, -57384049L, 
-1390765930L, 1829800000L, 1774891267L, 431217953L, -2131145200L, 
1472437742L, -1878748775L, 165862955L, 971892506L, 689184220L, 
-1902083105L, -1259068491L, 1259421004L, 659340194L, -1667091715L, 
827173879L, -333957858L, 203487192L, -485529285L, -234119463L, 
59994728L, 1411486614L, 158693137L, -1401941821L, -1129549614L, 
96531812L, 913926311L, -1312416259L, -804937740L, 1345734874L, 
1559530021L, -1306671297L, 186377414L, -924460720L, -327095949L, 
1406981009L, 2139366848L, -868556898L, -68714135L, -460246629L, 
-1942231894L, -175062324L, -1461154929L, -83628091L, 1835897724L, 
1068682194L, 1630890829L, -2056193529L, 2033592814L, 786629832L, 
2021886923L, 1096605225L, 519181432L, 132403622L, -588024895L, 
-611082157L, 1959380738L, 1005449780L, 1354704823L, -1149642835L, 
-1400306492L, -1206417174L, 1355255637L, 1827160303L, -1796765962L, 
-1852911072L, 853604323L, -1027310463L, 1540602608L, -1500655218L, 
-680952071L, -621712245L, -527308660L, 458780444L, 719819922L, 
775361920L, 523329556L, 256280360L, 1794623034L, -983477808L, 
-121128596L, -698006604L, -580498926L, 1726449632L, 131181004L, 
1091467488L, -552514526L, -1254354136L, -716801524L, -1746644164L, 
1552576498L, -882326800L, -305309116L, 1818836568L, 914962234L, 
1177784304L, 1835606716L, -1556065004L, -94724926L, -51659680L, 
943285628L, -1875238960L, 179286306L, -1918855512L, -579397748L, 
490816700L, 66550578L, -1090787776L, 1926259892L, -437791672L, 
-2058725958L, -895305200L, -602538772L, -1963597484L, 1037579026L, 
-1512608352L, 413326028L, 1965759072L, 1078636482L, -967216344L, 
-1921009236L, -1533362884L, -548177038L, -711725776L, -2121079004L, 
-921180872L, -1378892070L, -558579824L, 2098289404L, -1720575084L, 
-229706686L, 1646990592L, -283613124L, -1148560048L, 244303010L, 
688950088L, -1188692212L, -63586596L, 1042050898L, 1662162560L, 
-2041948076L, 644686824L, 1653500666L, -327330480L, 1200455468L, 
293086068L, -1350458478L, -467135904L, 581334924L, 1760286560L, 
1025344482L, 632495016L, 140725452L, 1759541756L, 543758258L, 
-356014608L, -1206499900L, 1999346008L, -367604358L, 661405104L, 
1351721916L, 1966993492L, -776728638L, -1910497248L, -1874218820L, 
1474206288L, 1100924898L, -611942808L, -1409274292L, 1486082300L, 
539760626L, 900424960L, -867540108L, -2053005304L, -1724132934L, 
-2136023600L, 72029164L, -2108978284L, -472081454L, -2017073312L, 
1833828684L, 111653152L, -65835134L, -845117720L, -671573780L, 
1319892540L, 355611506L, -588515728L, -1280531420L, 1482846008L, 
-498648934L, -1856917808L, -1633645380L, 513993364L, 301228674L, 
378990784L, 1417225532L, 2038610064L, 709776930L, -2041974264L, 
-956072692L, -943357284L, 1193326098L, -1470686848L, -11183596L, 
1674092072L, 720306490L, 409201616L, -375140756L, 244278068L, 
1546314386L, -1867405984L, -142844596L, -1247464480L, 709119906L, 
-2091139160L, -838817908L, -2099721540L, 821642098L, -1183430416L, 
1245336644L, -1283558056L, 2115506234L, -1183558800L, 1830552636L, 
880864020L, -347441726L, 1314188512L, 1782652796L, -394123568L, 
232045218L, 1734571048L, 1083040012L, 706698172L, 120614194L, 
-1542461504L, 1676715572L, 1161130952L, -804541254L, -1142825072L, 
1833689580L, 1148044372L, 550525586L, 657582880L, 1785219532L, 
771548128L, -2110804286L, -920836568L, 895565484L, -2035454276L, 
-1420488206L, 1061597488L, 1033025700L, -85271880L, -557619366L, 
541695376L, 1810132348L, -47470316L, -1190210238L, -1163889920L, 
-1620458564L, 1727255376L, 2032487714L, -1825916600L, -1634489332L, 
583976028L, -1375181614L, 240407552L, -647620780L, 301595112L, 
-1119935494L, -718740784L, 1614318892L, -160537356L, -1134689390L, 
-2032012192L, 1210722572L, -709123360L, 502132066L, -1422834008L, 
472522316L, 1272259452L, -960327886L, -452285840L, 2025988420L, 
-942762024L, -941173638L, 1474251312L, -281889092L, -493062316L, 
1504405058L, 998700960L, -1568430916L, -1400790576L, -173010590L, 
-43479064L, -2133257268L, 1335830268L, -1455463438L, 2078134454L, 
266512468L, -283698971L, 615691503L, -1852164056L, 1723731078L, 
-1254963533L, -798996459L, 1480239730L, -1868351808L, 842533673L, 
2032880027L, -182350228L, 743191162L, 1616933807L, -3316039L, 
933906638L, -2058264036L, -634115699L, -1379735561L, 200141568L, 
818975070L, -233049557L, 71949613L, -1318649446L, -863895720L, 
1565857473L, -129472141L, -14204268L, -2067368158L, -608087497L, 
-228821247L, 853601798L, 14537796L, -1605671563L, -1596069665L, 
-1978786760L, -1399194602L, 909376547L, -561845275L, 287137282L, 
-572951440L, -1011170791L, -1835766773L, -1463587076L, 1986234154L, 
-147936929L, -1362583319L, 742348798L, -1177232404L, 1602957117L, 
-1176423673L, 1407314672L, -22244722L, 690908347L, -93312867L, 
-1606650806L, -1058623896L, 1409925713L, 1635303747L, 909883460L, 
-1933165838L, -2037169465L, 60899473L, 1673399830L, -1522693004L, 
-807418107L, 813204815L, 1568716616L, 1378500326L, -302047213L, 
-941230219L, -719358126L, 1335865248L, 955226761L, -487072069L, 
-791155444L, 157716634L, -154049009L, 822956633L, -1049063698L, 
663162236L, -1306300947L, -645756265L, 539542880L, 511508798L, 
1801800203L, 859950733L, -117705798L, 122644984L, 1501722017L, 
-999273645L, 168616564L, 741221378L, -279779689L, -1359040415L, 
1999957158L, 1459256484L, -309076651L, 1463211519L, 2113961112L, 
-203503178L, 1175925315L, -690432123L, -668847070L, -660023536L, 
1251205817L, -542451861L, -1832667556L, 656145290L, 2066199423L, 
-1180541239L, 764516190L, 96971788L, -860738595L, -1702433049L, 
1654083344L, 1356168750L, 1824736475L, -543962691L, 535979818L, 
753254344L, -13773583L, 1089694307L, -5534108L, 1578620306L, 
-982154649L, -510387663L, 1203574646L, -51807084L, -136457563L, 
-2107899985L, 476994664L, 295407686L, -1588881933L, 229073237L, 
56349490L, 813917952L, -1792519191L, -1962111397L, 312242348L, 
