.Random.seed <-
c(403L, 532L, -1134443871L, -768325319L, 454138273L, 1616487675L, 
-332138857L, -1085509620L, 355632913L, -1665533238L, 1018959096L, 
-1630893905L, -1421531101L, 1544116033L, -530062943L, -242239448L, 
-1005309530L, 1502899014L, 693810032L, -1097625268L, 360675189L, 
-1654198732L, 553821648L, -1843509725L, 1661012989L, 1807279909L, 
823401160L, 854030175L, -1238737359L, -1485648473L, 101090635L, 
-1012625015L, -1002854676L, 1049898948L, -1044391010L, 2980896L, 
45303667L, -1851833962L, -1787992680L, 379230517L, -857602905L, 
-999396182L, -407705349L, -2038995730L, -336698570L, -1226831367L, 
2084582431L, -1675423721L, 1753012801L, 635709233L, -63858633L, 
-1434632776L, 1391608831L, -441973006L, -1672996476L, -1261037356L, 
596592806L, -512924504L, -1714646291L, -1131561858L, 1211909929L, 
2059660476L, -1601628154L, 1110058123L, -1401070501L, -1992596790L, 
-1137484100L, 181815828L, 1449801253L, 169702059L, -465573607L, 
-1212959361L, -2135040948L, 1197137830L, -1754624657L, 1399748111L, 
999458254L, 1410811578L, -1626435175L, -443528942L, -345802023L, 
-515344352L, 1395834803L, 1247839878L, 1476105081L, -1508909032L, 
-1386804011L, -84397058L, 202800497L, 1686187083L, 377459331L, 
1387004049L, 1929827039L, 725141969L, -1502518454L, 730487794L, 
-630221634L, -232467968L, -2109846809L, -1033104174L, 1406101668L, 
-587254014L, 1321141971L, 1406630338L, -1345314042L, 1138581488L, 
-829551207L, -1817363543L, 563644244L, 1910012904L, 181679254L, 
1919281989L, 760905594L, 401891359L, -2056552787L, -856013682L, 
1521347005L, -20665701L, 1662300234L, -630524994L, -1534755579L, 
-891478667L, 2122562881L, 1552174196L, -79850849L, -1087136569L, 
-1274976899L, 1455482985L, -1234381559L, 1601982088L, 1592831135L, 
-1269234035L, -996245439L, -561721426L, -669242018L, -44017011L, 
990371103L, -372982568L, -609921524L, -1209114511L, 443573373L, 
-1865663379L, 2001273927L, -237140798L, 1637440360L, -984953903L, 
-1589208344L, 668587400L, -2024911337L, 2108279680L, 645887037L, 
1213596268L, 1143629360L, -1770688282L, -1960861361L, -369302690L, 
-1639912219L, -1331180420L, 2083053272L, 1973883674L, -824291885L, 
-889292182L, 501338209L, 1403746867L, -1799288200L, -1988854171L, 
-1093134820L, 1113309458L, -913422042L, -1756685320L, 413162609L, 
-1582615451L, 835440544L, -451354467L, 1228013002L, -419279647L, 
1591754819L, 1433723765L, 487212082L, -1063842429L, -1955717512L, 
-1691671189L, 1353879429L, 2062471928L, 1406337303L, -688898698L, 
-924919834L, 729943647L, -1290454740L, 2050900500L, 1342047457L, 
476478041L, 118815067L, 2012984949L, -2086886368L, -1684461210L, 
1653322651L, 1810557379L, -1349428989L, 64217647L, 1280745291L, 
1506820979L, -1809321448L, 1067701365L, -517254826L, 1585137734L, 
-603961086L, 190626014L, 592514794L, -320406586L, -1697827121L, 
-778986955L, 571387249L, 678640968L, -2012963846L, -1567989045L, 
1054897054L, -1714610167L, -304589293L, 2031844356L, -797229220L, 
695568607L, 1436811321L, -775295755L, 154889892L, -1006210771L, 
910456031L, 844255205L, 1820695882L, -550143685L, 954714372L, 
2011715134L, 1444688013L, 970538327L, 585385898L, -638221016L, 
855486808L, 1740469112L, 168416493L, -1318551412L, 1018883668L, 
222161863L, -305922938L, -1334716711L, -1842859926L, -1647620122L, 
1429830647L, -925785878L, -289915062L, 1198937695L, 247625983L, 
-1001236449L, 130168037L, 415099389L, 2029475105L, 924576034L, 
492886922L, 204666743L, 387903417L, 1951965281L, 1582305868L, 
-337186500L, 747774584L, 27282941L, -1802195610L, 278117594L, 
-1295511223L, -1829625857L, 1544510625L, -1280732820L, -2004222745L, 
-36030831L, 503453129L, -2097390039L, 150460472L, 1899742668L, 
60724309L, 68170720L, 466841568L, -102501569L, 851629069L, -1447283065L, 
679485540L, -1045432743L, -368443112L, 1256609600L, -1345323350L, 
-117207481L, -553157075L, -430374271L, -641854011L, 1789694586L, 
-614317710L, -1912063366L, -1398048673L, 584261027L, 1246982061L, 
1980013692L, 179377157L, -1447808561L, 202666948L, -248905063L, 
-1502680480L, 1088265651L, -155443047L, 1728423859L, -1744026972L, 
-833477375L, 663109878L, 1514997962L, 872084941L, 2070911276L, 
-1362449334L, 1043009894L, -87458053L, 2088704370L, -293985501L, 
1985110927L, 614537709L, 2063105271L, -1567424643L, 1235486991L, 
-1139293244L, -1020656992L, -2038070127L, 650977482L, 912247381L, 
1831003259L, -383765838L, 2102777255L, -1874477070L, -259069629L, 
1326572249L, 345086970L, -1080424245L, -640928861L, -1176542153L, 
1193232132L, 1242211147L, 180724523L, 219824852L, -965106753L, 
561348820L, 1311132934L, 1689245020L, 738864004L, 2058220347L, 
1540554244L, 1220853798L, 1061028951L, -1854879556L, -2099287909L, 
-157321653L, -505945817L, 179995049L, 1467593410L, -362548521L, 
-743281618L, -1311573001L, 1324957949L, -1177314102L, -1149447610L, 
808294299L, -1004920112L, -259690765L, 628477206L, 592430313L, 
925980187L, 8918540L, -909400317L, -976975369L, 1263473457L, 
-796271094L, -114710090L, -1567085400L, -2055236513L, -870773431L, 
-1817436424L, 1483770274L, 422247265L, 899993676L, -549445487L, 
-1582139467L, -690490066L, -1377422837L, -465425587L, -1038606241L, 
-43238954L, -1654718380L, -870947221L, 1424667641L, -821399528L, 
1636762819L, 1753580329L, 1512216433L, -334836567L, 2037713279L, 
-1289128891L, 1982627858L, 1123325626L, 1138172168L, 428394004L, 
968412372L, 431066480L, -169639636L, 32457623L, -1379466711L, 
1392462191L, 197068119L, -1358109989L, -1830921211L, -670086868L, 
-1683847103L, -1093784019L, 1769948950L, -111605749L, 1727139503L, 
-1180411411L, -1484187100L, 2062949964L, -1972018252L, -75460568L, 
1100930395L, -1027441435L, -1836334561L, 1022216187L, 1045343557L, 
-402450651L, -1127173087L, 348678238L, 1376974182L, 652416284L, 
1053590602L, -1816983299L, 447644950L, -2042117426L, -1354394749L, 
-1113253599L, -803404283L, -38947816L, 799599501L, -462375944L, 
932293706L, -477543242L, -830401314L, 1380067743L, -1434821351L, 
-929274668L, -1864628120L, 1648770380L, -1231774357L, 567624155L, 
-1282900267L, 1431793241L, 1567347042L, -1221329025L, 245269579L, 
-41059926L, 439069780L, 772346313L, -862642924L, 1634776435L, 
-200257318L, 581280905L, -2096157399L, 440945805L, -14963736L, 
241496265L, 1097051779L, -534120160L, 1275834375L, -677862898L, 
-1099549622L, 1675620261L, 445931753L, 899368892L, 1359408445L, 
1945925942L, 868580802L, -1017479084L, -1235331475L, 184562740L, 
-930257733L, -54645116L, 1235688336L, -2098648700L, 544727585L, 
-2045595283L, 184167204L, -336357953L, -708541495L, -385560560L, 
-887660646L, -712335140L, -694407767L, 607098455L, 275206631L, 
-526640781L, -1118235860L, 1383358724L, 1873183663L, 130300914L, 
-10745572L, 1472651115L, 1996498387L, 541866246L, -1168129199L, 
841973735L, -889679948L, -746650937L, 1890032986L, -1520519376L, 
-17813082L, 44974992L, 1420648837L, -124702999L, 889943590L, 
-2017836375L, 155393523L, 521664441L, 215427951L, -440285449L, 
-1244902268L, 562426847L, -1161225551L, -1664648160L, 864890789L, 
-372740438L, -823708804L, 1922196387L, -704742196L, -470009168L, 
-1317036929L, -1175403094L, -971848973L, -1876446650L, -1580456663L, 
607547763L, 784511096L, 717098213L, -1359642917L, 529393607L, 
-1265584657L, 287300575L, 1464628314L, -800380247L, -1242195968L, 
962632857L, 617503811L, -1282575664L, 1033642731L, 1302603277L, 
-138123900L, -400780467L, 546077614L, 86592813L, 168249744L, 
-516404350L, -1982909378L, -1441680494L, -922077006L, -850504234L, 
-1535217657L, 1286111937L, -728349207L, 259922116L, -1859479605L, 
-1496297963L, -326702933L, 736519511L, -881621655L, -961146169L, 
-2016583525L, -1343495184L, 1029719030L, -803270644L, -492876347L, 
-312958010L, 1301923848L, -385910333L, 226666379L, 1542435802L, 
2009920276L, 1167032394L, -1522819857L, -937385450L, -632488921L, 
1965687836L, 1213182560L, -694675204L, -548891324L, -788296678L, 
