.Random.seed <-
c(403L, 11L, -1421176139L, -368311793L, 255623958L, 248966592L, 
859475331L, -409975903L, 1986018192L, -863180690L, -1412518375L, 
520916651L, -729214310L, -1119572388L, 100911967L, 1889592629L, 
-857180980L, -530678238L, 1445965949L, -844797577L, 670418590L, 
-656726696L, 2133107899L, 734476889L, 1839923688L, 1619923990L, 
-1533083759L, 204554307L, 342959954L, 1592855524L, 1840230951L, 
2040834685L, -1579371660L, -601239718L, 1982089637L, -1707317825L, 
1559041606L, -827689776L, -1740673293L, 26974225L, 8117824L, 
-824856034L, 1006238953L, 1849656859L, -1730480598L, 380176716L, 
-1853738225L, -1772534203L, -50651140L, 1726932562L, -1930110003L, 
329864583L, -1918693266L, 1119586376L, 969230923L, -136992855L, 
-205265160L, -636956122L, -942732479L, -1298386733L, 1930671234L, 
1593242292L, -70646217L, 1040575789L, 510346820L, 982137706L, 
-1138784299L, -940498577L, 1912302710L, 1110009760L, 237715555L, 
-572570367L, -886273936L, 632222734L, 78341241L, -1206070261L, 
-1799447238L, 585555004L, 236632959L, -756422443L, -136598292L, 
549070402L, 617953693L, 419757079L, -922648194L, -435349704L, 
-941506533L, -583233159L, 604010440L, -829203466L, -585355727L, 
-1034966941L, -823793614L, 1397368196L, -309023801L, -474743139L, 
-1371974124L, -1217016646L, -1112712955L, 1164761823L, -476764314L, 
2088460016L, 815285779L, 619597745L, 1281571424L, 647571454L, 
1247528841L, 111415483L, -2035733366L, 736071532L, 1367014639L, 
1617942309L, -421469732L, 1962983346L, 137463469L, -2019901849L, 
961330574L, 1115863656L, -1570670997L, 614682633L, -1593020776L, 
1687321030L, -2121184991L, 2107607475L, -1518086878L, 506105620L, 
-505653353L, -1847314547L, -2065569116L, 654468234L, 684751605L, 
301772111L, -1413363114L, -1647724288L, -1958167485L, -1722208287L, 
920387408L, 826823086L, 1668079449L, 1090458987L, -1583612710L, 
-497420900L, 1094220191L, 402414581L, 775666316L, 1343893346L, 
-1718956227L, -1074092105L, -247274402L, -97134184L, 319061243L, 
1682528409L, -1045526232L, -1769394218L, 100236369L, 1247713027L, 
769138322L, -1014465500L, 1284285159L, -1555409091L, -482482252L, 
-1022858214L, -2015668379L, 2073307647L, 142271622L, -1970108400L, 
587012787L, 549935441L, 1997420800L, -1525613602L, -358954967L, 
-1775239205L, -1151353622L, -1559057780L, -1643489841L, -308483707L, 
-1952714180L, 1860609810L, 662481933L, 1694820167L, 835568942L, 
-1235061624L, 1814348171L, 1357199721L, -1417743560L, -1861886490L, 
366422401L, -2079171309L, 1805818562L, -814971532L, -296602249L, 
-507756947L, 284856580L, 1656423466L, 1466694037L, 551161391L, 
698362678L, 1531212640L, 1118452131L, -359060799L, 470352560L, 
-1559257650L, -145116871L, -112587445L, 970016506L, 960858108L, 
-1699313601L, -683028203L, -1322935764L, 1141982978L, -1499790371L, 
-722866473L, -479209026L, 1984158712L, -1726926885L, -1357102535L, 
939475848L, 718791478L, 1110761841L, 1103002531L, 1446046450L, 
-1589269948L, 234583303L, 1478454493L, -1268274732L, 11267322L, 
-1975430075L, 1312228511L, 1228899878L, 1479596308L, -1168420158L, 
-2082001184L, 1097078908L, -1263046960L, -299972190L, -1052696536L, 
-1929975028L, 629453244L, 767996722L, 1663875776L, -1104919500L, 
-706640184L, 452125882L, 447628944L, -1587753236L, -304674220L, 
-132603246L, -2033807072L, -1564304948L, -135294240L, 103598274L, 
-948071384L, 1433126828L, 1427288764L, 2103864306L, -691048912L, 
721622948L, -299311688L, 1265117018L, 1724579984L, -1458384004L, 
-1815772908L, -1061295806L, -1626990336L, -702624324L, 1857628496L, 
1309776162L, -1380523448L, -1713010676L, -1672337828L, 1905367506L, 
1409805824L, 671829332L, 1643592936L, -839304966L, 1632083664L, 
975584044L, 1214949620L, 1312637330L, 1543865696L, 1938482188L, 
-207954720L, -404254110L, 1349530792L, -191470516L, 67293052L, 
-647190222L, -347626896L, 1865945924L, 618048472L, 1052949370L, 
-1841661904L, 153833404L, 622352980L, -977813438L, -1515370848L, 
1588867772L, -1421319216L, -237939358L, 475995880L, 1517829324L, 
-1840166404L, -860041742L, 1388928128L, 30648820L, -1988070776L, 
-1233945798L, 1407812944L, 1000359020L, -1869120108L, 1364166738L, 
1032957408L, -110566196L, 454217376L, -862223998L, -760704792L, 
-1857115412L, 1057422652L, -1563326350L, 297587312L, 1857640996L, 
1300514872L, -1537193702L, 190002384L, -2036537028L, 277164948L, 
115316610L, 1682062272L, 1025742396L, -1232612976L, 1560868898L, 
-1714553592L, 729843852L, -373342436L, 1904753810L, 124251520L, 
928641044L, -1546164440L, 568563258L, 576055760L, 421757292L, 
-260985932L, -1284156910L, -539801632L, 1730275788L, 2042923232L, 
615896098L, 1122884392L, 601750028L, 1891513148L, 1249130482L, 
1111147248L, 1054964292L, 751593048L, -958822598L, 855611376L, 
1279019708L, -964594412L, 825130178L, 1036749920L, -15028868L, 
2110635984L, -528033502L, -2123313496L, 384614284L, -148372292L, 
1914782514L, 1683351104L, -296184652L, -2013193144L, 1128127930L, 
-1909810672L, 102063340L, 1716109652L, -1753752814L, 1292658080L, 
-522169652L, -1435821472L, 721803202L, 710365992L, -300531284L, 
-2110757572L, 708567922L, -129477328L, -1790165212L, -535513800L, 
-954525990L, 1298454416L, -1278942468L, 455474068L, 1512391746L, 
-99209984L, -1737838532L, -130114224L, 1912771746L, -1882666168L, 
-1422622964L, 22904540L, -278042798L, 1993021056L, -1442795436L, 
246846440L, -1961194758L, 45702480L, 1542301484L, -1218163852L, 
1261749138L, -75220384L, -41226356L, -2129975456L, 1240468450L, 
778292136L, -864260916L, -180119044L, -1970987086L, -762728976L, 
-584782396L, 1319518552L, -337226374L, -2061709904L, 192627644L, 
-195905452L, 1954623426L, -16209888L, 49299644L, -194430384L, 
-1141041182L, -2071785880L, -162795956L, 459348220L, -659619854L, 
-1749338880L, 409021300L, 269953032L, -227604038L, 2045136336L, 
1062249452L, 247585684L, -1039529006L, 1984155488L, 227236172L, 
1358844192L, -232771710L, -968446232L, 526231788L, -1437688260L, 
1018385266L, -1202383248L, -629027804L, -282386632L, 314196122L, 
950277840L, 334410940L, 1593891476L, 1122822786L, -1251667776L, 
1824775832L, 651740417L, -346002765L, -1888467500L, -754461470L, 
1262345591L, -1961868095L, 1607006278L, 841066372L, -1824153291L, 
130178847L, 1039503992L, -452876458L, -449337885L, 1662712741L, 
416827970L, -826914768L, 649407577L, -951529013L, 48939580L, 
-510481302L, -1037668705L, -1423002839L, -755941442L, 615943852L, 
-1211223043L, -625808569L, -674608080L, -290513586L, -1072130693L, 
1140118237L, 1410085642L, -1956302296L, 212912785L, -268633469L, 
384740228L, 1756131762L, -1704685817L, -1146811055L, 1625195734L, 
-106073676L, -1807678011L, 875390223L, -2026642552L, 367430310L, 
1515158099L, 317273013L, -1942130414L, 972321504L, -1334945975L, 
231942523L, -247307188L, -1738254886L, 267057103L, 847579545L, 
1110485422L, 206644924L, 1471477549L, -1234643753L, -2002789088L, 
2120559230L, -416271285L, -274155955L, -1045738374L, 1269918904L, 
814319201L, -869901293L, -1462830540L, -1403638718L, 607896663L, 
1927778209L, -653885338L, -372361116L, 482268053L, 1710003391L, 
-999254952L, -1333604234L, 52076675L, 875835589L, -2030105118L, 
-604359600L, -1254081159L, 40895147L, 1821080092L, 1823008074L, 
1437154623L, -1076364407L, 1520169886L, 892965452L, 1732105245L, 
565849511L, -404873008L, 762368622L, 1466109211L, 817092221L, 
517018730L, 1182638344L, -1999866447L, 1396822563L, -1899038940L, 
-1578086446L, -1206559705L, -1710836111L, -627987274L, -1806803884L, 
-685792027L, 927690991L, -1686703064L, -368476026L, -1743095117L, 
488127509L, -86040974L, -70698304L, 2044641065L, -56095333L, 
-1999324564L, 1754836602L, -957882449L, 479226553L, -2065054514L, 
124583452L, -433822323L, 1550509047L, -1623783680L, 1153133918L, 
574101035L, 1053399341L, -1042487910L, -503598248L, -1215796543L, 
435871091L, 733806228L, 1140914978L, 1130108471L, -878128383L, 
-1981916666L, -1085724604L, -113743499L, 333376735L, 1674620984L, 
