"aphids" <- structure(list(n.aphids = c(1, 5, 2, 4, 9, 14, 5, 9, 14, 6, 8, 
2, 80, 57, 317, 80, 57, 315, 40, 80, 160, 40, 80, 155, 80, 40, 
156, 80, 40, 20, 100, 120, 120, 317, 160, 80, 120, 96, 97, 120, 
160, 120, 160, 320, 79, 200, 300, 250, 196, 296, 247), n.inf = c(5, 
5, 1, 1, 1, 0, 0, 1, 1, 1, 1, 0, 5, 12, 24, 9, 13, 27, 7, 9, 
14, 7, 3, 10, 10, 4, 9, 10, 4, 2, 0, 3, 1, 1, 1, 0, 6, 8, 2, 
0, 0, 0, 2, 0, 0, 3, 17, 15, 4, 17, 2)), .Names = c("n.aphids", 
"n.inf"), class = "data.frame", row.names = c("1", "2", "3", 
"4", "5", "6", "7", "8", "9", "10", "11", "12", "13", "14", "15", 
"16", "17", "18", "19", "20", "21", "22", "23", "24", "25", "26", 
"27", "28", "29", "30", "31", "32", "33", "34", "35", "36", "37", 
"38", "39", "40", "41", "42", "43", "44", "45", "46", "47", "48", 
"49", "50", "51"))
