.Random.seed <-
c(403L, 606L, 1387594763L, 1823670024L, -803363088L, 145668411L, 
433488137L, -2086907575L, -1210294868L, -974091322L, -1949513820L, 
843387961L, 975293148L, -739023630L, -345879850L, 1055878010L, 
-1883132855L, -160508136L, 204135770L, -62412509L, 1392334813L, 
2581325L, 2141471072L, -5558085L, -772693863L, -194082364L, 369488903L, 
1341226033L, -1793396551L, 767986563L, -1366062288L, 1297449922L, 
-1056041820L, 284733036L, 470703929L, 1634363758L, 67542021L, 
-1352855075L, -883785274L, -486338031L, 1137262724L, 492342275L, 
1026603766L, -1314542615L, -2134826885L, -512146334L, 597137145L, 
-191577562L, -675197956L, 470288020L, -1427856507L, -1352841629L, 
-1270848594L, -1429381867L, 843727351L, -504484598L, 1768103781L, 
-1430752343L, 1204599452L, 555606616L, -1454215910L, -1249167835L, 
-1400021039L, 1230295928L, -1872332078L, -1717046122L, 1831222122L, 
-1566398147L, -178260052L, -1630119650L, 1355031010L, -1145112123L, 
104370669L, 1707218293L, 668798169L, -310515388L, 946120569L, 
883196382L, 305163263L, -94145976L, 1146063698L, -711874131L, 
749172539L, -1216690589L, -504055096L, -1579369834L, -2115224698L, 
1834881206L, 485212208L, -487786504L, -514794666L, 942791614L, 
-930636925L, -1106109152L, -1043217839L, -1531942461L, 1480874658L, 
401684969L, -1764063737L, -1587745140L, -697687690L, 1231259264L, 
-1043402570L, 1744110214L, -714784795L, -724391652L, 459841115L, 
935026313L, 415669080L, 1941265569L, 1628286084L, -1322415190L, 
951873695L, -372589588L, -2102344789L, -736374694L, -803227149L, 
-1530963763L, -34049661L, -1859223589L, -209309433L, 1396322829L, 
253604253L, 1072989395L, -1358392122L, 1791064513L, 2105120328L, 
782973844L, 1221589788L, -1232033412L, -265535697L, 909024156L, 
97674323L, -988547149L, -633152427L, -1676161794L, 1030680241L, 
228545432L, -671472396L, 1544674543L, -66905056L, 1268084294L, 
-200811838L, 901333548L, 766321450L, 909574493L, 945964250L, 
709977761L, -1763323033L, 409260801L, -2124988414L, 538442888L, 
276842337L, 1192777756L, 934572484L, -1831398613L, 1532297730L, 
-1664626066L, 1052353821L, 1497828599L, -1545461068L, -2043472931L, 
-1482508282L, -448986708L, 1249152671L, 626145055L, 1689454551L, 
582112274L, 1351282360L, 1758993288L, -609014981L, 1319764675L, 
-564279958L, 2070499684L, 964770047L, 1377581608L, 17154026L, 
1920485735L, -1118403883L, 2699401L, -684302887L, -480756571L, 
-1256133877L, 1301603572L, 261262208L, -1401067620L, 49572248L, 
1901316757L, -577223639L, 2127938027L, -942510262L, 1617303136L, 
-186704836L, -697760691L, -1295565997L, 1228350318L, -194917373L, 
-1965325555L, -1858061755L, -1497364776L, 811694907L, 2041189119L, 
1081982241L, 2039794369L, 1092975599L, 631247037L, 1866496431L, 
-1571428935L, -396190593L, 1414927661L, 304754905L, -358378544L, 
-66579727L, -1774573543L, 103324097L, 99319069L, -991119132L, 
-2128104412L, 1580903268L, -448877240L, 1875584087L, 167654042L, 
227714399L, -813297845L, -2127078481L, -1431349118L, 649893010L, 
-554301455L, -1731874965L, -1799406291L, 500927487L, 429034569L, 
1431773431L, -452498359L, -762859956L, -98231916L, 2004495698L, 
921613872L, 1609895191L, 1637981852L, 1887865024L, 1823556574L, 
118566059L, 348056759L, -546553750L, -1482041025L, -837765838L, 
-576183734L, -1655120233L, -541404985L, 933248817L, 114591998L, 
-508378706L, 360930589L, -228754751L, 508385051L, -1549141478L, 
1492663409L, 248112352L, 125984278L, -579133497L, 1253257888L, 
-1727467140L, -370944325L, 270858394L, -1336862985L, 1244711348L, 
1666581916L, 1700025042L, 1147431615L, 1078660533L, 42459398L, 
-477286919L, -1717603477L, 921107154L, -1389943747L, -1785464827L, 
1597471541L, -199118973L, -637908158L, -12952648L, -1921235387L, 
1839598625L, -2111211088L, -858115217L, 1487403946L, -1372007837L, 
-1846522872L, -565688052L, 577675265L, 1743760231L, 483059414L, 
939433805L, -912905973L, 1740751560L, -1876960481L, 592146789L, 
-1272508904L, 371262873L, -337650617L, 300824777L, -1868281201L, 
-1810784224L, 1808278384L, 800953954L, -60247061L, -1667884796L, 
-1280336204L, 326722706L, 925061622L, -1642640370L, 1536865494L, 
1039896488L, -1610841429L, -701964279L, 1320354797L, 1998488626L, 
-1526230902L, -2060986717L, 2034179823L, -1985976471L, 1799444453L, 
943649010L, 814252140L, 469524543L, 333270971L, 634441172L, -980519253L, 
-1579332536L, 632767983L, -285987157L, 997062554L, -263759062L, 
1353960698L, -2135439069L, -2074537559L, 488571587L, 1717256392L, 
-2101207560L, -1620432280L, -906132159L, 1125502811L, -270597526L, 
1792706880L, 822390070L, -1138339400L, -1976103861L, 1787082142L, 
815006579L, 1590054534L, -989277247L, -424485607L, -1841672470L, 
1824091352L, -1348093872L, 1559597927L, 674340529L, 754875894L, 
1561651163L, 1821134498L, -858405307L, 2082902612L, -1961033756L, 
-1171116497L, 750466451L, -1712708975L, 315482893L, -431295362L, 
-1282473136L, 1756543869L, 227221917L, -1044164221L, 104197026L, 
1962005168L, 467231922L, -1569463190L, 1068577644L, 1528061628L, 
-880471600L, -271353432L, -1578904605L, 242964305L, 425086264L, 
1517175296L, -1254841069L, -573295516L, 980928435L, 381090732L, 
-215848372L, 758647718L, 178584155L, -172863720L, 1605374541L, 
209852663L, 3601788L, 498422270L, 214980045L, -297787300L, -1643460835L, 
61267830L, -1772229323L, 1758129459L, -113602273L, 869187727L, 
-19096774L, -1994069896L, 1916894042L, 1752854500L, -1416086605L, 
-193781308L, -1599974047L, 1316259434L, 1730829377L, 780342253L, 
1307798410L, 1893230652L, -2080322224L, 1162848785L, -455193740L, 
823855299L, -872775200L, -1017177725L, 1158801887L, -2122202090L, 
1341902951L, -846309921L, -1902249768L, 1969362462L, 1912595415L, 
1288755818L, 1803156201L, 470248376L, -1910814657L, -49248791L, 
-62001361L, -1807479896L, 1052966071L, -1061505509L, -1942349597L, 
-1516122942L, 2146589938L, -241822818L, -974566916L, -642974794L, 
-443100369L, 1259471733L, 2121551757L, 1598112669L, 1706830088L, 
-208134490L, 723604581L, 1671543422L, -88392424L, -2033575414L, 
-746254907L, -1393138926L, 945977727L, 1141246941L, 1436585607L, 
-1909088029L, 987194775L, -1702209443L, 1019239401L, -1073288745L, 
104038549L, 114988453L, -388972950L, 2099441764L, 122699812L, 
1033729205L, 2087189650L, 641417707L, -1249491231L, 509237100L, 
660569660L, -1533761392L, -1536881540L, -1299888237L, 906207514L, 
833042903L, -999327046L, 708019874L, 1782887906L, 1271408380L, 
1652287145L, -1416241866L, 1306172904L, -863170564L, 1524010775L, 
-2126521455L, -1762368101L, -684389658L, 2005593000L, -495063542L, 
-1155384019L, 803115418L, -199134473L, 1016238520L, -1121118211L, 
-400746793L, -1686379094L, -1427809669L, -273972446L, 555313427L, 
73744433L, -990496471L, -1564698640L, -1204455441L, -1033151167L, 
742222020L, -217616987L, -1741923755L, 1791298625L, 216579515L, 
1130298332L, -662986962L, -1304699461L, -448796098L, -685237130L, 
765981079L, 959130232L, -1871874151L, 275175121L, -1736471971L, 
-1456975286L, -1397512495L, 118915624L, -1399494859L, 1742027880L, 
-1517183167L, -931403558L, 589100104L, -411184622L, -505212220L, 
-776559371L, 1418420437L, 382056495L, -435530820L, -1318635294L, 
-404349791L, 1010616128L, -1330845724L, -725415137L, -1283790603L, 
-1432752706L, -2076304434L, 1218466667L, -433111593L, 1613087745L, 
-724687526L, 1963153825L, -1100684044L, 1078917385L, -1789106207L, 
-761566028L, -316597987L, -96387650L, 38483478L, 1941093273L, 
-902318807L, -1876602371L, 725539250L, -474829304L, -586967168L, 
-2136629064L, 602210139L, -2051229730L, -1925016157L, 1848092520L, 
1919442434L, -1205373012L, -2090885736L, 1429788322L, 1650439434L, 
1591696012L, 993236298L, 361859566L, -545000011L, 1998865898L, 
-819193798L, -1962808878L, 507993379L, 1788326767L, 1008714369L, 
1178588802L, -2109227808L, 1859472977L, -1593562580L, 632977373L, 
-1094282992L, 1615257854L, 728877862L, -836112808L, 1797248424L, 
-1125776885L, 1352150147L, -809554984L, 616189782L, 277492034L, 
1750177413L, 2112666614L, -1065013019L, -2005490408L, -445141404L, 
