.Random.seed <-
c(403L, 10L, -751689899L, 756365420L, -1253356350L, 1658513181L, 
-382231145L, 1054113022L, -1163221320L, 445642907L, 1250555641L, 
1605294152L, 1242712950L, 1895780017L, 57728739L, 667389362L, 
-2066205180L, -190296761L, -236517347L, -426635628L, -2076719558L, 
1378814085L, 686587231L, 2007143910L, -1893954448L, -1360212077L, 
-1490376655L, 1333339872L, 1991249790L, 1359513097L, 1906830907L, 
-212660214L, 2039164908L, -992197521L, -1239032923L, -171459748L, 
-334813390L, 244741677L, -1195492121L, -2110468594L, 1455731688L, 
871460331L, -1699826039L, 979142168L, -813740730L, -824202335L, 
253101619L, 1145592738L, -1843589484L, -1051456233L, 527768333L, 
915647012L, 161600010L, 908118901L, 784256719L, 1810416086L, 
-21303936L, -861411901L, 1102857057L, 147700176L, 617320750L, 
1273805017L, 2048733931L, 575397722L, 722864412L, 350060575L, 
-792564619L, 1836267788L, 153228514L, -1741603395L, -79533513L, 
-1644406562L, -91745256L, -1163187333L, 1206860569L, -1903695960L, 
637937494L, 339115985L, -955950205L, 1630608914L, -2146010716L, 
1090051431L, 2064327357L, -305864140L, -2131961446L, 2008745445L, 
-1775746689L, -822957818L, 933556880L, 1400542003L, -657045295L, 
-1573639552L, -896582818L, 875333801L, -643282085L, 2024888682L, 
587615244L, 364407887L, 454737157L, -605176388L, 768972946L, 
197671821L, 16382919L, 2109284526L, -427691768L, 275427083L, 
1725995497L, -752968008L, 1148520806L, -90322431L, -457259885L, 
-1497751742L, -614133516L, 1412287735L, 1084933357L, -1195788412L, 
-846345814L, 887877397L, 1018817967L, 1680045494L, 1781722080L, 
-2001542365L, -877788095L, 130783024L, 1877382478L, -216000583L, 
98128331L, -1023487366L, -1624893572L, 1137924031L, 1088987285L, 
1861267116L, 992828546L, -719426467L, -49663145L, -166605250L, 
615776888L, -1418694309L, -865361735L, 725266696L, 743359414L, 
364511473L, -461736157L, -1314778766L, 1702994884L, -116928633L, 
-1460325027L, 859433812L, 1707905402L, 1648467141L, 988151327L, 
-1738352218L, -1755964624L, -1406076461L, -325353487L, 1663289632L, 
1171453886L, -628746295L, -915523717L, -45847222L, 150112684L, 
-242260817L, -764387739L, 27313692L, 1108678770L, -274473235L, 
-289979609L, 1187012430L, -1947412568L, -2129271893L, 1727652041L, 
-1078925096L, -1991617146L, 1604275297L, 1359396339L, 127319138L, 
978057940L, -1202533417L, -925761075L, 104174948L, -433430198L, 
-1636988747L, -707158001L, -52750058L, 1769046976L, -1318908029L, 
-309412447L, -32972400L, -824825234L, -413430759L, 569381035L, 
1590031514L, 211125340L, -1345617569L, -2144459979L, 1421928140L, 
-676662238L, -2085140867L, 224353143L, -603040610L, 2093683544L, 
672306875L, 918501465L, 1916562408L, -1024020970L, -1050644079L, 
-844127677L, 1652138322L, 247117284L, -1247339481L, -1054840707L, 
1382987124L, 891304282L, 1281372069L, 317837247L, -1163688890L, 
-1047551280L, 1288154355L, -2015819247L, 446909504L, 1265360926L, 
-1443234071L, 1489452059L, -2114759638L, -921884852L, 2046385423L, 
1588822085L, -264656388L, 1911072850L, -175035590L, -1697376432L, 
-516138388L, -35411820L, -698302126L, -492009760L, -472672564L, 
-1099761504L, 1108817794L, -1094105368L, 251035372L, -1629077444L, 
2101528178L, -819907472L, -1612088796L, 2128046136L, -820285414L, 
1171375824L, -1206043588L, -1677378412L, 618473602L, -1273962560L, 
-294672068L, 813811344L, -135782366L, -1028425720L, 47783052L, 
-367365092L, 378645138L, 1187065984L, 417612820L, 125434152L, 
-2047280582L, 1219032272L, -2103896980L, -1131270476L, -237623278L, 
2103592928L, 1833460684L, -1937678880L, -1217347038L, -655413976L, 
-28359412L, 201031228L, 988147954L, -739930384L, -1808462012L, 
1873657432L, 1405856314L, -76435728L, 1451462844L, -2120166892L, 
1936970946L, -746720160L, -1897308804L, 1985138896L, 1981826082L, 
-1437188440L, 1117062028L, -886329924L, 1718721586L, -847157440L, 
395216052L, -1630025912L, -2017932614L, -637231344L, 261274860L, 
2100610132L, -137130222L, 443070368L, -1455598644L, 654824288L, 
535528642L, 787060264L, 377230764L, -195736772L, -1308313742L, 
-1061529808L, -280431068L, -764279752L, 994156762L, 1920791952L, 
-1147258116L, -1119751276L, -1687177406L, 1470389760L, 1801184828L, 
-896636336L, -1152100702L, 302883656L, -1617396L, -1771849508L, 
-2082637230L, -1243131776L, 997313364L, -60946968L, 1927118586L, 
521136976L, 623635500L, -961566348L, 1662596754L, -1770574240L, 
-664836468L, -199813280L, 373111522L, 265826472L, 941341900L, 
438198780L, -1688649806L, 1343711728L, -1037703740L, -1216169128L, 
1145122682L, 1992840624L, -976939588L, -596114348L, 1142163394L, 
-541948128L, 1431550908L, 333731408L, -85014046L, -1774463640L, 
1775504716L, 169178364L, 1292016370L, 1467663104L, -1923199372L, 
-1523100664L, 704174522L, -964725808L, 210421228L, 561557396L, 
-1922367790L, 1516251744L, 1799404876L, 27132192L, -2074165630L, 
-780192280L, 150426604L, -369780164L, -985115022L, 713845616L, 
431657252L, 1339187768L, -1021584998L, -686690864L, 924630460L, 
-185154412L, 2129594498L, 8396224L, -231702724L, 1059516560L, 
-817927390L, -1905452536L, 1455155468L, 65026460L, -1673377262L, 
271261568L, 1995803412L, 1644122408L, -338651078L, -1902584880L, 
1758269036L, 686576180L, -139811182L, -661074592L, -2079364788L, 
283648992L, 1966002594L, 620255656L, -2041801076L, -439595588L, 
2020270706L, -1833104400L, 1022538308L, 851710040L, -464681926L, 
-2067794832L, -1742818244L, 335467796L, -1934443838L, 1077835488L, 
999017596L, 273799888L, -822523486L, 360045608L, -480127220L, 
264691132L, 318986034L, -389980480L, 1746534452L, 600669896L, 
-1511356230L, -1425345904L, -955179284L, 109742676L, 1182486162L, 
1407307040L, 22840780L, -360235296L, 1496376514L, -1439278040L, 
-168500308L, 552365756L, -494069774L, -859346384L, 329089956L, 
1623727544L, -1519788198L, -820141936L, 914550652L, -788269804L, 
975935810L, 1200928000L, -2088324676L, -10349232L, -1202626270L, 
-79064504L, 815846412L, 396284508L, 58398162L, 896421376L, -1938753196L, 
-925106968L, 1132177658L, 86526672L, 479706924L, 1458351619L, 
-475313851L, 1492028770L, -1340084528L, 1202833913L, -1081632469L, 
1361830556L, -1876244278L, -597581377L, -265788151L, -352066018L, 
-2028553268L, -1694590563L, -652692441L, 1896282704L, 210847470L, 
393846683L, 766864893L, 24039658L, -1099197560L, -2136523471L, 
-1733188189L, 1569591716L, 1255081042L, 492265383L, -845128719L, 
-1259217098L, -64717868L, -908144283L, 825625967L, -1661186136L, 
473195782L, 1991388211L, 1435716245L, 877951730L, -1754275008L, 
1132054697L, 957791515L, -920229140L, -801818886L, 2138859311L, 
-1277393095L, 1163196750L, 1182394268L, -1360042739L, -127963273L, 
782027648L, 15163870L, -2129144149L, -1352156755L, -2085204454L, 
-1679298344L, -1594073791L, -688728589L, 235189268L, 230455714L, 
-1459450185L, -1194194815L, -615137146L, -1994935100L, -811970059L, 
-1122202529L, -805114184L, -1803239530L, 610891171L, -1352554139L, 
-891322238L, 96266736L, 869982105L, 693229963L, 771064956L, 1489317546L, 
-1255061281L, 1112530537L, -194999170L, -904051604L, 2093438141L, 
-1264349817L, 365308272L, -407966706L, -1548771013L, 528903709L, 
95892170L, -1206936088L, 1803666129L, 481902275L, -1218431548L, 
-472350094L, 249527111L, 1670824721L, 1531334294L, -58702860L, 
2108484997L, -1611702065L, -517420600L, -52254618L, -224330093L, 
1476931061L, -254398510L, -869741536L, -1980436983L, -885827781L, 
571349644L, -549912806L, -1550790257L, 1310510809L, -888180370L, 
850607356L, 1071511149L, 1958019607L, 442464224L, -525667394L, 
-2104127093L, 1222009357L, 1644797498L, -1443326344L, -325976543L, 
-1146441517L, -1770770444L, 316090498L, 1905869079L, -1411418143L, 
-1103322842L, 766820388L, -1282481451L, 1006161535L, 1476771608L, 
-1081971146L, -509435709L, -615506683L, -470555486L, 1335876240L, 
288335417L, 100808427L, -1597577252L, 154741258L, 191806719L, 
-832243383L, -826807586L, -1762977652L, 109146205L, 1915551335L, 
-1242386544L, 898327470L, 1709410907L, -979564995L, -1059784534L, 
-968931000L, -762217103L, 1573632739L, 520901092L, 655793426L, 
