.Random.seed <-
c(403L, 30L, 4804980L, 505142618L, -1006830683L, -1254356033L, 
1832228934L, 1638110928L, 1237713139L, -627968495L, -1740214208L, 
-1176538082L, 1599513321L, 464893979L, 789819434L, 1785762636L, 
143122703L, 957133893L, -1357908484L, 1511937106L, -512576051L, 
-2127247481L, 1989939822L, -866565560L, -1089276853L, -67230295L, 
1366612216L, 1082514470L, -1590452927L, -1866495277L, -544378238L, 
-154593100L, 111777847L, 514272045L, -1175855036L, 1490398570L, 
-121865771L, -1638772881L, -56387978L, -142124640L, -1675649437L, 
-1669773567L, -1050323344L, -1110232562L, 2072820345L, -1721293301L, 
1638979386L, -1809297860L, 1475605887L, 1265342165L, -211626260L, 
-1905735614L, 344764317L, -105112041L, -221936770L, 200831288L, 
-994435557L, 1860894585L, 662727112L, -1694198282L, 1106008113L, 
643519075L, 1658236466L, -1391649916L, 1607006663L, -1942712163L, 
-1635129324L, 2069290682L, -593776891L, 1989598431L, -1643139738L, 
-278918928L, -501019629L, -828030543L, 591764576L, 296614398L, 
434003337L, 1801968315L, -271423862L, -804507284L, 160212719L, 
718053669L, -2087133220L, -1996051022L, -530490195L, 776977511L, 
736600974L, -1068751768L, 601882731L, -525080055L, 1141863576L, 
-2037889082L, -1101047007L, 2132015027L, 1839963938L, -56823532L, 
2118009239L, 2009342349L, -1816049500L, -1071750518L, 1133779189L, 
-563327153L, 1419573334L, 1233691392L, 953464387L, -1896796703L, 
-1502209712L, -1466060882L, -1799699111L, 685630315L, 872522458L, 
268112796L, -1509019745L, 1388443125L, 236230796L, -1754130078L, 
-2057071299L, -548358729L, 1111188062L, -376044648L, -1185944837L, 
-184671591L, -691999960L, 847804886L, -630020527L, -1215150845L, 
1709234322L, 1441222180L, -995692313L, 1135420733L, -143982156L, 
1400077850L, -394511003L, 741311487L, -1942822266L, 2032624144L, 
788027571L, 102265681L, 1644191488L, -315601442L, -1275218391L, 
-1577501221L, 807060202L, 2033479820L, -1217699889L, -1619527803L, 
-1086598084L, 1091753234L, 1683415565L, -501974713L, -635417810L, 
1187956360L, 280866699L, 883924841L, 1813319992L, -1162572826L, 
-1578796159L, -785280237L, 1895128258L, -1484212364L, 1820195703L, 
-1656611731L, -1584860412L, 572779050L, -189053035L, 62237743L, 
-1690458826L, -9376416L, 1370237859L, -1788121919L, 2010033328L, 
317049806L, -142700743L, -310661301L, -195445510L, -195230212L, 
901428799L, 1205742357L, 1679861804L, 366074114L, -1878666787L, 
-2136117033L, -324379714L, 523660792L, 1923799515L, -1131005895L, 
-507993720L, 1379011894L, 2059933553L, -1235999325L, -1713760014L, 
22324292L, 394804999L, -1006063907L, -701362220L, -475332870L, 
-532151739L, -406875489L, 976551974L, 667518128L, -952892077L, 
-1120812943L, -561218144L, 644837694L, -1226850231L, -723802885L, 
437947594L, -125480404L, 1927202351L, 785254117L, 102665116L, 
415415794L, -950474643L, -1245634137L, 1591784398L, 1405778216L, 
1668500267L, 1183590729L, 504512088L, 1255911174L, 1198422753L, 
1273966195L, 1019672290L, -1649530284L, 402600791L, 743585613L, 
1803373284L, -1338256694L, 1530194741L, -188163952L, 907904892L, 
1663325460L, -1902218942L, -2006614784L, 1158496700L, -930067120L, 
-822265566L, 1905541704L, -1012380660L, -1858289060L, 1419081170L, 
-476316160L, 776253780L, -1273113368L, 895334650L, 827106000L, 
1084084012L, 2109533428L, -1524349550L, -696477344L, -376813556L, 
1842538720L, -1223252382L, -523128664L, 2134960204L, 818247548L, 
-376353486L, 1962458736L, -1087297724L, -1990505512L, 1578913658L, 
1587516464L, 1493049276L, 744348244L, -760446910L, 34936480L, 
-1673450820L, 1372174288L, -1056007838L, 365361896L, -1016073012L, 
-1199502852L, -1007754766L, -1077043072L, -268558860L, -1370391928L, 
131708730L, 841427280L, -1136859028L, -1096153708L, -677184430L, 
162562528L, 957276364L, 2070080160L, 38707586L, -1981475608L, 
-546833684L, -407199428L, 1950882930L, -106725776L, -773405148L, 
-1509830600L, -455453414L, 1799508176L, 1021623612L, 1509859220L, 
1695868802L, 1890410432L, -732893636L, 864457104L, -437074910L, 
-700694264L, 1454593164L, -1358478564L, 879427730L, 677187968L, 
-809866220L, -1782847704L, 239496762L, 1146814928L, -446869140L, 
1463234484L, 467002898L, -1354206240L, -537995828L, -1215535904L, 
-865519582L, -954810584L, -130267636L, 2068929340L, 1174674418L, 
-1345629456L, -1030774204L, -483248552L, 1262198586L, 519830512L, 
-103280964L, -653931244L, -1890258750L, -1507015584L, 1733464444L, 
-367345712L, -1339627230L, 871882408L, -1797962868L, 1798743228L, 
15460146L, -656797120L, 515583156L, 1841890376L, 1692852666L, 
-1161925104L, -642438932L, 2030027092L, -1596039406L, -1993173600L, 
-1420678452L, 918881888L, -1247150142L, 691845928L, 820680108L, 
1489606972L, -346364046L, -474826448L, 473820964L, 43101496L, 
832006874L, 281282448L, 1960882940L, 249319316L, 570546242L, 
1153391872L, 562639932L, -2083007152L, 2027743394L, -532162744L, 
-1311256820L, 1127181020L, -1503102126L, -1621032320L, 1592494164L, 
1756812264L, -1767569670L, 597602640L, 1960012588L, -598593676L, 
-182654062L, 1997512288L, 797507468L, -560872608L, 927473634L, 
-1754374232L, -2086099764L, 1640836604L, -528424014L, -678579728L, 
-1255837244L, -73776808L, -1096260230L, 478175664L, 442855356L, 
124018772L, 1541055426L, 111074336L, -1075200836L, -579984816L, 
-1568577566L, -1697075608L, 1866709580L, 1844986108L, -1177481230L, 
986977536L, -983789708L, -1333866488L, 168054202L, -387840560L, 
111573996L, 1141698452L, -1916918830L, 1930909536L, 1227050316L, 
-907395808L, -926710910L, 1180353256L, 817480940L, -1362488772L, 
-1005948046L, 1981254256L, 28074020L, -1559318728L, -682322790L, 
623770320L, -895457092L, 1143035540L, -1548136830L, -839578432L, 
55484732L, 479303824L, -1608134110L, 1742155272L, 1868482828L, 
1955232412L, -1177176558L, -583940736L, -929716716L, -1511776728L, 
944207162L, -440064048L, 685138540L, 836783924L, -1921381742L, 
-576698016L, 1373018444L, -225230880L, 2128783266L, -1682968664L, 
512103308L, -1874184516L, 1421114226L, -1313122064L, -1366708156L, 
-579949224L, 1267311674L, -1766007952L, -47174596L, -809503980L, 
-540469027L, -1469918966L, 457671720L, 492591249L, -1888760701L, 
-883999356L, -928703566L, 553092359L, 97771345L, 130870998L, 
-817432652L, -1625540667L, -38279409L, -924265080L, -1646747482L, 
-2113859501L, 1178646965L, -722571502L, 569742560L, 1714346313L, 
-847158405L, 2058182220L, 401403866L, 2136845775L, -538584167L, 
-1747711058L, 1298346172L, 1729481005L, 1514945239L, 868754208L, 
-2077363074L, -932439477L, 1945380941L, -1784420742L, 1246138040L, 
2008730721L, 917569043L, 991360052L, 680852034L, 574598743L, 
103138721L, 1813915238L, -1826077084L, 1171334549L, -87820609L, 
1810755160L, -1696327050L, -755460477L, 422906565L, 1776179170L, 
-148053424L, 1815791481L, 1501527211L, -474745828L, 783958858L, 
-1303583937L, -1752134263L, 809104798L, -849712052L, -526148067L, 
-493849689L, 629372624L, -1888024466L, 682589979L, 437420157L, 
-854528406L, 1416048392L, -558231631L, 973662243L, 632658212L, 
1389563346L, 440733223L, -1387218831L, -1747185994L, -770899372L, 
-894607643L, 2032220911L, 1822471720L, -827637114L, -1121821517L, 
2038579733L, 795124850L, 1945501888L, -1353534167L, -1040651365L, 
893729900L, -1990868870L, 325003695L, -2000920391L, 2046071502L, 
1074950172L, -1776909427L, -379027977L, 1385173248L, -1794474146L, 
-570496981L, 1011287853L, 131730330L, -573626024L, 503377089L, 
-1242113165L, -435423084L, -791610078L, 1969339447L, 1401361665L, 
1301174278L, 88059460L, -1004062859L, -149189921L, -1395272136L, 
1355433494L, -172574173L, -455928347L, 676408322L, 1176211056L, 
2049629209L, -1168548341L, 941308L, 1412034858L, 456886111L, 
1113360105L, -183015938L, 2112944620L, 738148669L, -1813884665L, 
-1308696336L, 477543566L, -465914181L, 1668826781L, -739065270L, 
424058984L, -835415983L, 95437635L, -2090457532L, -1649371918L, 
-1183674169L, -566402415L, 1367858198L, 1396622964L, 267583749L, 
