.Random.seed <-
c(403L, 10L, 769070947L, 1220623361L, 181659504L, 1915629326L, 
-1466119815L, -843645685L, -1804433862L, -1675797188L, -396144001L, 
803920341L, -788424724L, -1205851838L, 1281635997L, -1832279273L, 
-301239682L, -455409096L, 383833371L, 446177913L, 1702846152L, 
666277622L, 1982250801L, 349353827L, -1550865102L, -209858940L, 
-1445188921L, -1673770595L, 725671188L, 614642618L, -1821387259L, 
193009631L, 1604087398L, -1158006288L, 691345171L, 837179569L, 
-1568732320L, -1404700418L, -1244649335L, 635582395L, -75845238L, 
513351788L, -1816641041L, 539384357L, 2009689820L, -1631632206L, 
-727758931L, 1871215463L, 388946062L, 1273566568L, 285066603L, 
107390729L, -221783656L, -11026234L, -1728617951L, -819402061L, 
-644278238L, -1832771052L, -673110377L, -1853409139L, -1826955868L, 
1345232778L, 610749429L, 847323727L, 1303221590L, 1621872640L, 
2021224771L, 1200831713L, 1897666128L, 1731766958L, 639987289L, 
1725216363L, 1651309530L, 299142300L, 2059421343L, 732695797L, 
1502621068L, 1634302050L, 812718141L, -381918537L, 1159866718L, 
212725912L, 584088571L, 1617389977L, 1603836456L, -1526908202L, 
-1365315759L, -642862589L, 769148306L, -361921756L, 1901680103L, 
-2112445891L, -2041111372L, 408804122L, -982716315L, 1469266175L, 
904608134L, -1751757040L, -738370637L, 1198151761L, 667536384L, 
2043808990L, -1420304599L, 1172669147L, 1041840618L, 1521320332L, 
-1698060593L, -1971897723L, -1045278404L, -1181156334L, 1009636109L, 
-966451129L, -1560653266L, -373220472L, -48974197L, 1235306601L, 
388846648L, 504567014L, -1015800703L, 695188499L, -912761918L, 
-1181064076L, -983704969L, -301448339L, -1285843964L, 902795050L, 
1813712021L, -2048308433L, -1624401354L, 991256160L, 2144795811L, 
-1326327871L, 546956208L, -1713928498L, -763833287L, -1765692853L, 
-1068531718L, 1294703356L, -2119585985L, -1104494571L, 1049252652L, 
-558532606L, 785138397L, 1713908183L, 1832576190L, 185917176L, 
-1030189861L, -1306882247L, -619959672L, 760876598L, 1943240305L, 
44588195L, 1519703538L, -1752574652L, -1628465657L, -1680272419L, 
-1502217004L, -736582662L, 1745670981L, 1343932319L, 1003932966L, 
1499764144L, -758903213L, -149370511L, -488496992L, -2086604738L, 
-746809527L, -467862021L, 71246282L, -1085288660L, -1659031761L, 
-1186292251L, 1044881564L, 2038695154L, 1465449837L, 1887029927L, 
168518862L, 1652771368L, -1708287445L, -1903660983L, -571395752L, 
1818028038L, -2060019231L, 1186849651L, -262277150L, 2146295636L, 
562565719L, 1106182733L, -2042632732L, 1944633290L, 81986101L, 
744556687L, -1692239466L, 1918190912L, 1281529859L, -310015455L, 
1762774288L, -2021211410L, 1311219353L, -306995413L, 1102174746L, 
1326221532L, -1104067361L, -1984314699L, -1513073588L, -257349470L, 
-1441470467L, -1408494345L, -522419682L, 1819426008L, 310083643L, 
-1216050727L, -1463259288L, -238329194L, 512945169L, -1494794813L, 
1322516946L, 520702052L, -854136921L, 881748221L, 1172585716L, 
-1414423590L, -1491587291L, 375092799L, -524747322L, -835413424L, 
-1855777165L, -1107649903L, 53895872L, -380035632L, 1040611170L, 
-736808216L, 1386026188L, 885378556L, -783910414L, 623777408L, 
-311048716L, 136798856L, 721942330L, 607559504L, -605610900L, 
-334860908L, -806183854L, 518973920L, -1383828276L, -1634156384L, 
1315383682L, -207308568L, 1494332140L, -1544997572L, 9174130L, 
635888752L, -406672348L, 120619064L, -1390322918L, -755508016L, 
37227324L, 934147988L, 1583665026L, -873257536L, -2055654852L, 
-9934448L, 1080764962L, 887000328L, -189113716L, 247351068L, 
14688402L, 2003870080L, 1216479764L, 2084717352L, 1700398650L, 
-1079801392L, -591997588L, 1650975668L, 1184713746L, -1083887136L, 
1942438860L, -1479491360L, 366827554L, 1935994152L, -2066352628L, 
992473916L, -1247509518L, 764952304L, -1315210684L, 2126405208L, 
-1576815814L, 1306608112L, 866639548L, -1828647660L, 891027138L, 
-2073567136L, 1967458172L, -371319856L, 2057768226L, -218011992L, 
745327500L, -1014014788L, 908949298L, -212987328L, 409143476L, 
-31839672L, 413347258L, -1987759600L, 1552301804L, -322495148L, 
-1751898862L, -601663072L, 169869004L, -830769568L, 1637409730L, 
-661437656L, -1173972052L, 263970620L, -721080974L, -819421392L, 
-406936284L, -648901832L, -666681638L, 322106256L, 959249148L, 
877826964L, 408797250L, -1996996352L, -1940704196L, 1969567056L, 
1743638690L, -1984856760L, 797932300L, 1839198940L, 394658130L, 
-1376337792L, 419707988L, 145353704L, -7977734L, 1828151120L, 
-365121748L, -1020547724L, -815444078L, 288275552L, -937982580L, 
955956064L, 271902178L, -904731736L, 749498572L, 1711275004L, 
908939698L, 215653872L, -1627213884L, 708206936L, -824965766L, 
744058800L, 1387386300L, -1873963948L, -1721276478L, 1160390688L, 
65513660L, -1054173616L, -123555870L, -1719490456L, -149856180L, 
1041061116L, -1240795150L, 756202752L, 2088129908L, 59770888L, 
-1572490310L, -968071728L, -874393620L, -1378308716L, 1593940434L, 
-530226848L, 664591180L, 226134304L, -934221950L, 1604765416L, 
2065920236L, -1018271684L, 242618226L, -276308368L, -509633500L, 
1024821048L, -1279421286L, 98083536L, -2033956676L, -819685740L, 
1912520322L, -706344768L, 302505788L, 941322384L, -260360670L, 
95894536L, -1667474164L, 266345628L, -576605678L, -1264106624L, 
-1989118444L, 1655879208L, -1549820614L, -1456269872L, 313028716L, 
-948755148L, 910803602L, -32139424L, 1563496268L, 1468960736L, 
-1486763102L, 777579432L, 327752076L, 1897809084L, 1890857330L, 
2128441584L, 1163542596L, -810644136L, 2044027450L, 19603312L, 
626027580L, -1253012716L, 1975309762L, 438228704L, 358036348L, 
-2040556848L, -83848030L, -1716492248L, -1880356596L, -487681092L, 
-1921596110L, -2062810688L, 616034868L, 578734024L, -2099780422L, 
434821520L, -1543593492L, 1262730836L, -2129433454L, 174177056L, 
104030668L, -833176096L, -474272062L, 1750134824L, -1957962068L, 
-1723469636L, -1481222670L, -1888002768L, 2011268260L, 1972363960L, 
1227340122L, -827993712L, -678457476L, 1199073556L, 316485442L, 
841895680L, -611785796L, 2086746960L, -1451733214L, -43195064L, 
-911974590L, -288391337L, -1954918751L, -632643738L, 1442371940L, 
1153694869L, 1269364159L, 1253071192L, 1780914038L, -1191008893L, 
1429381061L, 1983816930L, -1658117808L, 1135493241L, 1442235307L, 
843475228L, -155378102L, -421463489L, -1461342583L, -138683746L, 
-1996691636L, -1223000291L, 1847082663L, 1505965520L, 1705520494L, 
374325275L, -182570627L, -568154262L, 550543880L, -985790799L, 
-841350877L, 918852132L, -892831534L, -1171017433L, 1905867633L, 
949529014L, 1385087316L, -1776435227L, 1562089967L, -1281203928L, 
1024850310L, -29629005L, -448124651L, 247126898L, 760870848L, 
-274614231L, -111512421L, -1771892372L, -1482581638L, -113345873L, 
1157640633L, 391494606L, 445465372L, 2087492237L, 824001271L, 
1923376640L, 4898910L, 149281579L, 502650925L, -326958950L, -248511400L, 
-1004928063L, -1843139469L, -1184885356L, -1054790622L, -1585009865L, 
-1797558783L, -1311310074L, -611413180L, -807475595L, -1205258273L, 
-2058712264L, -811664106L, -1140481757L, -1336317211L, -1688067326L, 
-649811600L, 1885176089L, -1079795445L, -528121348L, -546022870L, 
-501192097L, -740558359L, 376730366L, 1822997228L, 1955170877L, 
-2120144377L, 688324080L, -986747506L, 494236603L, 1545645469L, 
-1095978166L, 1435567976L, -1937872559L, -1654142397L, 1665953604L, 
1185121266L, -1158866489L, -1425862767L, -1122748650L, 730006388L, 
-2120893947L, -298816945L, -945895864L, 1877990L, 479619347L, 
1310684789L, 336645202L, -906656096L, 1905992585L, 931659707L, 
13058060L, 89255322L, -1515909873L, -1838525607L, -1623839250L, 
507775100L, -1149592339L, 1804409751L, 2136654944L, 911664702L, 
810430219L, 1354126733L, -1602560326L, -395481864L, 1474038433L, 
1043171923L, -1876888204L, -1517806846L, 83905431L, -824287903L, 
1291025830L, 1944108964L, 1221765717L, 1187478271L, -668532840L, 
814026934L, 698971459L, -145394555L, 2057325858L, -2115906032L, 
-690440775L, -1713289621L, -716326564L, 847990922L, 121288831L, 
2099673545L, -1949992354L, -312594164L, -944741155L, -1111674393L, 
