.Random.seed <-
c(403L, 26L, 1079060254L, 631101813L, 1792243849L, 469870141L, 
-491346856L, -46669809L, 907346788L, -2073377944L, -1715830637L, 
-2051828330L, -1581115384L, 1759781727L, -624075574L, 677518528L, 
-1534605181L, 965074941L, -1323524497L, -496360780L, 2139171120L, 
348701467L, -1937054869L, 1872411521L, -1815564319L, -2097168728L, 
-1520857228L, -1173757501L, -1487902446L, 1930384212L, 289273045L, 
-1288592424L, -978507503L, -880488351L, 1493479884L, 1891903143L, 
-800531837L, -1132190105L, 2137259799L, 924767708L, 299631356L, 
-1210418972L, -1984549854L, -1973165470L, -637138560L, -1121270335L, 
-811911508L, 158170961L, 1765251294L, -1887227185L, -1415423491L, 
946851316L, 1409546807L, 1452558247L, 2071065449L, -900398494L, 
-545771922L, -1415716213L, 1369913288L, 133010735L, 532742576L, 
-795211473L, 980025171L, -455715575L, -1627675361L, 810068244L, 
1901007404L, 2070660020L, 1670142289L, -1316809358L, -1122781268L, 
906198049L, 601976043L, 215019894L, -408576012L, -1357189911L, 
-1586634746L, -1755850335L, -2128682035L, 1346930404L, -1618350077L, 
-953426305L, 2141650072L, 522709794L, 1446406299L, 1804326721L, 
1530957977L, 793501046L, -2004607948L, -275789279L, -823747884L, 
-495700094L, -1128717465L, 1430584417L, 670720225L, 934225487L, 
-716942778L, 1899131932L, -418331163L, 692248867L, -1669088961L, 
-1862557123L, -96944915L, -1341145644L, -435565977L, -1332329564L, 
-2036033206L, -993595632L, -1484447852L, -1517484040L, -1502860047L, 
-70922527L, 1163826078L, -686363220L, -875560854L, 2057290006L, 
1427627790L, 552126638L, 1210442217L, 337471740L, -1774921984L, 
465752188L, -69099856L, 739669259L, 778076781L, -130765251L, 
-1925050662L, 892832165L, 257246139L, 870807559L, 1292645910L, 
-673052609L, -593922425L, -1004120936L, -1395297831L, 110037204L, 
-697048080L, 1879014959L, 753229924L, 450366683L, 338882373L, 
-118386055L, 72145213L, 198297222L, 1382962145L, -178355679L, 
1797788856L, -1679472923L, -1643795220L, -755693473L, 696826861L, 
1436608299L, 307335600L, -1584181931L, -770016090L, -1662268850L, 
-1892550299L, -1227524786L, -1711577264L, 765126753L, 933962101L, 
1040983895L, 1590481413L, 824031335L, -1778554954L, 1322853385L, 
1566460375L, 994764169L, -128796744L, -1816189277L, -400818957L, 
2118750143L, -2125748687L, -1808400958L, -933333264L, 1461567041L, 
1906378254L, -710315551L, 501904972L, -772896035L, 1646277772L, 
-563927420L, -2079002804L, 300014270L, -602177782L, 1046783124L, 
446442043L, 1160858777L, -1839050592L, 104403854L, 966529055L, 
-293469321L, -191957665L, -2068903990L, 1936726780L, -956802784L, 
-559485999L, 102605410L, 1283844974L, 1030738768L, -271182839L, 
-948977616L, 1820337674L, -1253515573L, -1746371874L, -6924241L, 
-2016745545L, 1774565373L, -1976966102L, -1014167259L, 757242346L, 
545391547L, -578777356L, -31447147L, 572237407L, -134944388L, 
800804208L, -2040810382L, 578272955L, -1940322297L, 1303883146L, 
1480550556L, 1062184953L, 268708524L, -1468362059L, -1800469160L, 
1071485182L, 1589535077L, 1956523894L, -302010451L, -55707889L, 
1536841577L, 2097671870L, -992029547L, -1663466834L, 942979030L, 
-833209501L, 625666632L, -2125786911L, -1411450524L, 1774337957L, 
538272036L, -544624592L, 1469340049L, -1949828901L, -669831725L, 
1561863571L, 816599433L, -1166046306L, 2051872325L, 236144043L, 
-1854822488L, -1949942499L, -1310901541L, 1444527581L, 1891047398L, 
820136785L, 1404231373L, -1432781758L, 1103633905L, -14767928L, 
110936894L, -1655227290L, 1964697513L, 620659239L, -456799059L, 
145076232L, 1562444105L, 1976461388L, 437986336L, 1486885307L, 
-774477654L, 84108721L, 931341012L, -1657723165L, -1214187236L, 
1394920950L, -1611320669L, 1289476165L, -1111227740L, -2047926171L, 
-182918347L, -578803656L, -105995641L, -1113551769L, -703298914L, 
1690554611L, -1500908949L, 138944776L, -223189620L, -1987335271L, 
-2139865540L, 1880565999L, -1391046525L, -918967651L, 522589569L, 
-519742199L, 212924611L, -1228762382L, -1482324265L, -429491L, 
272372280L, -1357429509L, -203144070L, 1068040709L, -1537010950L, 
-1008484343L, 1068378693L, 1383807253L, -1674914312L, -1339400916L, 
-863237916L, -1247162838L, -116657924L, 1366569826L, 832342336L, 
-1760039296L, -1620186737L, -1007657258L, -764708787L, 2026779735L, 
1382904614L, -673150152L, -696386579L, 1056438488L, -259194269L, 
1246562713L, 1593809010L, 608997775L, -1648804075L, 748094293L, 
-469495478L, -708313351L, -1975049055L, 1421574648L, -1319923002L, 
-1528586043L, 451405443L, -665998493L, -1141813522L, -1335674707L, 
-2075936202L, -777191740L, 366765959L, -635236104L, -514104092L, 
929878778L, 602460533L, -1108637928L, -1042022603L, -1152510101L, 
889562505L, 970321786L, -2081717191L, 1485471639L, -1665181614L, 
-992110867L, -1584178085L, -64873697L, -1301327564L, -1728743018L, 
1606641544L, -745457039L, 952310332L, -446651020L, 1964811114L, 
919417835L, 1144118062L, -775694267L, -230332004L, 1527788333L, 
-2074355143L, -798107801L, 1848101440L, -978462142L, -1488291290L, 
480598615L, -1848525914L, -1826592656L, -2000168331L, -796486178L, 
-1718268345L, 1961000732L, -1870631843L, -1978886426L, -1790765042L, 
845512272L, 868764261L, -176051644L, -1104437017L, -2117141317L, 
846171573L, -1802327239L, 327076112L, 1751169301L, 1416211817L, 
1318812211L, -526232715L, 565746625L, -1416044679L, 980561471L, 
-329270505L, -1113370183L, -1706626482L, -674604833L, -1404967510L, 
-1220918685L, 371039639L, 398289733L, 802458391L, -130015079L, 
-442522723L, -532773018L, 950798874L, 1880413509L, 1026256690L, 
-642248732L, 1502909432L, -985222070L, -1841028995L, 453504756L, 
-297052769L, 408707622L, -1542932680L, -813207113L, -1271879355L, 
982461741L, -1032353848L, -408796871L, -236472439L, 1222231673L, 
1457286405L, 1444619560L, -467429925L, 2120324710L, 755646019L, 
767434965L, 998123310L, -1496042887L, -597904707L, 5980822L, 
-680904164L, -798937754L, 246307232L, -1539117013L, 1672607054L, 
-1872743463L, -1138852060L, 1050742528L, -530007789L, -735851944L, 
-78956778L, -22894050L, 1639323813L, -700126944L, -1738204444L, 
2146334790L, 965975709L, 707185863L, -405057831L, 1550368085L, 
202923197L, 645814520L, -138038281L, 114356696L, -1308671125L, 
-1482730683L, -2117884212L, -676423380L, 1495711528L, 1434422019L, 
1803755846L, 2024846823L, -983553446L, 1832443599L, 1675340013L, 
-773882893L, 297406138L, 1798356501L, -694502319L, 516645126L, 
-199936570L, 312854405L, 450720345L, -1818926090L, -2081666313L, 
-1883332573L, 1642685147L, -485089831L, 1241630209L, 837616495L, 
1680934247L, 276934507L, 873380646L, 1715435107L, -1218078803L, 
942405585L, 632590136L, 1992147608L, 540445633L, 48893248L, -1256687487L, 
811928177L, 880216344L, 1607621553L, -1825062812L, 402059149L, 
-320745648L, -1045478898L, -528838921L, 1383738992L, 1344945255L, 
-1191536738L, -716025062L, 1729396927L, -913613156L, -305797281L, 
-351272547L, 1048396734L, -1682483660L, -765280870L, 601133887L, 
-1799906525L, -216398368L, 652948899L, -1742509448L, -1122354081L, 
-1635939014L, -2038399668L, -1100592376L, -578134701L, 1628377535L, 
-382726383L, -1945657836L, -1223312502L, -1445026649L, 635607057L, 
-1568716150L, -1931654499L, -606585452L, 536062430L, 418031572L, 
-1333942401L, 1017292864L, 153680248L, -1440670050L, 2118644640L, 
298464026L, 180403444L, 534147358L, -739693710L, 1816860441L, 
-1114753078L, 306124926L, -739255879L, -62006362L, -2023678844L, 
1230590350L, 1520998182L, 1800076401L, 953689300L, 171722912L, 
-303843624L, -15864925L, 879381108L, 667589118L, 1103521364L, 
37991603L, 466697570L, -328156625L, 1869079052L, -1644387501L, 
526412145L, 2141862417L, -896219642L, 1523381971L, -805940623L, 
-11463658L, -363516362L, 1816872769L, 367489961L, -1837011341L, 
-941862754L, -30770504L, 1746081966L, 389723718L, -1581475109L, 
1551223921L, -1745112824L, 2006931087L, -957639174L, -649543247L, 
