.Random.seed <-
c(403L, 29L, 1435388310L, -456334114L, -437298803L, -459294355L, 
-826311788L, 294448485L, -866049400L, -335786154L, 1169761516L, 
1499336259L, -1950378215L, 1272636358L, 460886777L, -1811839736L, 
-289968249L, 1971484719L, -1740883077L, 980436700L, -1779362583L, 
1721377071L, 2134838857L, -1712250218L, -374706587L, 1445454965L, 
671991606L, -1891447370L, 483518411L, 999593042L, -1985466119L, 
1621201217L, 2124876249L, -816639000L, 1838407835L, 1508793887L, 
-187945592L, 1734116986L, 1097095864L, -1661038272L, 1677596859L, 
1007907737L, -529148853L, -1926206129L, 275052409L, -916951714L, 
1760295028L, -728907694L, 1902373118L, 503462672L, -1454689068L, 
-725461886L, 328294519L, 1134718150L, 1740205836L, 1329839591L, 
-1101822132L, -1803512696L, 952816392L, -232558478L, 467199180L, 
-1199064841L, -1067866932L, 1045524053L, -1069077208L, -532201273L, 
-514028420L, -1845847535L, -2099135607L, -926784147L, 1136583754L, 
1397188944L, -133632373L, -162511324L, -842762245L, -1473883057L, 
379825134L, 1800550943L, -137292258L, -50542970L, -458279892L, 
-1151154845L, 2092433382L, -2020003021L, 1358006869L, 27408595L, 
57247724L, 1948544237L, -1326320068L, 1116616420L, -1021880537L, 
1093051906L, -1371138398L, -1616702642L, 1197645205L, -792050187L, 
-1946134143L, -1633084204L, 41866174L, 1516564470L, -7544170L, 
-1071026183L, 46515259L, -2119001554L, 1733769985L, -1720765567L, 
708891625L, 2122514766L, 1012580562L, 814312530L, -465144628L, 
2101192565L, 3525091L, 946683184L, 552485461L, -915971780L, 915719195L, 
-1314037600L, -1144689583L, 1545386921L, -1603186157L, 2008668825L, 
-483249871L, 782883352L, -281615349L, -1601586572L, -534348159L, 
-2000399672L, -1186835788L, -1107771473L, -408501428L, -728472158L, 
1056431105L, -1649656416L, -5958005L, -1807249879L, 1746078577L, 
-210937931L, -374234225L, -407743939L, 418889265L, -1794744609L, 
1582510602L, 834583818L, -533137145L, -1463348485L, 941855958L, 
-2132099147L, 441737362L, -1001270885L, 2130397290L, 506219765L, 
1930911675L, -968767419L, 542726118L, 351723954L, 1580625524L, 
-1103136513L, -2013219963L, -640528949L, 373465916L, 1573259774L, 
-1430554499L, -1847563262L, -578610046L, -1791732573L, 485349608L, 
-246163980L, -1040049005L, -1584617296L, -688152938L, -1852088963L, 
289597330L, 2000292639L, 1391432741L, 2049871875L, -15819014L, 
1194629195L, 1707344281L, -584541636L, -149125259L, -1766926803L, 
-1579790672L, -1521127718L, -327201736L, 1305095163L, 1949629981L, 
-937921758L, 1355073208L, 119703883L, -1768941618L, -1053372672L, 
573522731L, -1159571636L, -908248363L, 1442782227L, -310173757L, 
-129000694L, 85969608L, 435750133L, -270744331L, 1349836862L, 
928039936L, 647161776L, -1180688999L, 1486543526L, -230216290L, 
-965114756L, 542209043L, -937553979L, -913942786L, -1133616775L, 
-1376788726L, -63195848L, 1576216403L, 923078153L, -390675851L, 
-596588009L, 635193614L, -749690226L, 1426960235L, 737425010L, 
534310032L, 1778026289L, 1735734512L, -737550390L, -1208567639L, 
591198437L, -323146627L, 2063278769L, -1716432836L, -647959390L, 
1814009984L, -887374996L, 245442218L, 2096568239L, -1662631959L, 
560395919L, -137212659L, 534099002L, -141595439L, 154726142L, 
1181586647L, -1938465917L, 1416472269L, -598537086L, 617095889L, 
-1969431612L, 1119664854L, -1037034680L, -1787945590L, 1730302755L, 
220480235L, -360019898L, -931318049L, -352226723L, 1938823612L, 
1768848049L, 1126551961L, -1826101056L, 1026224801L, 274938710L, 
870742288L, -1979512866L, 1578399443L, 415271386L, -1077634562L, 
-2520453L, 1211314091L, 2068945290L, 269812551L, 989965213L, 
-877930636L, -511910956L, 914291653L, 131250605L, 634179593L, 
888920411L, 1160629566L, -807711689L, 1500516363L, -2037719255L, 
-338201973L, 1497127693L, -1106696336L, -153550674L, -1528243345L, 
-1196693670L, -165219214L, 1827450968L, -1392599831L, -253948603L, 
-599064567L, -2132991842L, -699743685L, -1208185279L, 912872120L, 
-1918437900L, 439403327L, 453336523L, -889272887L, -1440955547L, 
-1060556383L, -583027022L, -1250380219L, 636427632L, -1644772567L, 
-90925526L, -202374827L, 428060890L, -698716370L, -1413590052L, 
1577638461L, 13229263L, 176534478L, 1243665957L, -105835939L, 
-14350039L, 1471544879L, -2029841718L, 313316287L, 1483584824L, 
1525314967L, 1212662654L, 1854732000L, 2028986110L, 1818410603L, 
164073079L, -1074967047L, -54318755L, -1486343815L, -845001634L, 
598894022L, 1435797770L, 1942198237L, -593126279L, 583259770L, 
960929878L, -269824749L, 625687937L, 1609497877L, -1901949471L, 
839802331L, -1852685340L, 1640364702L, -788426219L, 2065439345L, 
1918072410L, 107930863L, 2048892617L, 507202290L, 719980187L, 
278053074L, 1372500066L, 1780349863L, -1025693893L, -680384089L, 
1681137737L, -552540100L, 1411259666L, -788470801L, -227514108L, 
560397576L, 747219965L, -562020673L, 1728074394L, -942460788L, 
-1374741389L, -1827918123L, -1724955769L, -717795837L, 1687622586L, 
-938884562L, 911543271L, -1318242771L, -1721349482L, 664946409L, 
729750589L, 1763996567L, -551605957L, 1473476348L, 456007973L, 
-106346078L, 284113109L, -917327298L, -194661492L, -1317664891L, 
1913616428L, 1902897118L, -52098892L, 1082535354L, 71848902L, 
-907632493L, 77867669L, 1423759644L, 1944882627L, -1518295696L, 
2033752385L, -1399385262L, 2013839726L, 1480895078L, -803992424L, 
-1764293410L, 494040805L, 356375324L, 787342302L, -822324785L, 
-644973270L, -30454079L, -1139472443L, -1528413466L, 134073218L, 
-1755000308L, 1365326010L, -1869347108L, 2007931829L, 1020608528L, 
1436722910L, 1006163612L, -921140135L, 1686197492L, -182732883L, 
-1859600510L, -1135710335L, -1297200029L, 777889103L, 1990739600L, 
-958173245L, 544767088L, -1044920472L, 405425185L, 1412043299L, 
451028529L, 1820191994L, 2071740635L, 2125131476L, -673451136L, 
-1888147217L, -688815472L, 1625765299L, -1986437639L, 1179252407L, 
-1820964727L, 56024175L, 1561317751L, 475010824L, 1036230414L, 
654038021L, 1989901917L, 1623979159L, 99030430L, -157427846L, 
-970735670L, -518332043L, 1209643011L, 1868228081L, -1787887717L, 
1499436545L, 1184040234L, 1572688974L, -339754561L, -1606462217L, 
1241743716L, 1156964839L, -611931596L, -573232317L, 275798052L, 
1552580302L, -640905630L, 232651595L, 239013300L, -1511758755L, 
746833425L, -1118943282L, 268347688L, -942397215L, 573035121L, 
669165950L, -1672411958L, 124030632L, -479241162L, -945440560L, 
-1688088024L, 119764207L, -727044385L, 1760653467L, -1675538677L, 
2048551932L, -1804347767L, -770711823L, -1922283869L, -741577431L, 
-946999743L, -289270474L, 1010847485L, -2134458811L, 2085744218L, 
488329096L, 1641572694L, 1174276987L, -825595340L, -1328634979L, 
1549102794L, 996205453L, 2137597492L, -88544578L, -245596714L, 
-576243555L, 1708990627L, -1451573157L, -2096482778L, -994511474L, 
321501998L, 620850854L, 373213999L, 578179023L, -131733258L, 
1320378820L, -863787078L, -155960411L, -1594651680L, -469173162L, 
-72986062L, -110605269L, 1135507977L, 276455575L, -71586709L, 
1709702796L, -1625191833L, 1297679736L, 1945098970L, -738161304L, 
-1402024672L, 844197597L, 1912529142L, -1871900973L, 1206068918L, 
-217391321L, -1015789429L, -782962320L, 716452260L, -1809048872L, 
1177184138L, -363695434L, -1485347530L, 91228884L, 1422397514L, 
924466874L, -1677719336L, 2011288676L, 1412550514L, -484566815L, 
1290984796L, -1854703223L, 1446002839L, -2128051572L, -477774398L, 
1245659432L, -1596948508L, 1720761440L, -1376950439L, -1423513211L, 
-664627146L, 1581015749L, 229764896L, 1790926031L, 1600868133L, 
-1542768229L, -1504527430L, 659435841L, 884450110L, -1078546861L, 
-1350069653L, 33888345L, 934083777L, -703863415L, 679021876L, 
724643227L, 365656326L, -220916994L, 156172738L, 1041152053L, 
1481449685L, 932669644L, -641645293L, -1086646949L, 120991211L, 
-1044181106L, 360359219L, -324279616L, 625317175L, -1954547631L, 
2140741205L, -889679406L, -920811097L, 1484144387L, 375368233L, 
-806814420L, 497243895L, 1672595983L, -1817969572L, 678267671L, 
-70803202L, 1440811274L, 132564636L, 1890532254L, 1108818778L, 
