.Random.seed <-
c(403L, 5L, 102915960L, -175404946L, -1955543785L, 2056462249L, 
769118297L, -1796577382L, -1524829785L, -811559871L, 624479801L, 
365464443L, -2103069988L, 46530751L, 1476184518L, 119092987L, 
191617618L, -322987246L, 1633932898L, -1596311447L, 1677223818L, 
1288157147L, -1092453505L, 118266345L, 307310089L, 883685366L, 
-1009551973L, 1505442819L, -603377719L, -140154821L, 619382197L, 
2041144716L, 1996838640L, 1661961088L, -1793630240L, 869439691L, 
244481518L, 165566830L, -1758033375L, 744202241L, 1448748974L, 
1330362475L, -1229606314L, -1543091597L, -1979977465L, -1013047809L, 
-573173127L, 1692231201L, -1940892913L, -450828858L, 183975038L, 
-1869358432L, 861248920L, 946306848L, -326137771L, -395061451L, 
-153891102L, -191126818L, -1796530828L, -1000884203L, 482036667L, 
-2146136237L, -1929794957L, -745796488L, 925605990L, 1134934638L, 
-955763402L, 231859952L, 759902310L, 312822297L, 1001011919L, 
1730597323L, -328209457L, -1548756706L, 1061057988L, -501229391L, 
-726935250L, -1694535032L, 1017660300L, 762608420L, -2076705664L, 
1410611259L, 242816727L, 1770814080L, 1149510524L, 1964531683L, 
605565807L, -1855819058L, 355148606L, 2015269067L, -2027299907L, 
1775601743L, -670530080L, -946280801L, -1128410951L, -1671582611L, 
799309666L, 1214309718L, -927718842L, -963901059L, 413675910L, 
-361533871L, 1803905681L, 1041369492L, 592554667L, 1670531453L, 
-79541057L, -620842775L, 2092522566L, 432325016L, 1877339527L, 
-1775119862L, 443982449L, -419865744L, -233212488L, 320925708L, 
924361414L, -9046460L, 2020663212L, 814586284L, 47558174L, -1822817103L, 
955195880L, -449273331L, 1486899774L, 1216915817L, -1746079500L, 
1688662441L, -2107600840L, -191314240L, 908458937L, 1075157799L, 
1597428830L, -524258824L, -2129047834L, 1982263633L, -1177234518L, 
-398474470L, -945272694L, 908279215L, 1014315575L, -1648804002L, 
-90125551L, 809742966L, 1824689147L, 1211941127L, 501793441L, 
-362061903L, -524227129L, -2033510179L, -1539315392L, 1030806003L, 
-2090974016L, -701736510L, 1990029773L, 1115972834L, 337955814L, 
-1202511711L, 1243239960L, -1460957235L, 434473806L, 1526347359L, 
-1087459766L, -219191247L, -1588662495L, 1156476651L, -157366235L, 
-1832904547L, -42905553L, 1920292388L, -2123194991L, 410250489L, 
-2013963792L, -1829094223L, 2090241562L, -1889593051L, -79676456L, 
-547591992L, 1796980682L, -1971628047L, 1908603114L, 254054264L, 
1597654970L, 1841954347L, -1428550794L, -1116386623L, 310780069L, 
1795315935L, -279693906L, 878294526L, -1691040561L, 1575751888L, 
-174363439L, -1017448879L, -1475973362L, -983464744L, 1245201651L, 
-549945935L, -911996369L, 1633032609L, -1525978692L, 1102481193L, 
-1035840360L, 1522017251L, 1545041131L, -270308895L, 531337055L, 
1352401717L, 2040428242L, -587440439L, -678745519L, 825232575L, 
-1251206092L, -1193141374L, -701894745L, -143494690L, -1995531450L, 
-73953790L, 794708113L, 541479750L, -478271071L, 236498607L, 
326138903L, -1163315537L, -623322608L, -594825532L, -1618841064L, 
-1624727106L, 1905854524L, -1597918989L, 496534856L, 1787153465L, 
-308644014L, -1165678100L, 544793848L, 79641067L, -1806657026L, 
1601196258L, -1808306503L, 1824082184L, 150203680L, -61159819L, 
-985747817L, -1761990177L, 1948119668L, 345523108L, 434899656L, 
1003505606L, -1324671556L, 899689699L, -912573476L, -1122388116L, 
-903742061L, 969164080L, 1721717549L, 754418401L, 199016985L, 
2124250266L, -1453598836L, -1922457587L, 1689584213L, -596657350L, 
-1089972138L, -1461432328L, -1769459069L, -1150084521L, -1306244790L, 
-2003803824L, -1057268266L, 1599158408L, 1486400309L, 461832125L, 
-435655059L, -133634234L, 436809179L, -520949518L, 821193525L, 
-1321652161L, 2095271528L, 152421386L, 1527456551L, -161678879L, 
626746259L, -463199334L, -443513446L, 1860191750L, -1480417715L, 
-932035827L, -241834063L, -2065949966L, -617349035L, -962092872L, 
1256240872L, -1202338589L, -1226838423L, 874323527L, -428562584L, 
209298973L, 777392871L, -754175706L, -1030260544L, 1974890373L, 
1011629957L, 1816115467L, -208445878L, 929260885L, -23724343L, 
1599033128L, -369674576L, -961525431L, -131570926L, -1810294051L, 
-2069527938L, 205969344L, -535003151L, -988481065L, -706335903L, 
-445436966L, 1966382021L, 160851135L, -615236444L, 1354273325L, 
-1552016195L, 1973164548L, 202742439L, -1221000916L, -1673466795L, 
1129819462L, -31210761L, 1749207508L, 760348568L, 649712847L, 
-980568122L, 265029802L, -742152904L, -196887825L, 1631092133L, 
201113812L, -941765644L, -230403705L, 1495358604L, 1178783272L, 
-572716120L, 2074609875L, 521102787L, -1397144819L, -1388625326L, 
-359291891L, 1545768673L, -458703456L, -1438804050L, 2048823492L, 
-1048420397L, 1323492848L, 1364963341L, 460508554L, -1974754334L, 
130491530L, 1888596882L, -816355479L, -464553978L, -533407632L, 
-735098457L, -786190389L, 950740277L, 652206284L, 2032948740L, 
2075275825L, -832731914L, -729997150L, -442482663L, 17407016L, 
-678411195L, -612735232L, 1541730509L, 1135644708L, -1434141554L, 
119252621L, -1607195872L, -2033715064L, -1636946556L, -1616913540L, 
1040999851L, 1153172269L, 1922532530L, -564047998L, -2055077786L, 
-846690322L, -929804507L, 1670377415L, -1207361652L, 24199355L, 
-1874348767L, 845283449L, 53926763L, -2023560904L, -750189379L, 
1675674143L, 438174664L, -2008356325L, 1683921717L, 2016087311L, 
-991488523L, -619813285L, 833137841L, -1594774821L, -1186288782L, 
-1596662201L, -687050171L, -1548839233L, 264388489L, 799913440L, 
-1900364241L, -642372310L, 2130360457L, 1617749907L, 1396163541L, 
642127453L, 478080254L, -1713836325L, 2145341629L, -313408453L, 
872033153L, -195003715L, -1121842998L, -1849276850L, 543205982L, 
1649004391L, 619327959L, 1768002135L, -1492148455L, 1247123914L, 
-1315179761L, 1853273472L, -1992454593L, 1129661896L, 1954309736L, 
-1757931477L, -1162432187L, -1724353254L, 1466521317L, 820134521L, 
253707772L, -585514642L, -1042169899L, -679457878L, -23618415L, 
304155271L, 966419395L, -1684170977L, -1028023337L, 2085988919L, 
1214187405L, 723438413L, 165504342L, -1688704161L, -1847574935L, 
-458854592L, -32035070L, -1093472005L, 2129783325L, 1785069506L, 
-1410144894L, 1094402812L, 592346937L, -771907871L, -1117808374L, 
927099688L, -428362328L, -191146869L, -256164534L, 381513996L, 
-715006038L, 239284561L, -1192884957L, -796669278L, 2098896206L, 
1915388242L, 514431358L, -1327905022L, 1024168296L, 761372265L, 
-2065154795L, 1469128488L, 1592194959L, 1721611593L, -2135954460L, 
-2012926794L, 1912603873L, -35271320L, -394542551L, -1435464264L, 
-1209498243L, 273338430L, -1070955625L, -986608501L, -1644601042L, 
1679829621L, 1281753863L, 179634257L, 702545987L, 1582920969L, 
2091978067L, 1902469964L, 297895278L, -1369703159L, 1165467782L, 
2078464311L, -368760844L, -16026708L, 116924560L, 1840856462L, 
1075016146L, -1724419463L, 1943748213L, -830199968L, -890916191L, 
-32058465L, -1305021095L, 5143269L, -2025158171L, -347467616L, 
1270849475L, 1377770311L, 2132194817L, 1996130591L, 1632798217L, 
-1312100765L, 9864955L, -1583684846L, -2134102958L, -532709322L, 
-1073323341L, 960983269L, -1100056838L, 1112743743L, 1656942786L, 
-494937215L, -285764535L, 368938492L, -216797931L, 1261462635L, 
-1285957269L, -1451955733L, -1374996188L, -644762893L, -1747694002L, 
1564068705L, -1383638572L, -123139061L, -438270199L, 1169886531L, 
-377127427L, 1826841335L, 1960363904L, -392686025L, 1461197433L, 
1018650763L, -816380634L, -1005158098L, 1303198708L, -558828540L, 
472317596L, 1504798934L, 1706226483L, 100959701L, -1176534466L, 
-1079908165L, 399870180L, -981284809L, -1806614208L, -383842522L, 
1870525536L, 778413353L, 549722823L, -1341047715L, -538459621L, 
-621158991L, -2069251260L, -1055229622L, 1613979745L, -686924054L, 
-227497752L, -769012730L, 296421861L, 2101951140L, -304356740L, 
-1265876469L, -1287693600L, 89405461L, 232013361L, 342264690L, 
-623874607L, 70426515L, -426600540L, -715310816L, 561904761L, 
-954059503L, -861350043L, 70115542L, 1278794601L, -1107691386L, 
