cushny <- c(0, 0.8, 1, 1.2, 1.3, 1.3, 1.4, 1.8, 2.4, 4.6)
