.Random.seed <-
c(403L, 170L, 1746260423L, -1901566266L, -1918631268L, -1968636826L, 
639674179L, 813926393L, 412804666L, -1391012602L, -1048500688L, 
-1330931956L, 1678804383L, -1642585961L, -1415021130L, 441722858L, 
-1455566755L, 1652014345L, -702096264L, 811027627L, 452455766L, 
1790276289L, -1334581648L, 1420512238L, -1745285713L, -488643347L, 
-1709953153L, 1725479124L, 241253761L, -114171106L, 847178287L, 
1593993519L, 2029671158L, -1235096044L, 1985402318L, -1787393563L, 
-1680863909L, 2020542424L, 245184383L, -1477846020L, 1671562563L, 
690778299L, -777177779L, 1412141564L, 503589738L, 715342743L, 
1408549322L, 163925615L, 1891521462L, 2145436891L, -658379859L, 
1930400428L, 304434064L, -712987057L, -1146256902L, -1936516649L, 
1601436747L, 2089913105L, -2080621499L, -1483037583L, 1631390649L, 
-552043337L, 1095199541L, 663126989L, 1121564123L, 585039679L, 
-2110009305L, 1335357708L, 45116703L, -943182213L, -2033895987L, 
-1730530071L, 1964175133L, 33906491L, -490645790L, -726690290L, 
85156389L, 779874485L, -312984029L, -2099562780L, 1658555332L, 
-1686664182L, -1128440145L, -1699878941L, 2076689622L, -1659442414L, 
991134234L, -829597358L, -454543763L, 840288830L, 195731436L, 
934706257L, 231820809L, 18506961L, -1652957045L, 1874808697L, 
-476364998L, -1760069838L, 1569352766L, 164419790L, -1910251063L, 
45870040L, -994036119L, 1880454320L, 1654583133L, 1885000575L, 
-472314717L, -167795395L, 1310657880L, -521200390L, -1498057252L, 
82060484L, 1601699232L, -1249127109L, -1162985419L, 1607345524L, 
-188182716L, -201544794L, 293577773L, -1849093131L, -446378616L, 
932184028L, -724974757L, 803624707L, -1871297417L, 235072418L, 
-722578514L, -1177811848L, -492181249L, 1507973700L, -588392482L, 
1356117813L, -2086719739L, 1413717023L, -1917388845L, 1233440527L, 
-1835795041L, 1226468499L, -664403014L, 1752617018L, -1843131672L, 
-432149613L, -1794132830L, -721188710L, -11334084L, 791162521L, 
-2044751910L, 691412693L, 2124008719L, 1928888755L, -340548875L, 
249315542L, 596981617L, -1643468970L, -1590303199L, 1582418761L, 
-698565623L, 827106043L, 1925614164L, -253031841L, -624935880L, 
-1425201515L, 1108356816L, -2112736645L, -968095403L, -2011097163L, 
45994295L, -272760420L, -511994188L, 1477944470L, -563428892L, 
-912160779L, 1284224921L, 1604512119L, 1622112523L, 2020463096L, 
-882085764L, 2005400553L, 1550840436L, 1599856083L, 621284346L, 
734185399L, 908185017L, 1462604649L, -522990938L, 489050512L, 
-1717897481L, -528739876L, 1211570908L, -1422115142L, -1056428844L, 
-1866553163L, -1582691199L, 1737189093L, -1283151699L, 684013584L, 
1667248582L, -845954161L, -733941008L, -1180848600L, 324713666L, 
-2019632195L, -342106330L, -1232490136L, -126450966L, 1945725765L, 
-978724861L, -2043443911L, -766106788L, -1293072098L, 16022438L, 
831471161L, -1527618724L, 1938734438L, 2007670352L, -194748659L, 
-1027406286L, -455089745L, -101738420L, 2038223654L, 2015833763L, 
202708633L, 1808611573L, -2134017616L, 1316142464L, 239992138L, 
-1804981255L, 399739564L, 1904594767L, -1324234085L, -378545289L, 
1248845092L, 2071185297L, -415417727L, -2020872789L, 760989099L, 
-1400702610L, -825475379L, 499542362L, -2137615686L, -139022047L, 
-1226847990L, 1941960613L, 266849351L, -1310752617L, -329223531L, 
-386565267L, -1936812661L, 580427682L, 1399841272L, 1143445906L, 
-1456276786L, 1298619787L, 2101778265L, 1831189552L, -1048859970L, 
2124886849L, -862342821L, -1397566948L, 1337032326L, 1069100528L, 
1079743889L, 478061525L, 192450100L, 1277486725L, -2095478418L, 
1763819221L, -85484505L, 1632067594L, -2035479134L, 867427911L, 
-865028589L, 1697646880L, -252847949L, -1671729716L, 119572894L, 
394271880L, -1488394676L, -616828102L, 487344229L, -1480762538L, 
1435163553L, -1068842329L, 1981096426L, 608132172L, 209780924L, 
-1333350400L, -2014433326L, 1812690278L, -2145255827L, -1303570647L, 
1579740748L, -1928514159L, -1208011853L, -832558405L, 2115288767L, 
1377260392L, 29545480L, 528503529L, 1987749304L, 707117119L, 
1151314074L, 158871612L, -1702082487L, 1514283579L, -1156137263L, 
-1703668064L, 1006305258L, 471266519L, 1163207036L, -596969982L, 
1639975603L, 605784818L, -913043216L, 232730577L, 573241412L, 
1366900362L, -1837972274L, -344773410L, -1088684863L, 1528732155L, 
-799680055L, -1891762377L, -434435986L, -41295431L, 1964399679L, 
-1971570826L, -1939456943L, -1122611877L, 353905551L, 884562963L, 
1132193985L, -1340255784L, 1502232276L, 494417905L, 733211041L, 
2456258L, -185635042L, -1455291623L, -1256344708L, 28164401L, 
-402153510L, -372402934L, 1500638289L, 487730013L, -2077899243L, 
-821550550L, 120244572L, 1242226963L, 1393035292L, -507153981L, 
1252458130L, -598548526L, -672898983L, 935507820L, -1498779224L, 
1233179364L, 712151230L, 1162831279L, -1468909615L, -959277660L, 
1888934134L, -2085139173L, -1735362772L, -1153904114L, 2010960259L, 
1574192147L, 1004705898L, -41764940L, 1729673067L, -1666764981L, 
716044667L, -1200597233L, -1622966960L, 81737820L, -1160132729L, 
45362433L, -624952651L, -1146855809L, 1041830846L, -1460927690L, 
-1068111232L, -1407108336L, 2133998536L, 2046749950L, -1988271730L, 
1992759925L, 1260932114L, 639249480L, 1648214013L, 1238875256L, 
-568070357L, 263996252L, 698278604L, -1064280145L, -275702007L, 
210156567L, -1625661889L, -1776231541L, -104699918L, 680867108L, 
155451009L, -150996774L, -1574886508L, 687370024L, 1461379188L, 
-1186252322L, -1734061788L, -298862679L, 682844995L, -1826174901L, 
1059886473L, -1546241444L, 116273633L, -746946050L, -131848061L, 
356879478L, 1997085602L, 1085597743L, 128018817L, 360129567L, 
502744066L, 566848653L, 1860254829L, 594540168L, 11156918L, -1194988711L, 
1137394570L, 2104179353L, -1072494020L, -335543005L, -1545537941L, 
-1621424732L, -1321039838L, 1605650804L, 1602144640L, -522053770L, 
-378966165L, -1684217306L, 990738805L, -749569652L, -1171413138L, 
1819048241L, 136475721L, 765777104L, -325062194L, 1005898542L, 
664251589L, -241529183L, 6495288L, 1490803129L, -351787974L, 
-883198620L, -2084077177L, -441241583L, -334379101L, -1384483468L, 
-819154584L, -1545077340L, -1919563145L, -1317904657L, 1003781199L, 
221284115L, -1435516636L, -992455486L, -217297125L, -1397931222L, 
111534079L, -631647694L, -539929848L, -1100772658L, -928633366L, 
-672424205L, 700896018L, 594776650L, 126080530L, -416600787L, 
2043838175L, 1447881922L, -887801302L, -2135143102L, 1070848117L, 
-699931537L, -1489627055L, 92047613L, 578685007L, 1230685471L, 
-630490509L, 767317624L, -1125939324L, 2094579896L, -1482315234L, 
-1319356927L, 117096937L, -1199639841L, -1704096002L, -155799381L, 
1543328351L, 123173482L, -1487163568L, -1248302545L, 1899280478L, 
1907594854L, 372207202L, 1892420495L, -1747453852L, -1414213131L, 
-884873508L, 503420796L, -1717296526L, 1787431289L, -498582054L, 
800054039L, 39781202L, 1772705192L, 53866997L, -841989804L, 504534374L, 
1143627642L, -967086305L, -2122425426L, 1668459057L, 1958866946L, 
1759701178L, -821406080L, -218516654L, -149456753L, -1346372070L, 
193134505L, -796162118L, -30557496L, -1584065953L, -241129974L, 
-34555547L, -2067969770L, 640501979L, -557028441L, 88443772L, 
-621054392L, -391379862L, 368519926L, 407460341L, 872834119L, 
-11217849L, -597550203L, -759046218L, -1251426920L, 1462593780L, 
-1933168039L, -1861566998L, -872261626L, -2134342754L, 1020899273L, 
1416164981L, 2067542749L, 211880801L, -443407144L, 86380321L, 
1020441518L, -1382800297L, 1106996794L, -1883358771L, -422250098L, 
236845867L, -1399472609L, 185816385L, -2032472215L, -1223651433L, 
1445276230L, 2109472841L, 1590933576L, 172099392L, -277253727L, 
1825699763L, -1038083383L, -1047893668L, 1442960664L, 3100731L, 
-2101947527L, -786253271L, 446452175L, 1818098424L, -1308950524L, 
1401030319L, 1934345336L, -559587116L, 15040067L, -7852497L, 
393404044L, 670303804L, 318536859L, -1824752958L, -1148235245L, 
1381158899L, 1172846018L, 1587815267L, 158377786L, 443961407L, 
733360587L, -1600170929L, 1183516801L, 1742510197L, -1820096475L, 
